datetime,adj close,close,high,low,open,volume,symbol,interval
1993-12-14 00:00:00+00:00,4.426336288452148,20.88321876525879,20.88321876525879,20.651182174682617,20.88321876525879,7717345.0,SPG,1d
1993-12-15 00:00:00+00:00,4.426336288452148,20.88321876525879,20.88321876525879,20.651182174682617,20.88321876525879,1833877.0,SPG,1d
1993-12-16 00:00:00+00:00,4.426336288452148,20.88321876525879,20.999237060546875,20.767200469970703,20.88321876525879,624688.0,SPG,1d
1993-12-17 00:00:00+00:00,4.401745319366455,20.767200469970703,20.88321876525879,20.767200469970703,20.88321876525879,490765.0,SPG,1d
1993-12-20 00:00:00+00:00,4.426336288452148,20.88321876525879,20.88321876525879,20.767200469970703,20.767200469970703,546144.0,SPG,1d
1993-12-21 00:00:00+00:00,4.401745319366455,20.767200469970703,20.88321876525879,20.651182174682617,20.767200469970703,311482.0,SPG,1d
1993-12-22 00:00:00+00:00,4.426336288452148,20.88321876525879,20.88321876525879,20.767200469970703,20.767200469970703,274958.0,SPG,1d
1993-12-23 00:00:00+00:00,4.426336288452148,20.88321876525879,20.88321876525879,20.767200469970703,20.88321876525879,147391.0,SPG,1d
1993-12-27 00:00:00+00:00,4.401745319366455,20.767200469970703,20.88321876525879,20.767200469970703,20.88321876525879,164307.0,SPG,1d
1993-12-28 00:00:00+00:00,4.426336288452148,20.88321876525879,20.88321876525879,20.767200469970703,20.767200469970703,283577.0,SPG,1d
1993-12-29 00:00:00+00:00,4.426336288452148,20.88321876525879,20.999237060546875,20.767200469970703,20.88321876525879,256534.0,SPG,1d
1993-12-30 00:00:00+00:00,4.426336288452148,20.88321876525879,20.999237060546875,20.88321876525879,20.999237060546875,153856.0,SPG,1d
1993-12-31 00:00:00+00:00,4.450925350189209,20.999237060546875,20.999237060546875,20.767200469970703,20.88321876525879,200939.0,SPG,1d
1994-01-03 00:00:00+00:00,4.426336288452148,20.88321876525879,20.999237060546875,20.88321876525879,20.88321876525879,312236.0,SPG,1d
1994-01-04 00:00:00+00:00,4.450925350189209,20.999237060546875,20.999237060546875,20.88321876525879,20.999237060546875,236494.0,SPG,1d
1994-01-05 00:00:00+00:00,4.426336288452148,20.88321876525879,21.11525535583496,20.88321876525879,20.88321876525879,240157.0,SPG,1d
1994-01-06 00:00:00+00:00,4.426336288452148,20.88321876525879,20.999237060546875,20.88321876525879,20.88321876525879,150623.0,SPG,1d
1994-01-07 00:00:00+00:00,4.47551965713501,21.11525535583496,21.11525535583496,20.88321876525879,20.999237060546875,312775.0,SPG,1d
1994-01-10 00:00:00+00:00,4.524698257446289,21.3472900390625,21.463308334350586,20.999237060546875,21.11525535583496,436247.0,SPG,1d
1994-01-11 00:00:00+00:00,4.57388162612915,21.579326629638672,21.81136131286621,21.231273651123047,21.231273651123047,514684.0,SPG,1d
1994-01-12 00:00:00+00:00,4.57388162612915,21.579326629638672,21.695344924926758,21.579326629638672,21.695344924926758,364276.0,SPG,1d
1994-01-13 00:00:00+00:00,4.647653579711914,21.927379608154297,21.927379608154297,21.579326629638672,21.579326629638672,420517.0,SPG,1d
1994-01-14 00:00:00+00:00,4.623064041137695,21.81136131286621,22.043397903442383,21.579326629638672,21.927379608154297,417177.0,SPG,1d
1994-01-17 00:00:00+00:00,4.623064041137695,21.81136131286621,21.927379608154297,21.695344924926758,21.927379608154297,165707.0,SPG,1d
1994-01-18 00:00:00+00:00,4.647653579711914,21.927379608154297,21.927379608154297,21.695344924926758,21.695344924926758,343482.0,SPG,1d
1994-01-19 00:00:00+00:00,4.623064041137695,21.81136131286621,21.81136131286621,21.695344924926758,21.81136131286621,256426.0,SPG,1d
1994-01-20 00:00:00+00:00,4.647653579711914,21.927379608154297,21.927379608154297,21.695344924926758,21.81136131286621,220548.0,SPG,1d
1994-01-21 00:00:00+00:00,4.647653579711914,21.927379608154297,22.043397903442383,21.695344924926758,21.81136131286621,252871.0,SPG,1d
1994-01-24 00:00:00+00:00,4.598471164703369,21.695344924926758,21.927379608154297,21.695344924926758,21.81136131286621,362875.0,SPG,1d
1994-01-25 00:00:00+00:00,4.647653579711914,21.927379608154297,21.927379608154297,21.579326629638672,21.579326629638672,267416.0,SPG,1d
1994-01-26 00:00:00+00:00,4.721423149108887,22.275432586669922,22.507469177246094,22.043397903442383,22.043397903442383,852886.0,SPG,1d
1994-01-27 00:00:00+00:00,4.819788455963135,22.739505767822266,22.85552215576172,22.275432586669922,22.391450881958008,593443.0,SPG,1d
1994-01-28 00:00:00+00:00,4.844380855560303,22.85552215576172,22.85552215576172,22.507469177246094,22.739505767822266,455210.0,SPG,1d
1994-01-31 00:00:00+00:00,4.819788455963135,22.739505767822266,22.85552215576172,22.62348747253418,22.85552215576172,377743.0,SPG,1d
1994-02-01 00:00:00+00:00,4.918151378631592,23.203577041625977,23.203577041625977,22.739505767822266,22.85552215576172,472125.0,SPG,1d
1994-02-02 00:00:00+00:00,4.893559455871582,23.08755874633789,23.203577041625977,22.971540451049805,23.203577041625977,236494.0,SPG,1d
1994-02-03 00:00:00+00:00,4.893559455871582,23.08755874633789,23.435611724853516,22.971540451049805,23.203577041625977,1557088.0,SPG,1d
1994-02-04 00:00:00+00:00,4.795197010040283,22.62348747253418,23.08755874633789,22.391450881958008,23.08755874633789,623719.0,SPG,1d
1994-02-07 00:00:00+00:00,4.819788455963135,22.739505767822266,22.85552215576172,22.391450881958008,22.62348747253418,437433.0,SPG,1d
1994-02-08 00:00:00+00:00,4.918151378631592,23.203577041625977,23.203577041625977,22.85552215576172,22.85552215576172,820671.0,SPG,1d
1994-02-09 00:00:00+00:00,4.8689703941345215,22.971540451049805,23.203577041625977,22.85552215576172,23.08755874633789,510051.0,SPG,1d
1994-02-10 00:00:00+00:00,4.844380855560303,22.85552215576172,23.08755874633789,22.507469177246094,22.971540451049805,1031307.0,SPG,1d
1994-02-11 00:00:00+00:00,4.96733283996582,23.435611724853516,23.5516300201416,22.971540451049805,22.971540451049805,284978.0,SPG,1d
1994-02-14 00:00:00+00:00,5.041108131408691,23.783666610717773,24.1317195892334,23.435611724853516,23.435611724853516,1028397.0,SPG,1d
1994-02-15 00:00:00+00:00,4.991926193237305,23.5516300201416,24.015701293945312,23.203577041625977,23.89968490600586,1524011.0,SPG,1d
1994-02-16 00:00:00+00:00,5.041108131408691,23.783666610717773,23.783666610717773,23.435611724853516,23.5516300201416,334000.0,SPG,1d
1994-02-17 00:00:00+00:00,5.0902886390686035,24.015701293945312,24.015701293945312,23.667648315429688,23.667648315429688,340249.0,SPG,1d
1994-02-18 00:00:00+00:00,5.0902886390686035,24.015701293945312,24.015701293945312,23.5516300201416,23.89968490600586,334970.0,SPG,1d
1994-02-22 00:00:00+00:00,5.114878177642822,24.1317195892334,24.247737884521484,23.89968490600586,23.89968490600586,277974.0,SPG,1d
1994-02-23 00:00:00+00:00,5.1886491775512695,24.479772567749023,24.479772567749023,24.015701293945312,24.247737884521484,407373.0,SPG,1d
1994-02-24 00:00:00+00:00,5.237831115722656,24.711809158325195,24.711809158325195,24.247737884521484,24.479772567749023,326243.0,SPG,1d
1994-02-25 00:00:00+00:00,5.213240623474121,24.59579086303711,24.711809158325195,24.363754272460938,24.59579086303711,279052.0,SPG,1d
1994-02-28 00:00:00+00:00,5.065696716308594,23.89968490600586,24.59579086303711,23.89968490600586,24.59579086303711,276251.0,SPG,1d
1994-03-01 00:00:00+00:00,5.139471054077148,24.247737884521484,24.363754272460938,23.667648315429688,23.667648315429688,600877.0,SPG,1d
1994-03-02 00:00:00+00:00,5.16405725479126,24.363754272460938,24.363754272460938,23.667648315429688,23.89968490600586,316007.0,SPG,1d
1994-03-03 00:00:00+00:00,5.114878177642822,24.1317195892334,24.479772567749023,23.89968490600586,24.479772567749023,367616.0,SPG,1d
1994-03-04 00:00:00+00:00,5.114878177642822,24.1317195892334,24.479772567749023,23.89968490600586,24.1317195892334,326566.0,SPG,1d
1994-03-07 00:00:00+00:00,5.213240623474121,24.59579086303711,24.59579086303711,24.1317195892334,24.1317195892334,288964.0,SPG,1d
1994-03-08 00:00:00+00:00,5.1886491775512695,24.479772567749023,24.59579086303711,24.479772567749023,24.59579086303711,241558.0,SPG,1d
1994-03-09 00:00:00+00:00,5.213240623474121,24.59579086303711,24.943845748901367,24.363754272460938,24.479772567749023,270756.0,SPG,1d
1994-03-10 00:00:00+00:00,5.213240623474121,24.59579086303711,25.05986213684082,24.59579086303711,24.711809158325195,349407.0,SPG,1d
1994-03-11 00:00:00+00:00,5.31160306930542,25.05986213684082,25.291898727416992,24.59579086303711,24.711809158325195,317623.0,SPG,1d
1994-03-14 00:00:00+00:00,5.336193084716797,25.175880432128906,25.291898727416992,24.943845748901367,25.05986213684082,227012.0,SPG,1d
1994-03-15 00:00:00+00:00,5.360784530639648,25.291898727416992,25.52393341064453,24.82782745361328,25.175880432128906,266338.0,SPG,1d
1994-03-16 00:00:00+00:00,5.409968852996826,25.52393341064453,25.87198829650879,25.291898727416992,25.52393341064453,243174.0,SPG,1d
1994-03-17 00:00:00+00:00,5.262424945831299,24.82782745361328,25.639951705932617,24.82782745361328,25.52393341064453,282500.0,SPG,1d
1994-03-18 00:00:00+00:00,5.434556484222412,25.639951705932617,25.639951705932617,24.82782745361328,24.82782745361328,282069.0,SPG,1d
1994-03-21 00:00:00+00:00,5.409968852996826,25.52393341064453,25.87198829650879,25.407915115356445,25.639951705932617,138772.0,SPG,1d
1994-03-22 00:00:00+00:00,5.512556552886963,25.52393341064453,25.52393341064453,24.943845748901367,25.52393341064453,213760.0,SPG,1d
1994-03-23 00:00:00+00:00,5.612783432006836,25.988006591796875,25.988006591796875,25.52393341064453,25.52393341064453,440665.0,SPG,1d
1994-03-24 00:00:00+00:00,5.562668800354004,25.755970001220703,25.988006591796875,25.407915115356445,25.988006591796875,181438.0,SPG,1d
1994-03-25 00:00:00+00:00,5.562668800354004,25.755970001220703,25.988006591796875,25.52393341064453,25.639951705932617,325165.0,SPG,1d
1994-03-28 00:00:00+00:00,5.337154865264893,24.711809158325195,25.639951705932617,24.711809158325195,25.639951705932617,212144.0,SPG,1d
1994-03-29 00:00:00+00:00,5.186814785003662,24.015701293945312,24.711809158325195,23.89968490600586,24.711809158325195,482792.0,SPG,1d
1994-03-30 00:00:00+00:00,5.186814785003662,24.015701293945312,24.015701293945312,22.275432586669922,23.435611724853516,314283.0,SPG,1d
1994-03-31 00:00:00+00:00,5.136699676513672,23.783666610717773,24.247737884521484,23.667648315429688,24.015701293945312,207942.0,SPG,1d
1994-04-04 00:00:00+00:00,5.01141357421875,23.203577041625977,24.015701293945312,21.927379608154297,22.275432586669922,224750.0,SPG,1d
1994-04-05 00:00:00+00:00,5.136699676513672,23.783666610717773,24.015701293945312,23.435611724853516,23.435611724853516,198676.0,SPG,1d
1994-04-06 00:00:00+00:00,5.211871147155762,24.1317195892334,24.363754272460938,23.5516300201416,24.015701293945312,320963.0,SPG,1d
1994-04-07 00:00:00+00:00,5.186814785003662,24.015701293945312,24.1317195892334,24.015701293945312,24.1317195892334,177559.0,SPG,1d
1994-04-08 00:00:00+00:00,5.186814785003662,24.015701293945312,24.1317195892334,23.89968490600586,24.1317195892334,116038.0,SPG,1d
1994-04-11 00:00:00+00:00,5.186814785003662,24.015701293945312,24.015701293945312,23.783666610717773,24.015701293945312,174219.0,SPG,1d
1994-04-12 00:00:00+00:00,5.186814785003662,24.015701293945312,24.015701293945312,23.783666610717773,24.015701293945312,153640.0,SPG,1d
1994-04-13 00:00:00+00:00,5.161754131317139,23.89968490600586,24.015701293945312,23.783666610717773,24.015701293945312,122179.0,SPG,1d
1994-04-14 00:00:00+00:00,5.261984348297119,24.363754272460938,24.363754272460938,23.89968490600586,24.015701293945312,173896.0,SPG,1d
1994-04-15 00:00:00+00:00,5.161754131317139,23.89968490600586,24.247737884521484,23.783666610717773,24.247737884521484,95890.0,SPG,1d
1994-04-18 00:00:00+00:00,5.211871147155762,24.1317195892334,24.247737884521484,23.783666610717773,24.015701293945312,83931.0,SPG,1d
1994-04-19 00:00:00+00:00,5.186814785003662,24.015701293945312,24.247737884521484,23.89968490600586,24.247737884521484,106018.0,SPG,1d
1994-04-20 00:00:00+00:00,5.161754131317139,23.89968490600586,24.1317195892334,23.783666610717773,24.1317195892334,78113.0,SPG,1d
1994-04-21 00:00:00+00:00,5.161754131317139,23.89968490600586,24.247737884521484,23.783666610717773,24.015701293945312,83069.0,SPG,1d
1994-04-22 00:00:00+00:00,5.111641883850098,23.667648315429688,24.247737884521484,23.5516300201416,24.015701293945312,152778.0,SPG,1d
1994-04-25 00:00:00+00:00,5.136699676513672,23.783666610717773,23.89968490600586,23.667648315429688,23.783666610717773,180683.0,SPG,1d
1994-04-26 00:00:00+00:00,5.136699676513672,23.783666610717773,24.015701293945312,23.783666610717773,23.89968490600586,148576.0,SPG,1d
1994-04-28 00:00:00+00:00,5.186814785003662,24.015701293945312,24.015701293945312,23.783666610717773,23.783666610717773,136617.0,SPG,1d
1994-04-29 00:00:00+00:00,5.362212181091309,24.82782745361328,24.82782745361328,23.89968490600586,24.015701293945312,148468.0,SPG,1d
1994-05-02 00:00:00+00:00,5.462442874908447,25.291898727416992,25.52393341064453,24.82782745361328,24.82782745361328,90611.0,SPG,1d
1994-05-03 00:00:00+00:00,5.362212181091309,24.82782745361328,25.407915115356445,24.711809158325195,25.291898727416992,117547.0,SPG,1d
1994-05-04 00:00:00+00:00,5.312098503112793,24.59579086303711,25.175880432128906,24.247737884521484,25.05986213684082,109897.0,SPG,1d
1994-05-05 00:00:00+00:00,5.462442874908447,25.291898727416992,25.291898727416992,24.59579086303711,24.59579086303711,155903.0,SPG,1d
1994-05-06 00:00:00+00:00,5.512556552886963,25.52393341064453,25.52393341064453,24.943845748901367,25.407915115356445,106449.0,SPG,1d
1994-05-09 00:00:00+00:00,5.512556552886963,25.52393341064453,25.87198829650879,24.943845748901367,25.52393341064453,95567.0,SPG,1d
1994-05-10 00:00:00+00:00,5.562668800354004,25.755970001220703,25.87198829650879,25.291898727416992,25.291898727416992,89103.0,SPG,1d
1994-05-11 00:00:00+00:00,5.412327289581299,25.05986213684082,25.755970001220703,25.05986213684082,25.755970001220703,111405.0,SPG,1d
1994-05-12 00:00:00+00:00,5.512556552886963,25.52393341064453,25.639951705932617,25.05986213684082,25.175880432128906,87056.0,SPG,1d
1994-05-13 00:00:00+00:00,5.462442874908447,25.291898727416992,25.755970001220703,24.943845748901367,25.755970001220703,70140.0,SPG,1d
1994-05-16 00:00:00+00:00,5.4874982833862305,25.407915115356445,25.407915115356445,25.175880432128906,25.175880432128906,158273.0,SPG,1d
1994-05-17 00:00:00+00:00,5.512556552886963,25.52393341064453,25.52393341064453,25.175880432128906,25.407915115356445,154933.0,SPG,1d
1994-05-18 00:00:00+00:00,5.512556552886963,25.52393341064453,25.639951705932617,25.175880432128906,25.52393341064453,168832.0,SPG,1d
1994-05-19 00:00:00+00:00,5.537613868713379,25.639951705932617,25.639951705932617,25.291898727416992,25.52393341064453,86301.0,SPG,1d
1994-05-20 00:00:00+00:00,5.512556552886963,25.52393341064453,25.639951705932617,25.407915115356445,25.407915115356445,95890.0,SPG,1d
1994-05-23 00:00:00+00:00,5.562668800354004,25.755970001220703,25.755970001220703,25.52393341064453,25.639951705932617,187256.0,SPG,1d
1994-05-24 00:00:00+00:00,5.562668800354004,25.755970001220703,25.87198829650879,25.52393341064453,25.87198829650879,203632.0,SPG,1d
1994-05-25 00:00:00+00:00,5.587728977203369,25.87198829650879,25.87198829650879,25.639951705932617,25.639951705932617,169586.0,SPG,1d
1994-05-26 00:00:00+00:00,5.537613868713379,25.639951705932617,25.755970001220703,25.52393341064453,25.755970001220703,179929.0,SPG,1d
1994-05-27 00:00:00+00:00,5.562668800354004,25.755970001220703,25.988006591796875,25.639951705932617,25.639951705932617,87702.0,SPG,1d
1994-05-31 00:00:00+00:00,5.4874982833862305,25.407915115356445,25.87198829650879,25.407915115356445,25.87198829650879,101708.0,SPG,1d
1994-06-01 00:00:00+00:00,5.462442874908447,25.291898727416992,25.639951705932617,25.175880432128906,25.639951705932617,110328.0,SPG,1d
1994-06-02 00:00:00+00:00,5.462442874908447,25.291898727416992,25.52393341064453,25.175880432128906,25.407915115356445,79298.0,SPG,1d
1994-06-03 00:00:00+00:00,5.512556552886963,25.52393341064453,25.52393341064453,25.175880432128906,25.52393341064453,48699.0,SPG,1d
1994-06-06 00:00:00+00:00,5.587728977203369,25.87198829650879,25.988006591796875,25.407915115356445,25.639951705932617,95998.0,SPG,1d
1994-06-07 00:00:00+00:00,5.612783432006836,25.988006591796875,25.988006591796875,25.755970001220703,25.87198829650879,87917.0,SPG,1d
1994-06-08 00:00:00+00:00,5.587728977203369,25.87198829650879,25.988006591796875,25.755970001220703,25.87198829650879,94705.0,SPG,1d
1994-06-09 00:00:00+00:00,5.512556552886963,25.52393341064453,25.988006591796875,25.52393341064453,25.87198829650879,161505.0,SPG,1d
1994-06-10 00:00:00+00:00,5.537613868713379,25.639951705932617,25.755970001220703,25.407915115356445,25.52393341064453,88672.0,SPG,1d
1994-06-13 00:00:00+00:00,5.612783432006836,25.988006591796875,25.988006591796875,25.52393341064453,25.639951705932617,76928.0,SPG,1d
1994-06-14 00:00:00+00:00,5.587728977203369,25.87198829650879,25.988006591796875,25.639951705932617,25.87198829650879,147391.0,SPG,1d
1994-06-15 00:00:00+00:00,5.537613868713379,25.639951705932617,25.988006591796875,25.639951705932617,25.87198829650879,125843.0,SPG,1d
1994-06-16 00:00:00+00:00,5.587728977203369,25.87198829650879,25.87198829650879,25.52393341064453,25.87198829650879,123257.0,SPG,1d
1994-06-17 00:00:00+00:00,5.612783432006836,25.988006591796875,25.988006591796875,25.755970001220703,25.87198829650879,161613.0,SPG,1d
1994-06-20 00:00:00+00:00,5.587728977203369,25.87198829650879,25.988006591796875,25.755970001220703,25.755970001220703,65507.0,SPG,1d
1994-06-21 00:00:00+00:00,5.612783432006836,25.988006591796875,25.988006591796875,25.639951705932617,25.87198829650879,88241.0,SPG,1d
1994-06-22 00:00:00+00:00,5.587728977203369,25.87198829650879,25.988006591796875,25.639951705932617,25.87198829650879,108173.0,SPG,1d
1994-06-23 00:00:00+00:00,5.512556552886963,25.52393341064453,25.87198829650879,25.52393341064453,25.87198829650879,112806.0,SPG,1d
1994-06-24 00:00:00+00:00,5.43738317489624,25.175880432128906,25.639951705932617,25.05986213684082,25.639951705932617,127351.0,SPG,1d
1994-06-27 00:00:00+00:00,5.43738317489624,25.175880432128906,25.52393341064453,25.05986213684082,25.175880432128906,83500.0,SPG,1d
1994-06-28 00:00:00+00:00,5.387267589569092,24.943845748901367,25.291898727416992,24.711809158325195,25.175880432128906,150731.0,SPG,1d
1994-06-29 00:00:00+00:00,5.389674186706543,24.479772567749023,24.59579086303711,24.015701293945312,24.363754272460938,74019.0,SPG,1d
1994-06-30 00:00:00+00:00,5.440761089324951,24.711809158325195,24.711809158325195,24.247737884521484,24.479772567749023,128213.0,SPG,1d
1994-07-01 00:00:00+00:00,5.364130020141602,24.363754272460938,24.711809158325195,24.247737884521484,24.711809158325195,103756.0,SPG,1d
1994-07-05 00:00:00+00:00,5.338590621948242,24.247737884521484,24.479772567749023,23.89968490600586,24.479772567749023,105156.0,SPG,1d
1994-07-06 00:00:00+00:00,5.261960029602051,23.89968490600586,24.247737884521484,23.783666610717773,24.247737884521484,329691.0,SPG,1d
1994-07-07 00:00:00+00:00,5.287500381469727,24.015701293945312,24.015701293945312,23.667648315429688,24.015701293945312,167431.0,SPG,1d
1994-07-08 00:00:00+00:00,5.313046932220459,24.1317195892334,24.1317195892334,23.89968490600586,24.015701293945312,70679.0,SPG,1d
1994-07-11 00:00:00+00:00,5.338590621948242,24.247737884521484,24.363754272460938,24.1317195892334,24.1317195892334,93520.0,SPG,1d
1994-07-12 00:00:00+00:00,5.364130020141602,24.363754272460938,24.59579086303711,23.89968490600586,24.1317195892334,264183.0,SPG,1d
1994-07-13 00:00:00+00:00,5.491850852966309,24.943845748901367,25.05986213684082,24.363754272460938,24.59579086303711,78759.0,SPG,1d
1994-07-14 00:00:00+00:00,5.46630859375,24.82782745361328,25.175880432128906,24.59579086303711,24.943845748901367,239403.0,SPG,1d
1994-07-15 00:00:00+00:00,5.542936325073242,25.175880432128906,25.175880432128906,24.943845748901367,25.05986213684082,295536.0,SPG,1d
1994-07-18 00:00:00+00:00,5.670655250549316,25.755970001220703,25.87198829650879,25.291898727416992,25.407915115356445,110436.0,SPG,1d
1994-07-19 00:00:00+00:00,5.61956787109375,25.52393341064453,25.755970001220703,25.407915115356445,25.639951705932617,164738.0,SPG,1d
1994-07-20 00:00:00+00:00,5.6451096534729,25.639951705932617,25.755970001220703,25.52393341064453,25.639951705932617,113668.0,SPG,1d
1994-07-21 00:00:00+00:00,5.568480491638184,25.291898727416992,25.639951705932617,25.175880432128906,25.639951705932617,75635.0,SPG,1d
1994-07-22 00:00:00+00:00,5.440761089324951,24.711809158325195,25.52393341064453,24.479772567749023,25.291898727416992,64537.0,SPG,1d
1994-07-25 00:00:00+00:00,5.491850852966309,24.943845748901367,25.05986213684082,24.59579086303711,24.59579086303711,33077.0,SPG,1d
1994-07-26 00:00:00+00:00,5.440761089324951,24.711809158325195,24.943845748901367,24.711809158325195,24.943845748901367,59474.0,SPG,1d
1994-07-27 00:00:00+00:00,5.389674186706543,24.479772567749023,24.943845748901367,24.479772567749023,24.943845748901367,57965.0,SPG,1d
1994-07-28 00:00:00+00:00,5.41521692276001,24.59579086303711,24.711809158325195,24.247737884521484,24.59579086303711,64645.0,SPG,1d
1994-07-29 00:00:00+00:00,5.440761089324951,24.711809158325195,24.711809158325195,24.247737884521484,24.59579086303711,109250.0,SPG,1d
1994-08-01 00:00:00+00:00,5.440761089324951,24.711809158325195,24.711809158325195,24.247737884521484,24.711809158325195,147391.0,SPG,1d
1994-08-02 00:00:00+00:00,5.364130020141602,24.363754272460938,24.711809158325195,24.247737884521484,24.711809158325195,56026.0,SPG,1d
1994-08-03 00:00:00+00:00,5.364130020141602,24.363754272460938,24.59579086303711,24.1317195892334,24.479772567749023,70248.0,SPG,1d
1994-08-04 00:00:00+00:00,5.389674186706543,24.479772567749023,24.59579086303711,24.1317195892334,24.247737884521484,43959.0,SPG,1d
1994-08-05 00:00:00+00:00,5.389674186706543,24.479772567749023,24.59579086303711,24.247737884521484,24.59579086303711,36094.0,SPG,1d
1994-08-08 00:00:00+00:00,5.440761089324951,24.711809158325195,24.943845748901367,24.247737884521484,24.479772567749023,37925.0,SPG,1d
1994-08-09 00:00:00+00:00,5.41521692276001,24.59579086303711,24.943845748901367,24.479772567749023,24.711809158325195,31784.0,SPG,1d
1994-08-10 00:00:00+00:00,5.389674186706543,24.479772567749023,24.711809158325195,24.247737884521484,24.711809158325195,63460.0,SPG,1d
1994-08-11 00:00:00+00:00,5.364130020141602,24.363754272460938,24.479772567749023,24.247737884521484,24.479772567749023,69386.0,SPG,1d
1994-08-12 00:00:00+00:00,5.338590621948242,24.247737884521484,24.479772567749023,24.1317195892334,24.479772567749023,35447.0,SPG,1d
1994-08-15 00:00:00+00:00,5.287500381469727,24.015701293945312,24.363754272460938,23.435611724853516,24.363754272460938,43420.0,SPG,1d
1994-08-16 00:00:00+00:00,5.210869789123535,23.667648315429688,24.1317195892334,23.667648315429688,24.015701293945312,119055.0,SPG,1d
1994-08-17 00:00:00+00:00,5.261960029602051,23.89968490600586,23.89968490600586,23.667648315429688,23.783666610717773,59258.0,SPG,1d
1994-08-18 00:00:00+00:00,5.287500381469727,24.015701293945312,24.015701293945312,23.783666610717773,23.89968490600586,94382.0,SPG,1d
1994-08-19 00:00:00+00:00,5.287500381469727,24.015701293945312,24.015701293945312,23.89968490600586,24.015701293945312,74881.0,SPG,1d
1994-08-22 00:00:00+00:00,5.287500381469727,24.015701293945312,24.1317195892334,23.783666610717773,24.1317195892334,86840.0,SPG,1d
1994-08-23 00:00:00+00:00,5.287500381469727,24.015701293945312,24.247737884521484,23.89968490600586,24.015701293945312,86625.0,SPG,1d
1994-08-24 00:00:00+00:00,5.338590621948242,24.247737884521484,24.479772567749023,24.1317195892334,24.1317195892334,87379.0,SPG,1d
1994-08-25 00:00:00+00:00,5.313046932220459,24.1317195892334,24.479772567749023,24.1317195892334,24.247737884521484,108712.0,SPG,1d
1994-08-26 00:00:00+00:00,5.287500381469727,24.015701293945312,24.247737884521484,24.015701293945312,24.247737884521484,110759.0,SPG,1d
1994-08-29 00:00:00+00:00,5.338590621948242,24.247737884521484,24.247737884521484,24.015701293945312,24.247737884521484,44066.0,SPG,1d
1994-08-30 00:00:00+00:00,5.364130020141602,24.363754272460938,24.479772567749023,24.015701293945312,24.247737884521484,53871.0,SPG,1d
1994-08-31 00:00:00+00:00,5.389674186706543,24.479772567749023,24.479772567749023,24.247737884521484,24.479772567749023,48376.0,SPG,1d
1994-09-01 00:00:00+00:00,5.338590621948242,24.247737884521484,24.479772567749023,24.1317195892334,24.479772567749023,51608.0,SPG,1d
1994-09-02 00:00:00+00:00,5.338590621948242,24.247737884521484,24.247737884521484,24.015701293945312,24.015701293945312,140496.0,SPG,1d
1994-09-06 00:00:00+00:00,5.313046932220459,24.1317195892334,24.247737884521484,24.015701293945312,24.247737884521484,65830.0,SPG,1d
1994-09-07 00:00:00+00:00,5.313046932220459,24.1317195892334,24.247737884521484,24.015701293945312,24.1317195892334,302971.0,SPG,1d
1994-09-08 00:00:00+00:00,5.364130020141602,24.363754272460938,24.479772567749023,24.015701293945312,24.1317195892334,75096.0,SPG,1d
1994-09-09 00:00:00+00:00,5.313046932220459,24.1317195892334,24.363754272460938,24.015701293945312,24.363754272460938,94705.0,SPG,1d
1994-09-12 00:00:00+00:00,5.210869789123535,23.667648315429688,24.1317195892334,23.435611724853516,24.1317195892334,416531.0,SPG,1d
1994-09-13 00:00:00+00:00,5.261960029602051,23.89968490600586,23.89968490600586,23.667648315429688,23.89968490600586,53117.0,SPG,1d
1994-09-14 00:00:00+00:00,5.210869789123535,23.667648315429688,23.89968490600586,23.31959342956543,23.89968490600586,401770.0,SPG,1d
1994-09-15 00:00:00+00:00,5.236415386199951,23.783666610717773,23.783666610717773,23.435611724853516,23.667648315429688,167431.0,SPG,1d
1994-09-16 00:00:00+00:00,5.210869789123535,23.667648315429688,23.783666610717773,23.435611724853516,23.783666610717773,59581.0,SPG,1d
1994-09-19 00:00:00+00:00,5.185330390930176,23.5516300201416,23.667648315429688,23.435611724853516,23.667648315429688,57642.0,SPG,1d
1994-09-20 00:00:00+00:00,5.134237766265869,23.31959342956543,23.667648315429688,23.31959342956543,23.5516300201416,60228.0,SPG,1d
1994-09-21 00:00:00+00:00,5.159787178039551,23.435611724853516,23.435611724853516,23.31959342956543,23.435611724853516,40511.0,SPG,1d
1994-09-22 00:00:00+00:00,5.185330390930176,23.5516300201416,23.783666610717773,23.435611724853516,23.435611724853516,132307.0,SPG,1d
1994-09-23 00:00:00+00:00,5.261960029602051,23.89968490600586,23.89968490600586,23.435611724853516,23.5516300201416,144698.0,SPG,1d
1994-09-26 00:00:00+00:00,5.261960029602051,23.89968490600586,23.89968490600586,23.667648315429688,23.89968490600586,147176.0,SPG,1d
1994-09-27 00:00:00+00:00,5.313046932220459,24.1317195892334,24.247737884521484,23.783666610717773,23.89968490600586,199646.0,SPG,1d
1994-09-28 00:00:00+00:00,5.313046932220459,24.1317195892334,24.1317195892334,24.015701293945312,24.1317195892334,196629.0,SPG,1d
1994-09-29 00:00:00+00:00,5.341557025909424,23.783666610717773,24.015701293945312,23.667648315429688,23.89968490600586,105910.0,SPG,1d
1994-09-30 00:00:00+00:00,5.341557025909424,23.783666610717773,24.015701293945312,23.5516300201416,23.89968490600586,65292.0,SPG,1d
1994-10-03 00:00:00+00:00,5.315496921539307,23.667648315429688,23.89968490600586,23.5516300201416,23.783666610717773,41373.0,SPG,1d
1994-10-04 00:00:00+00:00,5.263389587402344,23.435611724853516,23.783666610717773,23.31959342956543,23.783666610717773,39003.0,SPG,1d
1994-10-05 00:00:00+00:00,5.237330913543701,23.31959342956543,23.5516300201416,23.31959342956543,23.435611724853516,59689.0,SPG,1d
1994-10-06 00:00:00+00:00,5.1331071853637695,22.85552215576172,23.435611724853516,22.739505767822266,23.435611724853516,54948.0,SPG,1d
1994-10-07 00:00:00+00:00,5.15916109085083,22.971540451049805,22.971540451049805,22.62348747253418,22.971540451049805,79837.0,SPG,1d
1994-10-10 00:00:00+00:00,5.211274147033691,23.203577041625977,23.203577041625977,22.85552215576172,22.971540451049805,39218.0,SPG,1d
1994-10-11 00:00:00+00:00,5.211274147033691,23.203577041625977,23.31959342956543,22.971540451049805,23.203577041625977,61090.0,SPG,1d
1994-10-12 00:00:00+00:00,5.211274147033691,23.203577041625977,23.435611724853516,22.971540451049805,23.203577041625977,86625.0,SPG,1d
1994-10-13 00:00:00+00:00,5.237330913543701,23.31959342956543,23.667648315429688,23.203577041625977,23.667648315429688,48484.0,SPG,1d
1994-10-14 00:00:00+00:00,5.263389587402344,23.435611724853516,23.5516300201416,23.203577041625977,23.5516300201416,57750.0,SPG,1d
1994-10-17 00:00:00+00:00,5.263389587402344,23.435611724853516,23.5516300201416,23.31959342956543,23.435611724853516,55703.0,SPG,1d
1994-10-18 00:00:00+00:00,5.237330913543701,23.31959342956543,23.5516300201416,23.203577041625977,23.5516300201416,77036.0,SPG,1d
1994-10-19 00:00:00+00:00,5.237330913543701,23.31959342956543,23.31959342956543,22.971540451049805,23.31959342956543,32969.0,SPG,1d
1994-10-20 00:00:00+00:00,5.185219764709473,23.08755874633789,23.31959342956543,22.85552215576172,23.31959342956543,80052.0,SPG,1d
1994-10-21 00:00:00+00:00,5.15916109085083,22.971540451049805,23.31959342956543,22.85552215576172,23.31959342956543,71110.0,SPG,1d
1994-10-24 00:00:00+00:00,5.054935932159424,22.507469177246094,23.08755874633789,22.507469177246094,23.08755874633789,65507.0,SPG,1d
1994-10-25 00:00:00+00:00,5.107051372528076,22.739505767822266,22.85552215576172,22.391450881958008,22.507469177246094,38679.0,SPG,1d
1994-10-26 00:00:00+00:00,5.054935932159424,22.507469177246094,22.739505767822266,22.15941619873047,22.739505767822266,79945.0,SPG,1d
1994-10-27 00:00:00+00:00,4.950711250305176,22.043397903442383,22.739505767822266,21.927379608154297,22.507469177246094,62383.0,SPG,1d
1994-10-28 00:00:00+00:00,5.002823352813721,22.275432586669922,22.507469177246094,22.043397903442383,22.275432586669922,72834.0,SPG,1d
1994-10-31 00:00:00+00:00,4.976765155792236,22.15941619873047,22.507469177246094,21.579326629638672,22.507469177246094,170448.0,SPG,1d
1994-11-01 00:00:00+00:00,4.976765155792236,22.15941619873047,22.275432586669922,21.695344924926758,21.927379608154297,210097.0,SPG,1d
1994-11-02 00:00:00+00:00,4.924655437469482,21.927379608154297,22.275432586669922,21.579326629638672,21.927379608154297,337771.0,SPG,1d
1994-11-03 00:00:00+00:00,4.8986005783081055,21.81136131286621,22.043397903442383,21.695344924926758,21.927379608154297,107527.0,SPG,1d
1994-11-04 00:00:00+00:00,4.872541427612305,21.695344924926758,21.927379608154297,21.579326629638672,21.927379608154297,50639.0,SPG,1d
1994-11-07 00:00:00+00:00,4.8986005783081055,21.81136131286621,21.927379608154297,21.695344924926758,21.695344924926758,52147.0,SPG,1d
1994-11-08 00:00:00+00:00,4.846485614776611,21.579326629638672,21.927379608154297,21.579326629638672,21.81136131286621,108065.0,SPG,1d
1994-11-09 00:00:00+00:00,4.872541427612305,21.695344924926758,21.81136131286621,21.695344924926758,21.695344924926758,92012.0,SPG,1d
1994-11-10 00:00:00+00:00,4.820428848266602,21.463308334350586,21.695344924926758,21.3472900390625,21.695344924926758,154287.0,SPG,1d
1994-11-11 00:00:00+00:00,4.820428848266602,21.463308334350586,21.463308334350586,21.11525535583496,21.3472900390625,154394.0,SPG,1d
1994-11-14 00:00:00+00:00,4.794375896453857,21.3472900390625,21.695344924926758,21.3472900390625,21.695344924926758,64430.0,SPG,1d
1994-11-15 00:00:00+00:00,4.794375896453857,21.3472900390625,21.3472900390625,21.11525535583496,21.231273651123047,127351.0,SPG,1d
1994-11-16 00:00:00+00:00,4.820428848266602,21.463308334350586,21.579326629638672,21.3472900390625,21.579326629638672,433985.0,SPG,1d
1994-11-17 00:00:00+00:00,4.820428848266602,21.463308334350586,21.579326629638672,21.3472900390625,21.579326629638672,95567.0,SPG,1d
1994-11-18 00:00:00+00:00,4.846485614776611,21.579326629638672,21.579326629638672,21.3472900390625,21.463308334350586,376127.0,SPG,1d
1994-11-21 00:00:00+00:00,4.820428848266602,21.463308334350586,21.579326629638672,21.3472900390625,21.579326629638672,58935.0,SPG,1d
1994-11-22 00:00:00+00:00,4.820428848266602,21.463308334350586,21.463308334350586,21.11525535583496,21.463308334350586,139741.0,SPG,1d
1994-11-23 00:00:00+00:00,4.820428848266602,21.463308334350586,21.695344924926758,21.3472900390625,21.463308334350586,35339.0,SPG,1d
1994-11-25 00:00:00+00:00,4.924655437469482,21.927379608154297,21.927379608154297,21.463308334350586,21.463308334350586,25643.0,SPG,1d
1994-11-28 00:00:00+00:00,4.924655437469482,21.927379608154297,22.043397903442383,21.81136131286621,22.043397903442383,116792.0,SPG,1d
1994-11-29 00:00:00+00:00,4.924655437469482,21.927379608154297,21.927379608154297,21.695344924926758,21.927379608154297,60228.0,SPG,1d
1994-11-30 00:00:00+00:00,4.924655437469482,21.927379608154297,21.927379608154297,21.81136131286621,21.81136131286621,36740.0,SPG,1d
1994-12-01 00:00:00+00:00,4.924655437469482,21.927379608154297,22.15941619873047,21.927379608154297,21.927379608154297,70032.0,SPG,1d
1994-12-02 00:00:00+00:00,4.8986005783081055,21.81136131286621,21.927379608154297,21.695344924926758,21.81136131286621,137910.0,SPG,1d
1994-12-05 00:00:00+00:00,4.8986005783081055,21.81136131286621,21.927379608154297,21.695344924926758,21.81136131286621,109035.0,SPG,1d
1994-12-06 00:00:00+00:00,4.924655437469482,21.927379608154297,21.927379608154297,21.695344924926758,21.927379608154297,100308.0,SPG,1d
1994-12-07 00:00:00+00:00,4.872541427612305,21.695344924926758,21.927379608154297,21.579326629638672,21.695344924926758,78005.0,SPG,1d
1994-12-08 00:00:00+00:00,4.794375896453857,21.3472900390625,21.81136131286621,21.11525535583496,21.81136131286621,102355.0,SPG,1d
1994-12-09 00:00:00+00:00,4.7683186531066895,21.231273651123047,21.579326629638672,21.231273651123047,21.231273651123047,61844.0,SPG,1d
1994-12-12 00:00:00+00:00,4.872541427612305,21.695344924926758,21.81136131286621,21.3472900390625,21.3472900390625,62167.0,SPG,1d
1994-12-13 00:00:00+00:00,4.924655437469482,21.927379608154297,22.507469177246094,21.81136131286621,21.81136131286621,98584.0,SPG,1d
1994-12-14 00:00:00+00:00,5.028881549835205,22.391450881958008,22.62348747253418,22.043397903442383,22.043397903442383,196629.0,SPG,1d
1994-12-15 00:00:00+00:00,5.080990791320801,22.62348747253418,22.62348747253418,22.391450881958008,22.391450881958008,192212.0,SPG,1d
1994-12-16 00:00:00+00:00,5.185219764709473,23.08755874633789,23.203577041625977,22.739505767822266,22.739505767822266,90072.0,SPG,1d
1994-12-19 00:00:00+00:00,5.237330913543701,23.31959342956543,23.667648315429688,23.08755874633789,23.203577041625977,117116.0,SPG,1d
1994-12-20 00:00:00+00:00,5.211274147033691,23.203577041625977,23.5516300201416,22.971540451049805,23.5516300201416,86301.0,SPG,1d
1994-12-21 00:00:00+00:00,5.211274147033691,23.203577041625977,23.435611724853516,22.971540451049805,23.203577041625977,113021.0,SPG,1d
1994-12-22 00:00:00+00:00,5.211274147033691,23.203577041625977,23.203577041625977,22.85552215576172,22.971540451049805,48053.0,SPG,1d
1994-12-23 00:00:00+00:00,5.054935932159424,22.507469177246094,23.203577041625977,22.275432586669922,23.203577041625977,76066.0,SPG,1d
1994-12-27 00:00:00+00:00,5.107051372528076,22.739505767822266,22.971540451049805,21.81136131286621,22.62348747253418,70463.0,SPG,1d
1994-12-28 00:00:00+00:00,5.162780284881592,22.507469177246094,22.739505767822266,22.275432586669922,22.507469177246094,45036.0,SPG,1d
1994-12-29 00:00:00+00:00,5.162780284881592,22.507469177246094,22.62348747253418,21.695344924926758,22.62348747253418,32323.0,SPG,1d
1994-12-30 00:00:00+00:00,5.162780284881592,22.507469177246094,22.62348747253418,22.275432586669922,22.62348747253418,111836.0,SPG,1d
1995-01-03 00:00:00+00:00,5.295843124389648,23.08755874633789,23.203577041625977,22.507469177246094,22.507469177246094,30060.0,SPG,1d
1995-01-04 00:00:00+00:00,5.295843124389648,23.08755874633789,23.31959342956543,22.971540451049805,22.971540451049805,34477.0,SPG,1d
1995-01-05 00:00:00+00:00,5.34906530380249,23.31959342956543,23.31959342956543,23.08755874633789,23.08755874633789,31676.0,SPG,1d
1995-01-06 00:00:00+00:00,5.242618560791016,22.85552215576172,23.31959342956543,22.62348747253418,23.203577041625977,134785.0,SPG,1d
1995-01-09 00:00:00+00:00,5.269228935241699,22.971540451049805,23.08755874633789,22.507469177246094,22.739505767822266,44066.0,SPG,1d
1995-01-10 00:00:00+00:00,5.162780284881592,22.507469177246094,22.971540451049805,22.507469177246094,22.739505767822266,38787.0,SPG,1d
1995-01-11 00:00:00+00:00,5.003108501434326,21.81136131286621,22.62348747253418,21.695344924926758,22.62348747253418,287348.0,SPG,1d
1995-01-12 00:00:00+00:00,5.082941055297852,22.15941619873047,22.391450881958008,21.81136131286621,21.81136131286621,38248.0,SPG,1d
1995-01-13 00:00:00+00:00,5.109555721282959,22.275432586669922,22.391450881958008,21.579326629638672,22.391450881958008,61197.0,SPG,1d
1995-01-16 00:00:00+00:00,5.109555721282959,22.275432586669922,22.391450881958008,22.043397903442383,22.043397903442383,65615.0,SPG,1d
1995-01-17 00:00:00+00:00,5.082941055297852,22.15941619873047,22.275432586669922,22.043397903442383,22.15941619873047,65076.0,SPG,1d
1995-01-18 00:00:00+00:00,5.082941055297852,22.15941619873047,22.275432586669922,22.043397903442383,22.275432586669922,37063.0,SPG,1d
1995-01-19 00:00:00+00:00,5.109555721282959,22.275432586669922,22.391450881958008,22.15941619873047,22.275432586669922,53332.0,SPG,1d
1995-01-20 00:00:00+00:00,5.082941055297852,22.15941619873047,22.275432586669922,22.043397903442383,22.15941619873047,44497.0,SPG,1d
1995-01-23 00:00:00+00:00,5.003108501434326,21.81136131286621,22.275432586669922,21.579326629638672,22.275432586669922,39649.0,SPG,1d
1995-01-24 00:00:00+00:00,5.056331634521484,22.043397903442383,22.275432586669922,21.927379608154297,22.043397903442383,114961.0,SPG,1d
1995-01-25 00:00:00+00:00,5.003108501434326,21.81136131286621,22.043397903442383,21.695344924926758,22.043397903442383,68201.0,SPG,1d
1995-01-26 00:00:00+00:00,5.029719829559326,21.927379608154297,21.927379608154297,21.579326629638672,21.579326629638672,35232.0,SPG,1d
1995-01-27 00:00:00+00:00,5.029719829559326,21.927379608154297,22.043397903442383,21.81136131286621,22.043397903442383,52470.0,SPG,1d
1995-01-30 00:00:00+00:00,4.976492881774902,21.695344924926758,22.15941619873047,21.579326629638672,22.15941619873047,56672.0,SPG,1d
1995-01-31 00:00:00+00:00,4.976492881774902,21.695344924926758,21.927379608154297,21.695344924926758,21.927379608154297,35770.0,SPG,1d
1995-02-01 00:00:00+00:00,4.870047092437744,21.231273651123047,21.695344924926758,20.88321876525879,21.579326629638672,120671.0,SPG,1d
1995-02-02 00:00:00+00:00,4.870047092437744,21.231273651123047,21.3472900390625,21.11525535583496,21.231273651123047,113452.0,SPG,1d
1995-02-03 00:00:00+00:00,4.870047092437744,21.231273651123047,21.463308334350586,21.11525535583496,21.463308334350586,112806.0,SPG,1d
1995-02-06 00:00:00+00:00,4.870047092437744,21.231273651123047,21.463308334350586,21.11525535583496,21.463308334350586,144374.0,SPG,1d
1995-02-07 00:00:00+00:00,4.923269748687744,21.463308334350586,21.463308334350586,21.11525535583496,21.3472900390625,102463.0,SPG,1d
1995-02-08 00:00:00+00:00,4.976492881774902,21.695344924926758,22.043397903442383,21.463308334350586,21.463308334350586,113668.0,SPG,1d
1995-02-09 00:00:00+00:00,5.003108501434326,21.81136131286621,21.927379608154297,21.695344924926758,21.81136131286621,113883.0,SPG,1d
1995-02-10 00:00:00+00:00,5.003108501434326,21.81136131286621,22.043397903442383,21.3472900390625,21.927379608154297,140280.0,SPG,1d
1995-02-13 00:00:00+00:00,4.976492881774902,21.695344924926758,21.927379608154297,21.695344924926758,21.927379608154297,77467.0,SPG,1d
1995-02-14 00:00:00+00:00,5.003108501434326,21.81136131286621,21.927379608154297,21.579326629638672,21.927379608154297,61736.0,SPG,1d
1995-02-15 00:00:00+00:00,4.976492881774902,21.695344924926758,21.927379608154297,21.463308334350586,21.927379608154297,79298.0,SPG,1d
1995-02-16 00:00:00+00:00,5.003108501434326,21.81136131286621,21.927379608154297,21.695344924926758,21.81136131286621,94274.0,SPG,1d
1995-02-17 00:00:00+00:00,5.003108501434326,21.81136131286621,21.927379608154297,21.695344924926758,21.81136131286621,74019.0,SPG,1d
1995-02-21 00:00:00+00:00,5.056331634521484,22.043397903442383,22.15941619873047,21.81136131286621,21.927379608154297,61521.0,SPG,1d
1995-02-22 00:00:00+00:00,5.109555721282959,22.275432586669922,22.275432586669922,21.927379608154297,22.043397903442383,122287.0,SPG,1d
1995-02-23 00:00:00+00:00,5.109555721282959,22.275432586669922,22.507469177246094,22.15941619873047,22.275432586669922,189410.0,SPG,1d
1995-02-24 00:00:00+00:00,5.216008186340332,22.739505767822266,22.971540451049805,22.275432586669922,22.391450881958008,65938.0,SPG,1d
1995-02-27 00:00:00+00:00,5.18939208984375,22.62348747253418,22.85552215576172,22.507469177246094,22.62348747253418,72510.0,SPG,1d
1995-02-28 00:00:00+00:00,5.18939208984375,22.62348747253418,22.739505767822266,22.391450881958008,22.62348747253418,75312.0,SPG,1d
1995-03-01 00:00:00+00:00,5.269228935241699,22.971540451049805,23.08755874633789,22.507469177246094,22.62348747253418,82638.0,SPG,1d
1995-03-02 00:00:00+00:00,5.216008186340332,22.739505767822266,23.08755874633789,22.15941619873047,23.08755874633789,241234.0,SPG,1d
1995-03-03 00:00:00+00:00,5.18939208984375,22.62348747253418,22.739505767822266,22.507469177246094,22.739505767822266,340680.0,SPG,1d
1995-03-06 00:00:00+00:00,5.242618560791016,22.85552215576172,22.85552215576172,22.62348747253418,22.62348747253418,79837.0,SPG,1d
1995-03-07 00:00:00+00:00,5.269228935241699,22.971540451049805,22.971540451049805,22.62348747253418,22.85552215576172,72834.0,SPG,1d
1995-03-08 00:00:00+00:00,5.269228935241699,22.971540451049805,23.203577041625977,22.739505767822266,23.08755874633789,124442.0,SPG,1d
1995-03-09 00:00:00+00:00,5.295843124389648,23.08755874633789,23.31959342956543,23.08755874633789,23.08755874633789,47083.0,SPG,1d
1995-03-10 00:00:00+00:00,5.216008186340332,22.739505767822266,23.203577041625977,22.391450881958008,23.08755874633789,122395.0,SPG,1d
1995-03-13 00:00:00+00:00,5.216008186340332,22.739505767822266,22.85552215576172,22.739505767822266,22.85552215576172,53225.0,SPG,1d
1995-03-14 00:00:00+00:00,5.322453498840332,23.203577041625977,23.31959342956543,22.85552215576172,22.971540451049805,98584.0,SPG,1d
1995-03-15 00:00:00+00:00,5.455516815185547,23.783666610717773,23.89968490600586,23.08755874633789,23.203577041625977,88025.0,SPG,1d
1995-03-16 00:00:00+00:00,5.402291297912598,23.5516300201416,23.783666610717773,23.31959342956543,23.667648315429688,141142.0,SPG,1d
1995-03-17 00:00:00+00:00,5.402291297912598,23.5516300201416,23.5516300201416,23.435611724853516,23.5516300201416,83069.0,SPG,1d
1995-03-20 00:00:00+00:00,5.428898334503174,23.667648315429688,24.1317195892334,23.435611724853516,23.5516300201416,102786.0,SPG,1d
1995-03-21 00:00:00+00:00,5.375679969787598,23.435611724853516,23.783666610717773,23.435611724853516,23.667648315429688,88995.0,SPG,1d
1995-03-22 00:00:00+00:00,5.322453498840332,23.203577041625977,23.435611724853516,22.971540451049805,23.435611724853516,57965.0,SPG,1d
1995-03-23 00:00:00+00:00,5.375679969787598,23.435611724853516,23.667648315429688,23.31959342956543,23.435611724853516,50423.0,SPG,1d
1995-03-24 00:00:00+00:00,5.375679969787598,23.435611724853516,23.435611724853516,23.31959342956543,23.31959342956543,54194.0,SPG,1d
1995-03-27 00:00:00+00:00,5.322453498840332,23.203577041625977,23.435611724853516,23.203577041625977,23.435611724853516,69278.0,SPG,1d
1995-03-28 00:00:00+00:00,5.295843124389648,23.08755874633789,23.203577041625977,22.971540451049805,23.203577041625977,69278.0,SPG,1d
1995-03-29 00:00:00+00:00,5.322453498840332,23.203577041625977,23.435611724853516,22.971540451049805,22.971540451049805,146529.0,SPG,1d
1995-03-30 00:00:00+00:00,5.3836140632629395,22.971540451049805,23.08755874633789,22.739505767822266,23.08755874633789,44821.0,SPG,1d
1995-03-31 00:00:00+00:00,5.3020429611206055,22.62348747253418,22.971540451049805,22.507469177246094,22.971540451049805,98476.0,SPG,1d
1995-04-03 00:00:00+00:00,5.2476654052734375,22.391450881958008,22.62348747253418,22.275432586669922,22.507469177246094,19717.0,SPG,1d
1995-04-04 00:00:00+00:00,5.22047233581543,22.275432586669922,22.391450881958008,21.927379608154297,22.275432586669922,156226.0,SPG,1d
1995-04-05 00:00:00+00:00,5.2476654052734375,22.391450881958008,22.507469177246094,22.15941619873047,22.391450881958008,47406.0,SPG,1d
1995-04-06 00:00:00+00:00,5.22047233581543,22.275432586669922,22.507469177246094,22.15941619873047,22.507469177246094,46006.0,SPG,1d
1995-04-07 00:00:00+00:00,5.22047233581543,22.275432586669922,22.391450881958008,22.275432586669922,22.275432586669922,32861.0,SPG,1d
1995-04-10 00:00:00+00:00,5.22047233581543,22.275432586669922,22.391450881958008,22.275432586669922,22.391450881958008,41265.0,SPG,1d
1995-04-11 00:00:00+00:00,5.2476654052734375,22.391450881958008,22.507469177246094,22.275432586669922,22.275432586669922,33077.0,SPG,1d
1995-04-12 00:00:00+00:00,5.2476654052734375,22.391450881958008,22.507469177246094,22.391450881958008,22.507469177246094,51716.0,SPG,1d
1995-04-13 00:00:00+00:00,5.2476654052734375,22.391450881958008,22.507469177246094,22.391450881958008,22.391450881958008,1503109.0,SPG,1d
1995-04-17 00:00:00+00:00,5.22047233581543,22.275432586669922,22.391450881958008,22.043397903442383,22.391450881958008,535478.0,SPG,1d
1995-04-18 00:00:00+00:00,5.1932806968688965,22.15941619873047,22.15941619873047,22.043397903442383,22.15941619873047,142650.0,SPG,1d
1995-04-19 00:00:00+00:00,5.138906002044678,21.927379608154297,22.15941619873047,21.81136131286621,22.15941619873047,385609.0,SPG,1d
1995-04-20 00:00:00+00:00,5.138906002044678,21.927379608154297,22.043397903442383,21.695344924926758,21.927379608154297,236601.0,SPG,1d
1995-04-21 00:00:00+00:00,5.138906002044678,21.927379608154297,21.927379608154297,21.81136131286621,21.927379608154297,97614.0,SPG,1d
1995-04-24 00:00:00+00:00,5.138906002044678,21.927379608154297,22.043397903442383,21.81136131286621,21.81136131286621,46114.0,SPG,1d
1995-04-25 00:00:00+00:00,5.1660943031311035,22.043397903442383,22.043397903442383,21.81136131286621,22.043397903442383,142866.0,SPG,1d
1995-04-26 00:00:00+00:00,5.1117143630981445,21.81136131286621,22.043397903442383,21.81136131286621,21.927379608154297,52255.0,SPG,1d
1995-04-27 00:00:00+00:00,5.138906002044678,21.927379608154297,22.043397903442383,21.927379608154297,22.043397903442383,79406.0,SPG,1d
1995-04-28 00:00:00+00:00,5.1660943031311035,22.043397903442383,22.15941619873047,21.927379608154297,22.043397903442383,96752.0,SPG,1d
1995-05-01 00:00:00+00:00,5.1660943031311035,22.043397903442383,22.043397903442383,21.927379608154297,22.043397903442383,60551.0,SPG,1d
1995-05-02 00:00:00+00:00,5.1932806968688965,22.15941619873047,22.15941619873047,21.927379608154297,21.927379608154297,57750.0,SPG,1d
1995-05-03 00:00:00+00:00,5.1660943031311035,22.043397903442383,22.15941619873047,21.927379608154297,22.15941619873047,104617.0,SPG,1d
1995-05-04 00:00:00+00:00,5.1660943031311035,22.043397903442383,22.15941619873047,21.927379608154297,22.15941619873047,244682.0,SPG,1d
1995-05-05 00:00:00+00:00,5.2476654052734375,22.391450881958008,22.391450881958008,21.927379608154297,21.927379608154297,81884.0,SPG,1d
1995-05-08 00:00:00+00:00,5.274853229522705,22.507469177246094,22.62348747253418,22.15941619873047,22.391450881958008,290688.0,SPG,1d
1995-05-09 00:00:00+00:00,5.410803318023682,23.08755874633789,23.435611724853516,22.739505767822266,22.739505767822266,512529.0,SPG,1d
1995-05-10 00:00:00+00:00,5.410803318023682,23.08755874633789,23.435611724853516,22.85552215576172,23.435611724853516,344559.0,SPG,1d
1995-05-11 00:00:00+00:00,5.410803318023682,23.08755874633789,23.203577041625977,22.85552215576172,23.203577041625977,139741.0,SPG,1d
1995-05-12 00:00:00+00:00,5.410803318023682,23.08755874633789,23.08755874633789,22.85552215576172,22.85552215576172,47730.0,SPG,1d
1995-05-15 00:00:00+00:00,5.356423854827881,22.85552215576172,23.203577041625977,22.85552215576172,23.203577041625977,54841.0,SPG,1d
1995-05-16 00:00:00+00:00,5.410803318023682,23.08755874633789,23.203577041625977,22.85552215576172,23.08755874633789,78652.0,SPG,1d
1995-05-17 00:00:00+00:00,5.3836140632629395,22.971540451049805,23.203577041625977,22.971540451049805,23.08755874633789,70787.0,SPG,1d
1995-05-18 00:00:00+00:00,5.356423854827881,22.85552215576172,23.08755874633789,22.85552215576172,23.08755874633789,85116.0,SPG,1d
1995-05-19 00:00:00+00:00,5.410803318023682,23.08755874633789,23.08755874633789,22.62348747253418,22.739505767822266,71002.0,SPG,1d
1995-05-22 00:00:00+00:00,5.3836140632629395,22.971540451049805,23.203577041625977,22.739505767822266,22.971540451049805,150192.0,SPG,1d
1995-05-23 00:00:00+00:00,5.3020429611206055,22.62348747253418,22.971540451049805,22.391450881958008,22.85552215576172,206972.0,SPG,1d
1995-05-24 00:00:00+00:00,5.329236030578613,22.739505767822266,22.739505767822266,22.391450881958008,22.62348747253418,100739.0,SPG,1d
1995-05-25 00:00:00+00:00,5.3836140632629395,22.971540451049805,23.203577041625977,22.62348747253418,22.739505767822266,83931.0,SPG,1d
1995-05-26 00:00:00+00:00,5.22047233581543,22.275432586669922,23.08755874633789,22.15941619873047,22.85552215576172,65723.0,SPG,1d
1995-05-30 00:00:00+00:00,5.3836140632629395,22.971540451049805,23.08755874633789,22.275432586669922,22.275432586669922,62598.0,SPG,1d
1995-05-31 00:00:00+00:00,5.410803318023682,23.08755874633789,23.31959342956543,22.971540451049805,23.08755874633789,129829.0,SPG,1d
1995-06-01 00:00:00+00:00,5.410803318023682,23.08755874633789,23.31959342956543,22.971540451049805,23.203577041625977,59474.0,SPG,1d
1995-06-02 00:00:00+00:00,5.437994003295898,23.203577041625977,23.31959342956543,22.971540451049805,23.08755874633789,137371.0,SPG,1d
1995-06-05 00:00:00+00:00,5.465184211730957,23.31959342956543,23.435611724853516,23.08755874633789,23.31959342956543,60874.0,SPG,1d
1995-06-06 00:00:00+00:00,5.465184211730957,23.31959342956543,23.435611724853516,22.971540451049805,23.203577041625977,76497.0,SPG,1d
1995-06-07 00:00:00+00:00,5.437994003295898,23.203577041625977,23.435611724853516,23.203577041625977,23.31959342956543,76389.0,SPG,1d
1995-06-08 00:00:00+00:00,5.3836140632629395,22.971540451049805,23.203577041625977,22.62348747253418,23.203577041625977,66908.0,SPG,1d
1995-06-09 00:00:00+00:00,5.329236030578613,22.739505767822266,23.203577041625977,22.62348747253418,22.85552215576172,122179.0,SPG,1d
1995-06-12 00:00:00+00:00,5.2476654052734375,22.391450881958008,22.85552215576172,22.275432586669922,22.739505767822266,127243.0,SPG,1d
1995-06-13 00:00:00+00:00,5.2476654052734375,22.391450881958008,22.507469177246094,22.15941619873047,22.507469177246094,235847.0,SPG,1d
1995-06-14 00:00:00+00:00,5.329236030578613,22.739505767822266,22.739505767822266,22.391450881958008,22.507469177246094,103217.0,SPG,1d
1995-06-15 00:00:00+00:00,5.410803318023682,23.08755874633789,23.31959342956543,22.739505767822266,22.85552215576172,136832.0,SPG,1d
1995-06-16 00:00:00+00:00,5.410803318023682,23.08755874633789,23.203577041625977,22.971540451049805,23.203577041625977,67662.0,SPG,1d
1995-06-19 00:00:00+00:00,5.410803318023682,23.08755874633789,23.203577041625977,22.739505767822266,22.971540451049805,186717.0,SPG,1d
1995-06-20 00:00:00+00:00,5.3836140632629395,22.971540451049805,23.203577041625977,22.971540451049805,23.08755874633789,70140.0,SPG,1d
1995-06-21 00:00:00+00:00,5.3836140632629395,22.971540451049805,23.203577041625977,22.971540451049805,23.203577041625977,72403.0,SPG,1d
1995-06-22 00:00:00+00:00,5.410803318023682,23.08755874633789,23.203577041625977,22.739505767822266,22.739505767822266,65076.0,SPG,1d
1995-06-23 00:00:00+00:00,5.465184211730957,23.31959342956543,23.5516300201416,22.971540451049805,22.971540451049805,79406.0,SPG,1d
1995-06-26 00:00:00+00:00,5.410803318023682,23.08755874633789,23.435611724853516,23.08755874633789,23.203577041625977,46006.0,SPG,1d
1995-06-27 00:00:00+00:00,5.410803318023682,23.08755874633789,23.31959342956543,23.08755874633789,23.08755874633789,47299.0,SPG,1d
1995-06-28 00:00:00+00:00,5.465184211730957,23.31959342956543,23.435611724853516,23.08755874633789,23.203577041625977,51716.0,SPG,1d
1995-06-29 00:00:00+00:00,5.410803318023682,23.08755874633789,23.435611724853516,22.971540451049805,23.203577041625977,116038.0,SPG,1d
1995-06-30 00:00:00+00:00,5.465184211730957,23.31959342956543,23.31959342956543,22.971540451049805,23.203577041625977,40834.0,SPG,1d
1995-07-03 00:00:00+00:00,5.465184211730957,23.31959342956543,23.435611724853516,23.203577041625977,23.31959342956543,31030.0,SPG,1d
1995-07-05 00:00:00+00:00,5.465184211730957,23.31959342956543,23.5516300201416,23.203577041625977,23.435611724853516,53225.0,SPG,1d
1995-07-06 00:00:00+00:00,5.519563674926758,23.5516300201416,23.5516300201416,23.31959342956543,23.31959342956543,98368.0,SPG,1d
1995-07-07 00:00:00+00:00,5.573944091796875,23.783666610717773,23.89968490600586,23.435611724853516,23.5516300201416,144267.0,SPG,1d
1995-07-10 00:00:00+00:00,5.608633518218994,23.435611724853516,23.783666610717773,23.203577041625977,23.667648315429688,97183.0,SPG,1d
1995-07-11 00:00:00+00:00,5.608633518218994,23.435611724853516,23.5516300201416,23.435611724853516,23.5516300201416,76066.0,SPG,1d
1995-07-12 00:00:00+00:00,5.580865859985352,23.31959342956543,23.5516300201416,23.203577041625977,23.31959342956543,98476.0,SPG,1d
1995-07-13 00:00:00+00:00,5.525334358215332,23.08755874633789,23.435611724853516,22.739505767822266,23.435611724853516,249961.0,SPG,1d
1995-07-14 00:00:00+00:00,5.553101539611816,23.203577041625977,23.203577041625977,22.971540451049805,23.203577041625977,42343.0,SPG,1d
1995-07-17 00:00:00+00:00,5.525334358215332,23.08755874633789,23.203577041625977,22.971540451049805,23.203577041625977,44390.0,SPG,1d
1995-07-18 00:00:00+00:00,5.4975690841674805,22.971540451049805,23.203577041625977,22.85552215576172,23.203577041625977,69494.0,SPG,1d
1995-07-19 00:00:00+00:00,5.414271354675293,22.62348747253418,23.08755874633789,22.507469177246094,22.971540451049805,53117.0,SPG,1d
1995-07-20 00:00:00+00:00,5.4698052406311035,22.85552215576172,22.971540451049805,22.62348747253418,22.739505767822266,46437.0,SPG,1d
1995-07-21 00:00:00+00:00,5.553101539611816,23.203577041625977,23.203577041625977,22.85552215576172,22.85552215576172,58719.0,SPG,1d
1995-07-24 00:00:00+00:00,5.525334358215332,23.08755874633789,23.203577041625977,22.739505767822266,23.203577041625977,66908.0,SPG,1d
1995-07-25 00:00:00+00:00,5.4975690841674805,22.971540451049805,23.08755874633789,22.739505767822266,22.971540451049805,48268.0,SPG,1d
1995-07-26 00:00:00+00:00,5.4698052406311035,22.85552215576172,22.971540451049805,22.739505767822266,22.971540451049805,48484.0,SPG,1d
1995-07-27 00:00:00+00:00,5.525334358215332,23.08755874633789,23.203577041625977,22.971540451049805,23.08755874633789,104402.0,SPG,1d
1995-07-28 00:00:00+00:00,5.4975690841674805,22.971540451049805,23.08755874633789,22.85552215576172,23.08755874633789,64106.0,SPG,1d
1995-07-31 00:00:00+00:00,5.442038059234619,22.739505767822266,22.971540451049805,22.739505767822266,22.971540451049805,41912.0,SPG,1d
1995-08-01 00:00:00+00:00,5.442038059234619,22.739505767822266,22.971540451049805,22.507469177246094,22.739505767822266,676189.0,SPG,1d
1995-08-02 00:00:00+00:00,5.442038059234619,22.739505767822266,22.971540451049805,22.62348747253418,22.971540451049805,65723.0,SPG,1d
1995-08-03 00:00:00+00:00,5.442038059234619,22.739505767822266,22.85552215576172,22.62348747253418,22.739505767822266,47730.0,SPG,1d
1995-08-04 00:00:00+00:00,5.414271354675293,22.62348747253418,22.85552215576172,22.507469177246094,22.62348747253418,85547.0,SPG,1d
1995-08-07 00:00:00+00:00,5.4975690841674805,22.971540451049805,22.971540451049805,22.739505767822266,22.85552215576172,102678.0,SPG,1d
1995-08-08 00:00:00+00:00,5.442038059234619,22.739505767822266,22.971540451049805,22.739505767822266,22.971540451049805,49130.0,SPG,1d
1995-08-09 00:00:00+00:00,5.4975690841674805,22.971540451049805,22.971540451049805,22.739505767822266,22.739505767822266,57211.0,SPG,1d
1995-08-10 00:00:00+00:00,5.4698052406311035,22.85552215576172,22.971540451049805,22.739505767822266,22.85552215576172,100092.0,SPG,1d
1995-08-11 00:00:00+00:00,5.4975690841674805,22.971540451049805,23.08755874633789,22.739505767822266,22.85552215576172,144482.0,SPG,1d
1995-08-14 00:00:00+00:00,5.4975690841674805,22.971540451049805,22.971540451049805,22.739505767822266,22.85552215576172,97507.0,SPG,1d
1995-08-15 00:00:00+00:00,5.4698052406311035,22.85552215576172,22.971540451049805,22.85552215576172,22.971540451049805,37494.0,SPG,1d
1995-08-16 00:00:00+00:00,5.414271354675293,22.62348747253418,22.971540451049805,22.507469177246094,22.971540451049805,133492.0,SPG,1d
1995-08-17 00:00:00+00:00,5.358743667602539,22.391450881958008,22.739505767822266,22.391450881958008,22.739505767822266,89749.0,SPG,1d
1995-08-18 00:00:00+00:00,5.358743667602539,22.391450881958008,22.507469177246094,22.391450881958008,22.507469177246094,47622.0,SPG,1d
1995-08-21 00:00:00+00:00,5.414271354675293,22.62348747253418,22.62348747253418,22.391450881958008,22.507469177246094,62814.0,SPG,1d
1995-08-22 00:00:00+00:00,5.442038059234619,22.739505767822266,22.85552215576172,22.507469177246094,22.507469177246094,56457.0,SPG,1d
1995-08-23 00:00:00+00:00,5.4698052406311035,22.85552215576172,22.971540451049805,22.739505767822266,22.85552215576172,44713.0,SPG,1d
1995-08-24 00:00:00+00:00,5.4975690841674805,22.971540451049805,22.971540451049805,22.85552215576172,22.971540451049805,61628.0,SPG,1d
1995-08-25 00:00:00+00:00,5.4698052406311035,22.85552215576172,23.08755874633789,22.85552215576172,22.971540451049805,51932.0,SPG,1d
1995-08-28 00:00:00+00:00,5.4975690841674805,22.971540451049805,22.971540451049805,22.739505767822266,22.85552215576172,124442.0,SPG,1d
1995-08-29 00:00:00+00:00,5.4698052406311035,22.85552215576172,22.971540451049805,22.739505767822266,22.85552215576172,80483.0,SPG,1d
1995-08-30 00:00:00+00:00,5.442038059234619,22.739505767822266,22.971540451049805,22.739505767822266,22.971540451049805,111944.0,SPG,1d
1995-08-31 00:00:00+00:00,5.4698052406311035,22.85552215576172,22.971540451049805,22.739505767822266,22.85552215576172,36848.0,SPG,1d
1995-09-01 00:00:00+00:00,5.553101539611816,23.203577041625977,23.203577041625977,22.85552215576172,22.971540451049805,64753.0,SPG,1d
1995-09-05 00:00:00+00:00,5.525334358215332,23.08755874633789,23.203577041625977,22.971540451049805,23.203577041625977,38895.0,SPG,1d
1995-09-06 00:00:00+00:00,5.525334358215332,23.08755874633789,23.203577041625977,22.971540451049805,23.203577041625977,209020.0,SPG,1d
1995-09-07 00:00:00+00:00,5.525334358215332,23.08755874633789,23.203577041625977,22.971540451049805,22.971540451049805,196414.0,SPG,1d
1995-09-08 00:00:00+00:00,5.608633518218994,23.435611724853516,23.435611724853516,23.08755874633789,23.08755874633789,133492.0,SPG,1d
1995-09-11 00:00:00+00:00,5.580865859985352,23.31959342956543,23.435611724853516,23.203577041625977,23.435611724853516,66369.0,SPG,1d
1995-09-12 00:00:00+00:00,5.6363983154296875,23.5516300201416,23.5516300201416,23.31959342956543,23.435611724853516,225720.0,SPG,1d
1995-09-13 00:00:00+00:00,5.719695568084717,23.89968490600586,24.015701293945312,23.5516300201416,23.667648315429688,220871.0,SPG,1d
1995-09-14 00:00:00+00:00,5.691928386688232,23.783666610717773,23.89968490600586,23.667648315429688,23.783666610717773,149438.0,SPG,1d
1995-09-15 00:00:00+00:00,5.719695568084717,23.89968490600586,23.89968490600586,23.667648315429688,23.667648315429688,93197.0,SPG,1d
1995-09-18 00:00:00+00:00,5.6363983154296875,23.5516300201416,23.89968490600586,23.5516300201416,23.89968490600586,272480.0,SPG,1d
1995-09-19 00:00:00+00:00,5.6363983154296875,23.5516300201416,23.5516300201416,23.435611724853516,23.5516300201416,100954.0,SPG,1d
1995-09-20 00:00:00+00:00,5.6641621589660645,23.667648315429688,23.667648315429688,23.435611724853516,23.5516300201416,150192.0,SPG,1d
1995-09-21 00:00:00+00:00,5.719695568084717,23.89968490600586,24.1317195892334,23.783666610717773,24.015701293945312,102032.0,SPG,1d
1995-09-22 00:00:00+00:00,5.719695568084717,23.89968490600586,23.89968490600586,23.783666610717773,23.89968490600586,99661.0,SPG,1d
1995-09-25 00:00:00+00:00,5.719695568084717,23.89968490600586,24.015701293945312,23.783666610717773,24.015701293945312,71002.0,SPG,1d
1995-09-26 00:00:00+00:00,5.747461318969727,24.015701293945312,24.015701293945312,23.89968490600586,24.015701293945312,220117.0,SPG,1d
1995-09-27 00:00:00+00:00,5.719695568084717,23.89968490600586,23.89968490600586,23.783666610717773,23.89968490600586,52794.0,SPG,1d
1995-09-28 00:00:00+00:00,5.6641621589660645,23.667648315429688,23.783666610717773,23.5516300201416,23.667648315429688,99230.0,SPG,1d
1995-09-29 00:00:00+00:00,5.6363983154296875,23.5516300201416,23.783666610717773,23.5516300201416,23.783666610717773,47083.0,SPG,1d
1995-10-02 00:00:00+00:00,5.6363983154296875,23.5516300201416,23.667648315429688,23.5516300201416,23.5516300201416,114637.0,SPG,1d
1995-10-03 00:00:00+00:00,5.6641621589660645,23.667648315429688,23.783666610717773,23.5516300201416,23.667648315429688,34908.0,SPG,1d
1995-10-04 00:00:00+00:00,5.6363983154296875,23.5516300201416,23.667648315429688,23.5516300201416,23.667648315429688,67123.0,SPG,1d
1995-10-05 00:00:00+00:00,5.6363983154296875,23.5516300201416,23.667648315429688,23.5516300201416,23.667648315429688,85763.0,SPG,1d
1995-10-06 00:00:00+00:00,5.643344879150391,23.08755874633789,23.31959342956543,23.08755874633789,23.31959342956543,166461.0,SPG,1d
1995-10-09 00:00:00+00:00,5.55826997756958,22.739505767822266,23.203577041625977,22.739505767822266,23.08755874633789,65938.0,SPG,1d
1995-10-10 00:00:00+00:00,5.5866289138793945,22.85552215576172,22.85552215576172,22.507469177246094,22.739505767822266,66477.0,SPG,1d
1995-10-11 00:00:00+00:00,5.614987850189209,22.971540451049805,22.971540451049805,22.85552215576172,22.971540451049805,54194.0,SPG,1d
1995-10-12 00:00:00+00:00,5.5866289138793945,22.85552215576172,22.971540451049805,22.739505767822266,22.971540451049805,55810.0,SPG,1d
1995-10-13 00:00:00+00:00,5.5866289138793945,22.85552215576172,22.971540451049805,22.739505767822266,22.85552215576172,102355.0,SPG,1d
1995-10-16 00:00:00+00:00,5.529910087585449,22.62348747253418,22.85552215576172,22.275432586669922,22.739505767822266,56672.0,SPG,1d
1995-10-17 00:00:00+00:00,5.501554012298584,22.507469177246094,22.62348747253418,22.275432586669922,22.507469177246094,46976.0,SPG,1d
1995-10-18 00:00:00+00:00,5.416477203369141,22.15941619873047,22.507469177246094,22.15941619873047,22.507469177246094,105048.0,SPG,1d
1995-10-19 00:00:00+00:00,5.416477203369141,22.15941619873047,22.15941619873047,21.927379608154297,22.15941619873047,50316.0,SPG,1d
1995-10-20 00:00:00+00:00,5.359760284423828,21.927379608154297,22.15941619873047,21.81136131286621,22.15941619873047,75743.0,SPG,1d
1995-10-23 00:00:00+00:00,5.416477203369141,22.15941619873047,22.275432586669922,21.81136131286621,21.927379608154297,46760.0,SPG,1d
1995-10-24 00:00:00+00:00,5.388122081756592,22.043397903442383,22.275432586669922,21.927379608154297,22.043397903442383,48268.0,SPG,1d
1995-10-25 00:00:00+00:00,5.359760284423828,21.927379608154297,22.043397903442383,21.81136131286621,21.927379608154297,56780.0,SPG,1d
1995-10-26 00:00:00+00:00,5.3314032554626465,21.81136131286621,22.043397903442383,21.81136131286621,22.043397903442383,122072.0,SPG,1d
1995-10-27 00:00:00+00:00,5.3314032554626465,21.81136131286621,21.927379608154297,21.695344924926758,21.927379608154297,49669.0,SPG,1d
1995-10-30 00:00:00+00:00,5.359760284423828,21.927379608154297,22.043397903442383,21.81136131286621,21.81136131286621,95783.0,SPG,1d
1995-10-31 00:00:00+00:00,5.274686336517334,21.579326629638672,21.927379608154297,21.579326629638672,21.927379608154297,86840.0,SPG,1d
1995-11-01 00:00:00+00:00,5.189611911773682,21.231273651123047,21.695344924926758,21.11525535583496,21.579326629638672,133492.0,SPG,1d
1995-11-02 00:00:00+00:00,5.246326446533203,21.463308334350586,21.579326629638672,21.231273651123047,21.3472900390625,160320.0,SPG,1d
1995-11-03 00:00:00+00:00,5.246326446533203,21.463308334350586,21.695344924926758,21.3472900390625,21.463308334350586,192858.0,SPG,1d
1995-11-06 00:00:00+00:00,5.246326446533203,21.463308334350586,21.579326629638672,21.231273651123047,21.463308334350586,69386.0,SPG,1d
1995-11-07 00:00:00+00:00,5.274686336517334,21.579326629638672,21.579326629638672,21.3472900390625,21.3472900390625,84147.0,SPG,1d
1995-11-08 00:00:00+00:00,5.3314032554626465,21.81136131286621,21.81136131286621,21.463308334350586,21.463308334350586,96860.0,SPG,1d
1995-11-09 00:00:00+00:00,5.444836616516113,22.275432586669922,22.391450881958008,21.81136131286621,21.81136131286621,104941.0,SPG,1d
1995-11-10 00:00:00+00:00,5.614987850189209,22.971540451049805,23.08755874633789,22.15941619873047,22.275432586669922,100739.0,SPG,1d
1995-11-13 00:00:00+00:00,5.529910087585449,22.62348747253418,22.85552215576172,22.275432586669922,22.85552215576172,50962.0,SPG,1d
1995-11-14 00:00:00+00:00,5.359760284423828,21.927379608154297,22.85552215576172,21.695344924926758,22.739505767822266,66692.0,SPG,1d
1995-11-15 00:00:00+00:00,5.416477203369141,22.15941619873047,22.391450881958008,21.927379608154297,22.043397903442383,79837.0,SPG,1d
1995-11-16 00:00:00+00:00,5.388122081756592,22.043397903442383,22.391450881958008,22.043397903442383,22.391450881958008,63137.0,SPG,1d
1995-11-17 00:00:00+00:00,5.388122081756592,22.043397903442383,22.15941619873047,21.695344924926758,21.927379608154297,72726.0,SPG,1d
1995-11-20 00:00:00+00:00,5.3314032554626465,21.81136131286621,22.275432586669922,21.81136131286621,22.275432586669922,86086.0,SPG,1d
1995-11-21 00:00:00+00:00,5.359760284423828,21.927379608154297,22.043397903442383,21.695344924926758,21.927379608154297,69386.0,SPG,1d
1995-11-22 00:00:00+00:00,5.3314032554626465,21.81136131286621,22.15941619873047,21.695344924926758,22.043397903442383,74450.0,SPG,1d
1995-11-24 00:00:00+00:00,5.303046226501465,21.695344924926758,21.81136131286621,21.695344924926758,21.81136131286621,37279.0,SPG,1d
1995-11-27 00:00:00+00:00,5.3314032554626465,21.81136131286621,21.927379608154297,21.579326629638672,21.695344924926758,222056.0,SPG,1d
1995-11-28 00:00:00+00:00,5.359760284423828,21.927379608154297,22.043397903442383,21.695344924926758,21.81136131286621,150623.0,SPG,1d
1995-11-29 00:00:00+00:00,5.274686336517334,21.579326629638672,21.927379608154297,21.579326629638672,21.927379608154297,95890.0,SPG,1d
1995-11-30 00:00:00+00:00,5.246326446533203,21.463308334350586,21.695344924926758,21.231273651123047,21.579326629638672,188441.0,SPG,1d
1995-12-01 00:00:00+00:00,5.274686336517334,21.579326629638672,21.695344924926758,21.463308334350586,21.695344924926758,93089.0,SPG,1d
1995-12-04 00:00:00+00:00,5.217970371246338,21.3472900390625,21.579326629638672,21.231273651123047,21.579326629638672,208050.0,SPG,1d
1995-12-05 00:00:00+00:00,5.274686336517334,21.579326629638672,21.695344924926758,21.231273651123047,21.3472900390625,180899.0,SPG,1d
1995-12-06 00:00:00+00:00,5.55826997756958,22.739505767822266,22.739505767822266,21.579326629638672,21.695344924926758,240696.0,SPG,1d
1995-12-07 00:00:00+00:00,5.444836616516113,22.275432586669922,22.739505767822266,22.043397903442383,22.739505767822266,318485.0,SPG,1d
1995-12-08 00:00:00+00:00,5.388122081756592,22.043397903442383,22.275432586669922,21.695344924926758,22.275432586669922,105587.0,SPG,1d
1995-12-11 00:00:00+00:00,5.388122081756592,22.043397903442383,22.391450881958008,22.043397903442383,22.043397903442383,102894.0,SPG,1d
1995-12-12 00:00:00+00:00,5.501554012298584,22.507469177246094,22.62348747253418,22.15941619873047,22.15941619873047,120456.0,SPG,1d
1995-12-13 00:00:00+00:00,5.728423595428467,23.435611724853516,23.435611724853516,22.275432586669922,22.391450881958008,149761.0,SPG,1d
1995-12-14 00:00:00+00:00,5.5866289138793945,22.85552215576172,23.08755874633789,22.739505767822266,22.971540451049805,123472.0,SPG,1d
1995-12-15 00:00:00+00:00,5.700063705444336,23.31959342956543,23.31959342956543,22.739505767822266,22.85552215576172,66477.0,SPG,1d
1995-12-18 00:00:00+00:00,5.55826997756958,22.739505767822266,23.08755874633789,22.739505767822266,22.85552215576172,187687.0,SPG,1d
1995-12-19 00:00:00+00:00,5.614987850189209,22.971540451049805,23.08755874633789,22.507469177246094,22.62348747253418,115607.0,SPG,1d
1995-12-20 00:00:00+00:00,5.5866289138793945,22.85552215576172,22.971540451049805,22.739505767822266,22.971540451049805,75419.0,SPG,1d
1995-12-21 00:00:00+00:00,5.55826997756958,22.739505767822266,22.971540451049805,22.739505767822266,22.85552215576172,141573.0,SPG,1d
1995-12-22 00:00:00+00:00,5.5866289138793945,22.85552215576172,22.971540451049805,22.62348747253418,22.85552215576172,105910.0,SPG,1d
1995-12-26 00:00:00+00:00,5.643344879150391,23.08755874633789,23.203577041625977,22.739505767822266,22.739505767822266,49346.0,SPG,1d
1995-12-27 00:00:00+00:00,5.643344879150391,23.08755874633789,23.31959342956543,22.971540451049805,23.08755874633789,71433.0,SPG,1d
1995-12-28 00:00:00+00:00,5.55826997756958,22.739505767822266,23.08755874633789,22.62348747253418,23.08755874633789,95890.0,SPG,1d
1995-12-29 00:00:00+00:00,5.529910087585449,22.62348747253418,22.85552215576172,22.507469177246094,22.85552215576172,133169.0,SPG,1d
1996-01-02 00:00:00+00:00,5.529910087585449,22.62348747253418,22.62348747253418,22.391450881958008,22.507469177246094,148899.0,SPG,1d
1996-01-03 00:00:00+00:00,5.529910087585449,22.62348747253418,22.739505767822266,22.507469177246094,22.62348747253418,192535.0,SPG,1d
1996-01-04 00:00:00+00:00,5.501554012298584,22.507469177246094,22.62348747253418,22.275432586669922,22.507469177246094,89641.0,SPG,1d
1996-01-05 00:00:00+00:00,5.473196506500244,22.391450881958008,22.507469177246094,22.275432586669922,22.507469177246094,408665.0,SPG,1d
1996-01-08 00:00:00+00:00,5.473196506500244,22.391450881958008,22.507469177246094,22.275432586669922,22.507469177246094,33077.0,SPG,1d
1996-01-09 00:00:00+00:00,5.501554012298584,22.507469177246094,22.62348747253418,22.275432586669922,22.391450881958008,97937.0,SPG,1d
1996-01-10 00:00:00+00:00,5.421679973602295,21.695344924926758,22.043397903442383,21.579326629638672,22.043397903442383,153317.0,SPG,1d
1996-01-11 00:00:00+00:00,5.421679973602295,21.695344924926758,21.695344924926758,21.463308334350586,21.579326629638672,96752.0,SPG,1d
1996-01-12 00:00:00+00:00,5.363694190979004,21.463308334350586,21.695344924926758,21.3472900390625,21.695344924926758,74988.0,SPG,1d
1996-01-15 00:00:00+00:00,5.450673580169678,21.81136131286621,21.927379608154297,21.463308334350586,21.579326629638672,228413.0,SPG,1d
1996-01-16 00:00:00+00:00,5.479666233062744,21.927379608154297,22.043397903442383,21.695344924926758,21.927379608154297,76066.0,SPG,1d
1996-01-17 00:00:00+00:00,5.537650108337402,22.15941619873047,22.275432586669922,21.927379608154297,22.043397903442383,83177.0,SPG,1d
1996-01-18 00:00:00+00:00,5.566644191741943,22.275432586669922,22.507469177246094,21.927379608154297,22.15941619873047,214191.0,SPG,1d
1996-01-19 00:00:00+00:00,5.537650108337402,22.15941619873047,22.507469177246094,22.15941619873047,22.391450881958008,179714.0,SPG,1d
1996-01-22 00:00:00+00:00,5.537650108337402,22.15941619873047,22.15941619873047,21.927379608154297,22.15941619873047,118732.0,SPG,1d
1996-01-23 00:00:00+00:00,5.421679973602295,21.695344924926758,21.927379608154297,21.463308334350586,21.927379608154297,273018.0,SPG,1d
1996-01-24 00:00:00+00:00,5.334700584411621,21.3472900390625,21.81136131286621,21.231273651123047,21.695344924926758,130045.0,SPG,1d
1996-01-25 00:00:00+00:00,5.305708885192871,21.231273651123047,21.579326629638672,21.11525535583496,21.3472900390625,155041.0,SPG,1d
1996-01-26 00:00:00+00:00,5.334700584411621,21.3472900390625,21.579326629638672,21.11525535583496,21.11525535583496,126920.0,SPG,1d
1996-01-29 00:00:00+00:00,5.363694190979004,21.463308334350586,21.579326629638672,21.231273651123047,21.3472900390625,122072.0,SPG,1d
1996-01-30 00:00:00+00:00,5.247721195220947,20.999237060546875,21.463308334350586,20.999237060546875,21.3472900390625,112806.0,SPG,1d
1996-01-31 00:00:00+00:00,5.1897358894348145,20.767200469970703,21.11525535583496,20.767200469970703,20.999237060546875,207727.0,SPG,1d
1996-02-01 00:00:00+00:00,5.218729019165039,20.88321876525879,21.11525535583496,20.767200469970703,20.767200469970703,233154.0,SPG,1d
1996-02-02 00:00:00+00:00,5.102757453918457,20.419147491455078,20.535165786743164,19.60702133178711,20.18711280822754,492381.0,SPG,1d
1996-02-05 00:00:00+00:00,5.044771671295166,20.18711280822754,20.419147491455078,19.955076217651367,20.071094512939453,236601.0,SPG,1d
1996-02-06 00:00:00+00:00,5.102757453918457,20.419147491455078,20.535165786743164,19.955076217651367,19.955076217651367,249961.0,SPG,1d
1996-02-07 00:00:00+00:00,5.276713848114014,21.11525535583496,21.11525535583496,20.303129196166992,20.419147491455078,324842.0,SPG,1d
1996-02-08 00:00:00+00:00,5.247721195220947,20.999237060546875,21.11525535583496,20.767200469970703,20.999237060546875,147607.0,SPG,1d
1996-02-09 00:00:00+00:00,5.1897358894348145,20.767200469970703,20.88321876525879,20.535165786743164,20.767200469970703,144267.0,SPG,1d
1996-02-12 00:00:00+00:00,5.102757453918457,20.419147491455078,20.767200469970703,20.303129196166992,20.535165786743164,206434.0,SPG,1d
1996-02-13 00:00:00+00:00,5.16074275970459,20.651182174682617,20.651182174682617,20.18711280822754,20.419147491455078,147068.0,SPG,1d
1996-02-14 00:00:00+00:00,5.247721195220947,20.999237060546875,21.11525535583496,20.535165786743164,20.535165786743164,175835.0,SPG,1d
1996-02-15 00:00:00+00:00,5.247721195220947,20.999237060546875,20.999237060546875,20.767200469970703,20.88321876525879,276466.0,SPG,1d
1996-02-16 00:00:00+00:00,5.305708885192871,21.231273651123047,21.231273651123047,20.88321876525879,20.88321876525879,197276.0,SPG,1d
1996-02-20 00:00:00+00:00,5.16074275970459,20.651182174682617,20.999237060546875,20.651182174682617,20.999237060546875,467600.0,SPG,1d
1996-02-21 00:00:00+00:00,5.247721195220947,20.999237060546875,21.231273651123047,20.535165786743164,20.535165786743164,282069.0,SPG,1d
1996-02-22 00:00:00+00:00,5.334700584411621,21.3472900390625,21.463308334350586,20.88321876525879,20.999237060546875,186825.0,SPG,1d
1996-02-23 00:00:00+00:00,5.392684459686279,21.579326629638672,21.579326629638672,21.11525535583496,21.463308334350586,160536.0,SPG,1d
1996-02-26 00:00:00+00:00,5.363694190979004,21.463308334350586,21.579326629638672,21.231273651123047,21.579326629638672,172495.0,SPG,1d
1996-02-27 00:00:00+00:00,5.392684459686279,21.579326629638672,21.579326629638672,21.463308334350586,21.463308334350586,188010.0,SPG,1d
1996-02-28 00:00:00+00:00,5.392684459686279,21.579326629638672,21.81136131286621,21.463308334350586,21.579326629638672,149761.0,SPG,1d
1996-02-29 00:00:00+00:00,5.421679973602295,21.695344924926758,21.81136131286621,21.579326629638672,21.579326629638672,154287.0,SPG,1d
1996-03-01 00:00:00+00:00,5.421679973602295,21.695344924926758,21.81136131286621,21.579326629638672,21.695344924926758,109143.0,SPG,1d
1996-03-04 00:00:00+00:00,5.450673580169678,21.81136131286621,22.043397903442383,21.695344924926758,21.695344924926758,133923.0,SPG,1d
1996-03-05 00:00:00+00:00,5.595636367797852,22.391450881958008,22.507469177246094,21.695344924926758,21.81136131286621,269463.0,SPG,1d
1996-03-06 00:00:00+00:00,5.566644191741943,22.275432586669922,22.391450881958008,22.275432586669922,22.275432586669922,79837.0,SPG,1d
1996-03-07 00:00:00+00:00,5.595636367797852,22.391450881958008,22.507469177246094,22.15941619873047,22.275432586669922,215376.0,SPG,1d
1996-03-08 00:00:00+00:00,5.479666233062744,21.927379608154297,22.275432586669922,21.463308334350586,22.275432586669922,128105.0,SPG,1d
1996-03-11 00:00:00+00:00,5.508656978607178,22.043397903442383,22.15941619873047,21.695344924926758,21.695344924926758,81668.0,SPG,1d
1996-03-12 00:00:00+00:00,5.450673580169678,21.81136131286621,22.15941619873047,21.81136131286621,22.043397903442383,59689.0,SPG,1d
1996-03-13 00:00:00+00:00,5.450673580169678,21.81136131286621,21.927379608154297,21.695344924926758,21.81136131286621,171633.0,SPG,1d
1996-03-14 00:00:00+00:00,5.392684459686279,21.579326629638672,21.81136131286621,21.579326629638672,21.695344924926758,48053.0,SPG,1d
1996-03-15 00:00:00+00:00,5.363694190979004,21.463308334350586,21.695344924926758,21.231273651123047,21.463308334350586,246190.0,SPG,1d
1996-03-18 00:00:00+00:00,5.479666233062744,21.927379608154297,21.927379608154297,21.579326629638672,21.579326629638672,110759.0,SPG,1d
1996-03-19 00:00:00+00:00,5.450673580169678,21.81136131286621,22.043397903442383,21.81136131286621,21.81136131286621,125412.0,SPG,1d
1996-03-20 00:00:00+00:00,5.566644191741943,22.275432586669922,22.391450881958008,22.043397903442383,22.043397903442383,100847.0,SPG,1d
1996-03-21 00:00:00+00:00,5.566644191741943,22.275432586669922,22.391450881958008,22.15941619873047,22.275432586669922,139526.0,SPG,1d
1996-03-22 00:00:00+00:00,5.508656978607178,22.043397903442383,22.275432586669922,22.043397903442383,22.275432586669922,114422.0,SPG,1d
1996-03-25 00:00:00+00:00,5.566644191741943,22.275432586669922,22.275432586669922,22.043397903442383,22.275432586669922,134570.0,SPG,1d
1996-03-26 00:00:00+00:00,5.479666233062744,21.927379608154297,22.275432586669922,21.81136131286621,22.275432586669922,460920.0,SPG,1d
1996-03-27 00:00:00+00:00,5.450673580169678,21.81136131286621,21.927379608154297,21.695344924926758,21.81136131286621,339280.0,SPG,1d
1996-03-28 00:00:00+00:00,5.363694190979004,21.463308334350586,21.81136131286621,21.231273651123047,21.695344924926758,302001.0,SPG,1d
1996-03-29 00:00:00+00:00,5.363694190979004,21.463308334350586,21.463308334350586,21.231273651123047,21.3472900390625,305664.0,SPG,1d
1996-04-01 00:00:00+00:00,5.363694190979004,21.463308334350586,21.579326629638672,21.3472900390625,21.579326629638672,372787.0,SPG,1d
1996-04-02 00:00:00+00:00,5.334700584411621,21.3472900390625,21.463308334350586,21.231273651123047,21.463308334350586,169263.0,SPG,1d
1996-04-03 00:00:00+00:00,5.349198341369629,21.405298233032227,21.579326629638672,21.231273651123047,21.231273651123047,307603.0,SPG,1d
1996-04-04 00:00:00+00:00,5.276713848114014,21.11525535583496,21.463308334350586,21.11525535583496,21.3472900390625,251793.0,SPG,1d
1996-04-08 00:00:00+00:00,5.218729019165039,20.88321876525879,21.11525535583496,20.767200469970703,21.11525535583496,86301.0,SPG,1d
1996-04-09 00:00:00+00:00,5.363694190979004,21.463308334350586,21.579326629638672,20.999237060546875,21.11525535583496,237140.0,SPG,1d
1996-04-10 00:00:00+00:00,5.281942844390869,20.651182174682617,20.88321876525879,20.651182174682617,20.88321876525879,181869.0,SPG,1d
1996-04-11 00:00:00+00:00,5.281942844390869,20.651182174682617,20.767200469970703,20.535165786743164,20.651182174682617,1042835.0,SPG,1d
1996-04-12 00:00:00+00:00,5.370965957641602,20.999237060546875,20.999237060546875,20.651182174682617,20.651182174682617,188872.0,SPG,1d
1996-04-15 00:00:00+00:00,5.341292381286621,20.88321876525879,20.999237060546875,20.767200469970703,20.999237060546875,85224.0,SPG,1d
1996-04-16 00:00:00+00:00,5.400638103485107,21.11525535583496,21.11525535583496,20.651182174682617,20.88321876525879,146314.0,SPG,1d
1996-04-17 00:00:00+00:00,5.341292381286621,20.88321876525879,21.11525535583496,20.767200469970703,21.11525535583496,208373.0,SPG,1d
1996-04-18 00:00:00+00:00,5.400638103485107,21.11525535583496,21.11525535583496,20.767200469970703,20.88321876525879,150839.0,SPG,1d
1996-04-19 00:00:00+00:00,5.4303131103515625,21.231273651123047,21.231273651123047,21.11525535583496,21.11525535583496,154933.0,SPG,1d
1996-04-22 00:00:00+00:00,5.4303131103515625,21.231273651123047,21.231273651123047,21.11525535583496,21.231273651123047,82530.0,SPG,1d
1996-04-23 00:00:00+00:00,5.400638103485107,21.11525535583496,21.231273651123047,21.11525535583496,21.231273651123047,135432.0,SPG,1d
1996-04-24 00:00:00+00:00,5.4303131103515625,21.231273651123047,21.3472900390625,21.11525535583496,21.11525535583496,106772.0,SPG,1d
1996-04-25 00:00:00+00:00,5.489658832550049,21.463308334350586,21.463308334350586,21.231273651123047,21.231273651123047,71864.0,SPG,1d
1996-04-26 00:00:00+00:00,5.489658832550049,21.463308334350586,21.695344924926758,21.3472900390625,21.3472900390625,57857.0,SPG,1d
1996-04-29 00:00:00+00:00,5.50449800491333,21.521316528320312,21.695344924926758,21.463308334350586,21.463308334350586,173465.0,SPG,1d
1996-04-30 00:00:00+00:00,5.459987163543701,21.3472900390625,21.463308334350586,21.3472900390625,21.463308334350586,68739.0,SPG,1d
1996-05-01 00:00:00+00:00,5.4303131103515625,21.231273651123047,21.3472900390625,21.231273651123047,21.3472900390625,45359.0,SPG,1d
1996-05-02 00:00:00+00:00,5.4303131103515625,21.231273651123047,21.3472900390625,21.11525535583496,21.231273651123047,198245.0,SPG,1d
1996-05-03 00:00:00+00:00,5.549009323120117,21.695344924926758,21.695344924926758,21.3472900390625,21.3472900390625,213329.0,SPG,1d
1996-05-06 00:00:00+00:00,5.549009323120117,21.695344924926758,21.695344924926758,21.463308334350586,21.695344924926758,70571.0,SPG,1d
1996-05-07 00:00:00+00:00,5.519333362579346,21.579326629638672,21.579326629638672,21.463308334350586,21.579326629638672,81884.0,SPG,1d
1996-05-08 00:00:00+00:00,5.519333362579346,21.579326629638672,21.579326629638672,20.651182174682617,21.463308334350586,40942.0,SPG,1d
1996-05-09 00:00:00+00:00,5.519333362579346,21.579326629638672,21.579326629638672,21.463308334350586,21.579326629638672,70787.0,SPG,1d
1996-05-10 00:00:00+00:00,5.549009323120117,21.695344924926758,21.695344924926758,21.463308334350586,21.463308334350586,107203.0,SPG,1d
1996-05-13 00:00:00+00:00,5.727053165435791,22.391450881958008,22.391450881958008,21.579326629638672,21.695344924926758,263106.0,SPG,1d
1996-05-14 00:00:00+00:00,5.697376728057861,22.275432586669922,22.391450881958008,22.15941619873047,22.275432586669922,169909.0,SPG,1d
1996-05-15 00:00:00+00:00,5.638027191162109,22.043397903442383,22.275432586669922,22.043397903442383,22.275432586669922,94813.0,SPG,1d
1996-05-16 00:00:00+00:00,5.6677021980285645,22.15941619873047,22.15941619873047,21.927379608154297,22.043397903442383,79406.0,SPG,1d
1996-05-17 00:00:00+00:00,5.6677021980285645,22.15941619873047,22.15941619873047,21.927379608154297,22.043397903442383,57319.0,SPG,1d
1996-05-20 00:00:00+00:00,5.727053165435791,22.391450881958008,22.391450881958008,22.043397903442383,22.043397903442383,226581.0,SPG,1d
1996-05-21 00:00:00+00:00,5.727053165435791,22.391450881958008,22.507469177246094,22.15941619873047,22.391450881958008,88133.0,SPG,1d
1996-05-22 00:00:00+00:00,5.6677021980285645,22.15941619873047,22.391450881958008,22.043397903442383,22.15941619873047,64861.0,SPG,1d
1996-05-23 00:00:00+00:00,5.608356952667236,21.927379608154297,22.043397903442383,21.927379608154297,22.043397903442383,50746.0,SPG,1d
1996-05-24 00:00:00+00:00,5.608356952667236,21.927379608154297,22.043397903442383,21.81136131286621,22.043397903442383,54410.0,SPG,1d
1996-05-28 00:00:00+00:00,5.638027191162109,22.043397903442383,22.043397903442383,21.81136131286621,22.043397903442383,81345.0,SPG,1d
1996-05-29 00:00:00+00:00,5.638027191162109,22.043397903442383,22.043397903442383,21.81136131286621,21.927379608154297,193074.0,SPG,1d
1996-05-30 00:00:00+00:00,5.727053165435791,22.391450881958008,22.391450881958008,21.927379608154297,21.927379608154297,151808.0,SPG,1d
1996-05-31 00:00:00+00:00,5.756723403930664,22.507469177246094,22.507469177246094,22.275432586669922,22.275432586669922,138879.0,SPG,1d
1996-06-03 00:00:00+00:00,5.727053165435791,22.391450881958008,22.391450881958008,22.275432586669922,22.391450881958008,123257.0,SPG,1d
1996-06-04 00:00:00+00:00,5.727053165435791,22.391450881958008,22.391450881958008,22.275432586669922,22.275432586669922,76928.0,SPG,1d
1996-06-05 00:00:00+00:00,5.756723403930664,22.507469177246094,22.507469177246094,22.275432586669922,22.275432586669922,65399.0,SPG,1d
1996-06-06 00:00:00+00:00,5.727053165435791,22.391450881958008,22.507469177246094,22.391450881958008,22.391450881958008,84901.0,SPG,1d
1996-06-07 00:00:00+00:00,5.727053165435791,22.391450881958008,22.391450881958008,22.15941619873047,22.275432586669922,71541.0,SPG,1d
1996-06-10 00:00:00+00:00,5.756723403930664,22.507469177246094,22.507469177246094,22.275432586669922,22.275432586669922,95028.0,SPG,1d
1996-06-11 00:00:00+00:00,5.786396503448486,22.62348747253418,22.62348747253418,22.391450881958008,22.391450881958008,133923.0,SPG,1d
1996-06-12 00:00:00+00:00,5.727053165435791,22.391450881958008,22.62348747253418,22.391450881958008,22.507469177246094,60659.0,SPG,1d
1996-06-13 00:00:00+00:00,5.756723403930664,22.507469177246094,22.507469177246094,22.391450881958008,22.391450881958008,43312.0,SPG,1d
1996-06-14 00:00:00+00:00,5.756723403930664,22.507469177246094,22.62348747253418,22.391450881958008,22.507469177246094,78436.0,SPG,1d
1996-06-17 00:00:00+00:00,5.786396503448486,22.62348747253418,22.62348747253418,22.507469177246094,22.62348747253418,48699.0,SPG,1d
1996-06-18 00:00:00+00:00,5.756723403930664,22.507469177246094,22.62348747253418,22.507469177246094,22.507469177246094,94167.0,SPG,1d
1996-06-19 00:00:00+00:00,5.786396503448486,22.62348747253418,22.62348747253418,22.507469177246094,22.507469177246094,47514.0,SPG,1d
1996-06-20 00:00:00+00:00,5.727053165435791,22.391450881958008,22.62348747253418,22.275432586669922,22.507469177246094,235955.0,SPG,1d
1996-06-21 00:00:00+00:00,5.697376728057861,22.275432586669922,22.507469177246094,22.275432586669922,22.391450881958008,187471.0,SPG,1d
1996-06-24 00:00:00+00:00,5.727053165435791,22.391450881958008,22.391450881958008,22.275432586669922,22.275432586669922,63137.0,SPG,1d
1996-06-25 00:00:00+00:00,5.756723403930664,22.507469177246094,22.507469177246094,22.275432586669922,22.275432586669922,70894.0,SPG,1d
1996-06-26 00:00:00+00:00,5.786396503448486,22.62348747253418,22.62348747253418,22.391450881958008,22.507469177246094,97076.0,SPG,1d
1996-06-27 00:00:00+00:00,5.727053165435791,22.391450881958008,22.62348747253418,22.391450881958008,22.62348747253418,112267.0,SPG,1d
1996-06-28 00:00:00+00:00,5.816071033477783,22.739505767822266,22.971540451049805,22.391450881958008,22.391450881958008,148792.0,SPG,1d
1996-07-01 00:00:00+00:00,5.845747470855713,22.85552215576172,22.85552215576172,22.739505767822266,22.739505767822266,101062.0,SPG,1d
1996-07-02 00:00:00+00:00,5.875421047210693,22.971540451049805,22.971540451049805,22.739505767822266,22.739505767822266,54733.0,SPG,1d
1996-07-03 00:00:00+00:00,5.845747470855713,22.85552215576172,22.971540451049805,22.739505767822266,22.971540451049805,64214.0,SPG,1d
1996-07-05 00:00:00+00:00,5.816071033477783,22.739505767822266,22.85552215576172,22.62348747253418,22.85552215576172,20040.0,SPG,1d
1996-07-08 00:00:00+00:00,5.786396503448486,22.62348747253418,22.739505767822266,22.507469177246094,22.62348747253418,46652.0,SPG,1d
1996-07-09 00:00:00+00:00,5.756723403930664,22.507469177246094,22.62348747253418,22.391450881958008,22.62348747253418,83608.0,SPG,1d
1996-07-10 00:00:00+00:00,5.703614234924316,21.81136131286621,22.15941619873047,21.695344924926758,22.15941619873047,159997.0,SPG,1d
1996-07-11 00:00:00+00:00,5.642934799194336,21.579326629638672,21.695344924926758,21.463308334350586,21.579326629638672,88456.0,SPG,1d
1996-07-12 00:00:00+00:00,5.703614234924316,21.81136131286621,21.81136131286621,21.231273651123047,21.463308334350586,153640.0,SPG,1d
1996-07-15 00:00:00+00:00,5.6125969886779785,21.463308334350586,21.81136131286621,21.463308334350586,21.695344924926758,122395.0,SPG,1d
1996-07-16 00:00:00+00:00,5.6125969886779785,21.463308334350586,21.81136131286621,21.463308334350586,21.463308334350586,115499.0,SPG,1d
1996-07-17 00:00:00+00:00,5.673274993896484,21.695344924926758,21.695344924926758,21.463308334350586,21.579326629638672,118839.0,SPG,1d
1996-07-18 00:00:00+00:00,5.703614234924316,21.81136131286621,21.81136131286621,21.579326629638672,21.579326629638672,55595.0,SPG,1d
1996-07-19 00:00:00+00:00,5.642934799194336,21.579326629638672,21.81136131286621,21.579326629638672,21.695344924926758,50639.0,SPG,1d
1996-07-22 00:00:00+00:00,5.642934799194336,21.579326629638672,21.695344924926758,21.579326629638672,21.579326629638672,71864.0,SPG,1d
1996-07-23 00:00:00+00:00,5.673274993896484,21.695344924926758,21.695344924926758,21.579326629638672,21.695344924926758,57534.0,SPG,1d
1996-07-24 00:00:00+00:00,5.642934799194336,21.579326629638672,21.579326629638672,21.463308334350586,21.579326629638672,119270.0,SPG,1d
1996-07-25 00:00:00+00:00,5.642934799194336,21.579326629638672,21.579326629638672,21.463308334350586,21.579326629638672,43636.0,SPG,1d
1996-07-26 00:00:00+00:00,5.642934799194336,21.579326629638672,21.579326629638672,21.3472900390625,21.579326629638672,75850.0,SPG,1d
1996-07-29 00:00:00+00:00,5.703614234924316,21.81136131286621,21.81136131286621,21.463308334350586,21.579326629638672,149977.0,SPG,1d
1996-07-30 00:00:00+00:00,5.76428747177124,22.043397903442383,22.15941619873047,21.81136131286621,21.81136131286621,162259.0,SPG,1d
1996-07-31 00:00:00+00:00,5.703614234924316,21.81136131286621,22.043397903442383,21.81136131286621,21.927379608154297,104510.0,SPG,1d
1996-08-01 00:00:00+00:00,5.733951091766357,21.927379608154297,22.043397903442383,21.81136131286621,21.81136131286621,58504.0,SPG,1d
1996-08-02 00:00:00+00:00,5.824965953826904,22.275432586669922,22.391450881958008,21.81136131286621,21.81136131286621,175512.0,SPG,1d
1996-08-05 00:00:00+00:00,5.824965953826904,22.275432586669922,22.62348747253418,22.15941619873047,22.275432586669922,101924.0,SPG,1d
1996-08-06 00:00:00+00:00,5.94631814956665,22.739505767822266,22.739505767822266,22.275432586669922,22.275432586669922,189841.0,SPG,1d
1996-08-07 00:00:00+00:00,5.976660251617432,22.85552215576172,22.85552215576172,22.62348747253418,22.739505767822266,129721.0,SPG,1d
1996-08-08 00:00:00+00:00,5.94631814956665,22.739505767822266,22.739505767822266,22.507469177246094,22.739505767822266,69063.0,SPG,1d
1996-08-09 00:00:00+00:00,5.915979862213135,22.62348747253418,22.739505767822266,22.62348747253418,22.739505767822266,67446.0,SPG,1d
1996-08-12 00:00:00+00:00,6.0378522872924805,22.62348747253418,22.62348747253418,22.391450881958008,22.62348747253418,64537.0,SPG,1d
1996-08-13 00:00:00+00:00,6.130743980407715,22.971540451049805,22.971540451049805,22.507469177246094,22.62348747253418,535262.0,SPG,1d
1996-08-14 00:00:00+00:00,6.2236328125,23.31959342956543,23.31959342956543,22.85552215576172,22.971540451049805,317085.0,SPG,1d
1996-08-15 00:00:00+00:00,6.2545976638793945,23.435611724853516,23.5516300201416,23.08755874633789,23.31959342956543,347576.0,SPG,1d
1996-08-16 00:00:00+00:00,6.192670822143555,23.203577041625977,23.435611724853516,23.08755874633789,23.435611724853516,96429.0,SPG,1d
1996-08-19 00:00:00+00:00,6.130743980407715,22.971540451049805,23.261585235595703,22.85552215576172,23.08755874633789,118947.0,SPG,1d
1996-08-20 00:00:00+00:00,6.130743980407715,22.971540451049805,23.203577041625977,22.971540451049805,23.08755874633789,207619.0,SPG,1d
1996-08-21 00:00:00+00:00,6.130743980407715,22.971540451049805,23.203577041625977,22.85552215576172,23.08755874633789,221518.0,SPG,1d
1996-08-22 00:00:00+00:00,6.161706447601318,23.08755874633789,23.203577041625977,22.85552215576172,22.971540451049805,92119.0,SPG,1d
1996-08-23 00:00:00+00:00,6.161706447601318,23.08755874633789,23.203577041625977,22.971540451049805,23.08755874633789,161613.0,SPG,1d
1996-08-26 00:00:00+00:00,6.099782943725586,22.85552215576172,23.08755874633789,22.62348747253418,22.971540451049805,126920.0,SPG,1d
1996-08-27 00:00:00+00:00,6.0688157081604,22.739505767822266,22.85552215576172,22.507469177246094,22.85552215576172,224103.0,SPG,1d
1996-08-28 00:00:00+00:00,6.130743980407715,22.971540451049805,22.971540451049805,22.85552215576172,22.85552215576172,114314.0,SPG,1d
1996-08-29 00:00:00+00:00,6.192670822143555,23.203577041625977,23.203577041625977,22.85552215576172,22.971540451049805,142866.0,SPG,1d
1996-08-30 00:00:00+00:00,6.161706447601318,23.08755874633789,23.203577041625977,23.08755874633789,23.203577041625977,104402.0,SPG,1d
1996-09-03 00:00:00+00:00,6.130743980407715,22.971540451049805,23.08755874633789,22.85552215576172,23.08755874633789,125950.0,SPG,1d
1996-09-04 00:00:00+00:00,6.130743980407715,22.971540451049805,23.203577041625977,22.739505767822266,22.971540451049805,134893.0,SPG,1d
1996-09-05 00:00:00+00:00,6.192670822143555,23.203577041625977,23.31959342956543,22.971540451049805,23.08755874633789,148038.0,SPG,1d
1996-09-06 00:00:00+00:00,6.192670822143555,23.203577041625977,23.31959342956543,23.08755874633789,23.203577041625977,77790.0,SPG,1d
1996-09-09 00:00:00+00:00,6.161706447601318,23.08755874633789,23.31959342956543,22.971540451049805,23.203577041625977,192104.0,SPG,1d
1996-09-10 00:00:00+00:00,6.192670822143555,23.203577041625977,23.203577041625977,22.971540451049805,22.971540451049805,256534.0,SPG,1d
1996-09-11 00:00:00+00:00,6.192670822143555,23.203577041625977,23.203577041625977,23.08755874633789,23.203577041625977,244898.0,SPG,1d
1996-09-12 00:00:00+00:00,6.161706447601318,23.08755874633789,23.203577041625977,22.971540451049805,23.203577041625977,70463.0,SPG,1d
1996-09-13 00:00:00+00:00,6.192670822143555,23.203577041625977,23.203577041625977,22.971540451049805,23.08755874633789,228736.0,SPG,1d
1996-09-16 00:00:00+00:00,6.2236328125,23.31959342956543,23.31959342956543,22.971540451049805,23.203577041625977,324411.0,SPG,1d
1996-09-17 00:00:00+00:00,6.316522121429443,23.667648315429688,23.89968490600586,23.203577041625977,23.31959342956543,270432.0,SPG,1d
1996-09-18 00:00:00+00:00,6.316522121429443,23.667648315429688,23.89968490600586,23.493621826171875,23.667648315429688,194582.0,SPG,1d
1996-09-19 00:00:00+00:00,6.347485542297363,23.783666610717773,23.89968490600586,23.5516300201416,23.667648315429688,192319.0,SPG,1d
1996-09-20 00:00:00+00:00,6.347485542297363,23.783666610717773,23.89968490600586,23.667648315429688,23.783666610717773,118624.0,SPG,1d
1996-09-23 00:00:00+00:00,6.347485542297363,23.783666610717773,23.783666610717773,23.667648315429688,23.783666610717773,155148.0,SPG,1d
1996-09-24 00:00:00+00:00,6.378451347351074,23.89968490600586,23.89968490600586,23.667648315429688,23.667648315429688,127567.0,SPG,1d
1996-09-25 00:00:00+00:00,6.347485542297363,23.783666610717773,23.89968490600586,23.667648315429688,23.783666610717773,95352.0,SPG,1d
1996-09-26 00:00:00+00:00,6.378451347351074,23.89968490600586,23.89968490600586,23.783666610717773,23.89968490600586,88025.0,SPG,1d
1996-09-27 00:00:00+00:00,6.347485542297363,23.783666610717773,23.89968490600586,23.783666610717773,23.89968490600586,80914.0,SPG,1d
1996-09-30 00:00:00+00:00,6.316522121429443,23.667648315429688,23.89968490600586,23.5516300201416,23.89968490600586,140172.0,SPG,1d
1996-10-01 00:00:00+00:00,6.4403767585754395,24.1317195892334,24.247737884521484,23.5516300201416,23.667648315429688,398645.0,SPG,1d
1996-10-02 00:00:00+00:00,6.502305507659912,24.363754272460938,24.479772567749023,24.1317195892334,24.247737884521484,133061.0,SPG,1d
1996-10-03 00:00:00+00:00,6.5642290115356445,24.59579086303711,24.59579086303711,24.363754272460938,24.479772567749023,265584.0,SPG,1d
1996-10-04 00:00:00+00:00,6.595193862915039,24.711809158325195,24.943845748901367,24.59579086303711,24.59579086303711,246298.0,SPG,1d
1996-10-07 00:00:00+00:00,6.595193862915039,24.711809158325195,24.943845748901367,24.59579086303711,24.711809158325195,135755.0,SPG,1d
1996-10-08 00:00:00+00:00,6.5642290115356445,24.59579086303711,24.82782745361328,24.59579086303711,24.82782745361328,130152.0,SPG,1d
1996-10-09 00:00:00+00:00,6.533270359039307,24.479772567749023,24.711809158325195,24.363754272460938,24.711809158325195,142004.0,SPG,1d
1996-10-10 00:00:00+00:00,6.4403767585754395,24.1317195892334,24.479772567749023,24.1317195892334,24.479772567749023,116361.0,SPG,1d
1996-10-11 00:00:00+00:00,6.47134256362915,24.247737884521484,24.363754272460938,24.1317195892334,24.247737884521484,161829.0,SPG,1d
1996-10-14 00:00:00+00:00,6.4403767585754395,24.1317195892334,24.363754272460938,24.015701293945312,24.1317195892334,152778.0,SPG,1d
1996-10-15 00:00:00+00:00,6.4403767585754395,24.1317195892334,24.1317195892334,24.015701293945312,24.1317195892334,206218.0,SPG,1d
1996-10-16 00:00:00+00:00,6.4403767585754395,24.1317195892334,24.1317195892334,24.015701293945312,24.015701293945312,212252.0,SPG,1d
1996-10-17 00:00:00+00:00,6.47134256362915,24.247737884521484,24.363754272460938,24.015701293945312,24.1317195892334,579544.0,SPG,1d
1996-10-18 00:00:00+00:00,6.4403767585754395,24.1317195892334,24.363754272460938,24.1317195892334,24.363754272460938,140496.0,SPG,1d
1996-10-21 00:00:00+00:00,6.502305507659912,24.363754272460938,24.363754272460938,24.1317195892334,24.1317195892334,194259.0,SPG,1d
1996-10-22 00:00:00+00:00,6.533270359039307,24.479772567749023,24.59579086303711,24.247737884521484,24.363754272460938,198999.0,SPG,1d
1996-10-23 00:00:00+00:00,6.657120704650879,24.943845748901367,24.943845748901367,24.363754272460938,24.363754272460938,310836.0,SPG,1d
1996-10-24 00:00:00+00:00,6.5642290115356445,24.59579086303711,24.711809158325195,24.59579086303711,24.711809158325195,145128.0,SPG,1d
1996-10-25 00:00:00+00:00,6.626158237457275,24.82782745361328,24.82782745361328,24.59579086303711,24.59579086303711,124981.0,SPG,1d
1996-10-28 00:00:00+00:00,6.626158237457275,24.82782745361328,24.82782745361328,24.711809158325195,24.82782745361328,121102.0,SPG,1d
1996-10-29 00:00:00+00:00,6.595193862915039,24.711809158325195,24.711809158325195,24.479772567749023,24.711809158325195,188764.0,SPG,1d
1996-10-30 00:00:00+00:00,6.533270359039307,24.479772567749023,24.711809158325195,24.479772567749023,24.711809158325195,100092.0,SPG,1d
1996-10-31 00:00:00+00:00,6.533270359039307,24.479772567749023,24.59579086303711,24.479772567749023,24.59579086303711,119809.0,SPG,1d
1996-11-01 00:00:00+00:00,6.5642290115356445,24.59579086303711,24.59579086303711,24.363754272460938,24.59579086303711,244359.0,SPG,1d
1996-11-04 00:00:00+00:00,6.626158237457275,24.82782745361328,24.82782745361328,24.59579086303711,24.59579086303711,225181.0,SPG,1d
1996-11-05 00:00:00+00:00,6.688082218170166,25.05986213684082,25.175880432128906,24.82782745361328,24.82782745361328,217316.0,SPG,1d
1996-11-06 00:00:00+00:00,6.853744983673096,25.175880432128906,25.639951705932617,24.711809158325195,24.711809158325195,269032.0,SPG,1d
1996-11-07 00:00:00+00:00,6.822159767150879,25.05986213684082,25.05986213684082,24.82782745361328,25.05986213684082,156118.0,SPG,1d
1996-11-08 00:00:00+00:00,6.916908264160156,25.407915115356445,25.407915115356445,24.82782745361328,25.05986213684082,153532.0,SPG,1d
1996-11-11 00:00:00+00:00,6.885325908660889,25.291898727416992,25.407915115356445,25.05986213684082,25.407915115356445,98261.0,SPG,1d
1996-11-12 00:00:00+00:00,6.885325908660889,25.291898727416992,25.407915115356445,25.175880432128906,25.291898727416992,133061.0,SPG,1d
1996-11-13 00:00:00+00:00,6.885325908660889,25.291898727416992,25.407915115356445,25.05986213684082,25.291898727416992,122610.0,SPG,1d
1996-11-14 00:00:00+00:00,6.853744983673096,25.175880432128906,25.407915115356445,25.175880432128906,25.291898727416992,154071.0,SPG,1d
1996-11-15 00:00:00+00:00,6.885325908660889,25.291898727416992,25.291898727416992,25.175880432128906,25.175880432128906,78113.0,SPG,1d
1996-11-18 00:00:00+00:00,6.916908264160156,25.407915115356445,25.639951705932617,25.175880432128906,25.175880432128906,204710.0,SPG,1d
1996-11-19 00:00:00+00:00,6.885325908660889,25.291898727416992,25.639951705932617,25.175880432128906,25.52393341064453,134139.0,SPG,1d
1996-11-20 00:00:00+00:00,7.011665344238281,25.755970001220703,25.87198829650879,25.291898727416992,25.291898727416992,408342.0,SPG,1d
1996-11-21 00:00:00+00:00,6.885325908660889,25.291898727416992,25.755970001220703,25.291898727416992,25.639951705932617,326135.0,SPG,1d
1996-11-22 00:00:00+00:00,6.885325908660889,25.291898727416992,25.407915115356445,25.05986213684082,25.175880432128906,188872.0,SPG,1d
1996-11-25 00:00:00+00:00,6.916908264160156,25.407915115356445,25.407915115356445,25.175880432128906,25.291898727416992,196090.0,SPG,1d
1996-11-26 00:00:00+00:00,6.853744983673096,25.175880432128906,25.407915115356445,25.05986213684082,25.291898727416992,206972.0,SPG,1d
1996-11-27 00:00:00+00:00,6.916908264160156,25.407915115356445,25.407915115356445,25.175880432128906,25.291898727416992,136725.0,SPG,1d
1996-11-29 00:00:00+00:00,6.916908264160156,25.407915115356445,25.52393341064453,25.291898727416992,25.407915115356445,83392.0,SPG,1d
1996-12-02 00:00:00+00:00,6.916908264160156,25.407915115356445,25.639951705932617,25.291898727416992,25.52393341064453,148038.0,SPG,1d
1996-12-03 00:00:00+00:00,6.885325908660889,25.291898727416992,25.52393341064453,25.175880432128906,25.407915115356445,303186.0,SPG,1d
1996-12-04 00:00:00+00:00,6.9484968185424805,25.52393341064453,25.52393341064453,25.175880432128906,25.291898727416992,814853.0,SPG,1d
1996-12-05 00:00:00+00:00,7.074829578399658,25.988006591796875,26.10402488708496,25.407915115356445,25.52393341064453,252009.0,SPG,1d
1996-12-06 00:00:00+00:00,7.232751369476318,26.56809425354004,26.684112548828125,25.755970001220703,25.755970001220703,1042943.0,SPG,1d
1996-12-09 00:00:00+00:00,7.51701021194458,27.612255096435547,28.30836296081543,26.56809425354004,26.56809425354004,1907680.0,SPG,1d
1996-12-10 00:00:00+00:00,7.51701021194458,27.612255096435547,27.84429168701172,27.496238708496094,27.496238708496094,558211.0,SPG,1d
1996-12-11 00:00:00+00:00,7.611762046813965,27.960309982299805,28.192344665527344,27.032167434692383,27.380220413208008,493997.0,SPG,1d
1996-12-12 00:00:00+00:00,7.738097667694092,28.424381256103516,28.656417846679688,28.07632827758789,28.07632827758789,1261767.0,SPG,1d
1996-12-13 00:00:00+00:00,7.67493200302124,28.192344665527344,28.5403995513916,27.960309982299805,28.30836296081543,1683792.0,SPG,1d
1996-12-16 00:00:00+00:00,7.51701021194458,27.612255096435547,28.192344665527344,27.496238708496094,28.192344665527344,396491.0,SPG,1d
1996-12-17 00:00:00+00:00,7.485421657562256,27.496238708496094,27.728273391723633,27.380220413208008,27.496238708496094,271618.0,SPG,1d
1996-12-18 00:00:00+00:00,7.422255039215088,27.264202117919922,27.84429168701172,27.14818572998047,27.496238708496094,173141.0,SPG,1d
1996-12-19 00:00:00+00:00,7.769683361053467,28.5403995513916,28.5403995513916,27.380220413208008,27.496238708496094,368262.0,SPG,1d
1996-12-20 00:00:00+00:00,7.67493200302124,28.192344665527344,28.424381256103516,27.264202117919922,28.424381256103516,297907.0,SPG,1d
1996-12-23 00:00:00+00:00,7.67493200302124,28.192344665527344,28.192344665527344,27.960309982299805,28.192344665527344,138772.0,SPG,1d
1996-12-24 00:00:00+00:00,7.738097667694092,28.424381256103516,28.424381256103516,27.960309982299805,28.192344665527344,65830.0,SPG,1d
1996-12-26 00:00:00+00:00,7.706516742706299,28.30836296081543,28.424381256103516,27.960309982299805,28.30836296081543,170340.0,SPG,1d
1996-12-27 00:00:00+00:00,7.67493200302124,28.192344665527344,28.424381256103516,28.07632827758789,28.07632827758789,111728.0,SPG,1d
1996-12-30 00:00:00+00:00,7.706516742706299,28.30836296081543,28.424381256103516,28.07632827758789,28.30836296081543,362229.0,SPG,1d
1996-12-31 00:00:00+00:00,7.832852363586426,28.77243423461914,28.77243423461914,28.30836296081543,28.424381256103516,255780.0,SPG,1d
1997-01-02 00:00:00+00:00,7.67493200302124,28.192344665527344,28.77243423461914,28.07632827758789,28.77243423461914,248884.0,SPG,1d
1997-01-03 00:00:00+00:00,7.51701021194458,27.612255096435547,28.424381256103516,27.496238708496094,28.424381256103516,295644.0,SPG,1d
1997-01-06 00:00:00+00:00,7.67493200302124,28.192344665527344,28.192344665527344,27.728273391723633,27.84429168701172,179606.0,SPG,1d
1997-01-07 00:00:00+00:00,7.769683361053467,28.5403995513916,28.5403995513916,27.960309982299805,27.960309982299805,215161.0,SPG,1d
1997-01-08 00:00:00+00:00,7.706516742706299,28.30836296081543,28.5403995513916,28.192344665527344,28.30836296081543,105372.0,SPG,1d
1997-01-09 00:00:00+00:00,7.738097667694092,28.424381256103516,28.5403995513916,28.30836296081543,28.5403995513916,166677.0,SPG,1d
1997-01-10 00:00:00+00:00,7.580173969268799,27.84429168701172,28.30836296081543,27.612255096435547,28.30836296081543,259766.0,SPG,1d
1997-01-13 00:00:00+00:00,7.580173969268799,27.84429168701172,27.84429168701172,27.380220413208008,27.84429168701172,277974.0,SPG,1d
1997-01-14 00:00:00+00:00,7.548593044281006,27.728273391723633,27.84429168701172,27.496238708496094,27.84429168701172,354363.0,SPG,1d
1997-01-15 00:00:00+00:00,7.548593044281006,27.728273391723633,27.960309982299805,27.612255096435547,27.84429168701172,290688.0,SPG,1d
1997-01-16 00:00:00+00:00,7.548593044281006,27.728273391723633,27.84429168701172,27.612255096435547,27.84429168701172,382700.0,SPG,1d
1997-01-17 00:00:00+00:00,7.548593044281006,27.728273391723633,27.84429168701172,27.612255096435547,27.728273391723633,184670.0,SPG,1d
1997-01-20 00:00:00+00:00,7.51701021194458,27.612255096435547,27.84429168701172,27.612255096435547,27.728273391723633,182730.0,SPG,1d
1997-01-21 00:00:00+00:00,7.580173969268799,27.84429168701172,27.84429168701172,27.496238708496094,27.612255096435547,162259.0,SPG,1d
1997-01-22 00:00:00+00:00,7.548593044281006,27.728273391723633,27.84429168701172,27.728273391723633,27.728273391723633,102786.0,SPG,1d
1997-01-23 00:00:00+00:00,7.580173969268799,27.84429168701172,27.84429168701172,27.728273391723633,27.84429168701172,223996.0,SPG,1d
1997-01-24 00:00:00+00:00,7.422255039215088,27.264202117919922,27.728273391723633,27.032167434692383,27.728273391723633,219578.0,SPG,1d
1997-01-27 00:00:00+00:00,7.264336109161377,26.684112548828125,27.380220413208008,26.3360595703125,27.264202117919922,395090.0,SPG,1d
1997-01-28 00:00:00+00:00,7.327510356903076,26.916149139404297,27.264202117919922,26.56809425354004,26.56809425354004,284870.0,SPG,1d
1997-01-29 00:00:00+00:00,7.327510356903076,26.916149139404297,27.264202117919922,26.80013084411621,27.14818572998047,287025.0,SPG,1d
1997-01-30 00:00:00+00:00,7.422255039215088,27.264202117919922,27.264202117919922,26.916149139404297,27.032167434692383,227012.0,SPG,1d
1997-01-31 00:00:00+00:00,7.390674591064453,27.14818572998047,27.380220413208008,27.032167434692383,27.264202117919922,160212.0,SPG,1d
1997-02-03 00:00:00+00:00,7.51701021194458,27.612255096435547,27.728273391723633,27.14818572998047,27.264202117919922,341434.0,SPG,1d
1997-02-04 00:00:00+00:00,7.51701021194458,27.612255096435547,27.728273391723633,27.496238708496094,27.612255096435547,97076.0,SPG,1d
1997-02-05 00:00:00+00:00,7.653520107269287,27.612255096435547,27.728273391723633,27.14818572998047,27.14818572998047,528367.0,SPG,1d
1997-02-06 00:00:00+00:00,7.653520107269287,27.612255096435547,27.612255096435547,27.380220413208008,27.612255096435547,100416.0,SPG,1d
1997-02-07 00:00:00+00:00,7.846464157104492,28.30836296081543,28.424381256103516,27.496238708496094,27.612255096435547,281853.0,SPG,1d
1997-02-10 00:00:00+00:00,7.749992847442627,27.960309982299805,28.424381256103516,27.612255096435547,28.424381256103516,217747.0,SPG,1d
1997-02-11 00:00:00+00:00,7.8143086433410645,28.192344665527344,28.30836296081543,27.84429168701172,27.84429168701172,104187.0,SPG,1d
1997-02-12 00:00:00+00:00,7.782151222229004,28.07632827758789,28.192344665527344,27.84429168701172,28.192344665527344,79298.0,SPG,1d
1997-02-13 00:00:00+00:00,7.717833518981934,27.84429168701172,28.192344665527344,27.84429168701172,28.07632827758789,352747.0,SPG,1d
1997-02-14 00:00:00+00:00,7.717833518981934,27.84429168701172,28.07632827758789,27.84429168701172,27.960309982299805,104617.0,SPG,1d
1997-02-18 00:00:00+00:00,7.782151222229004,28.07632827758789,28.07632827758789,27.728273391723633,27.960309982299805,119701.0,SPG,1d
1997-02-19 00:00:00+00:00,7.846464157104492,28.30836296081543,28.656417846679688,27.960309982299805,27.960309982299805,452301.0,SPG,1d
1997-02-20 00:00:00+00:00,7.685678958892822,27.728273391723633,28.30836296081543,27.612255096435547,28.30836296081543,228198.0,SPG,1d
1997-02-21 00:00:00+00:00,7.5570454597473145,27.264202117919922,27.728273391723633,27.264202117919922,27.496238708496094,238756.0,SPG,1d
1997-02-24 00:00:00+00:00,7.621361255645752,27.496238708496094,27.728273391723633,27.264202117919922,27.496238708496094,390780.0,SPG,1d
1997-02-25 00:00:00+00:00,7.685678958892822,27.728273391723633,27.84429168701172,27.496238708496094,27.496238708496094,153856.0,SPG,1d
1997-02-26 00:00:00+00:00,7.749992847442627,27.960309982299805,28.07632827758789,27.728273391723633,27.960309982299805,326782.0,SPG,1d
1997-02-27 00:00:00+00:00,7.749992847442627,27.960309982299805,28.07632827758789,27.728273391723633,27.84429168701172,285624.0,SPG,1d
1997-02-28 00:00:00+00:00,7.749992847442627,27.960309982299805,27.960309982299805,27.728273391723633,27.960309982299805,170556.0,SPG,1d
1997-03-03 00:00:00+00:00,7.782151222229004,28.07632827758789,28.192344665527344,27.960309982299805,27.960309982299805,296829.0,SPG,1d
1997-03-04 00:00:00+00:00,7.749992847442627,27.960309982299805,28.07632827758789,27.84429168701172,28.07632827758789,117762.0,SPG,1d
1997-03-05 00:00:00+00:00,7.749992847442627,27.960309982299805,28.30836296081543,27.960309982299805,27.960309982299805,125950.0,SPG,1d
1997-03-06 00:00:00+00:00,8.200201034545898,29.58456039428711,29.58456039428711,28.07632827758789,28.07632827758789,252332.0,SPG,1d
1997-03-07 00:00:00+00:00,8.328824996948242,30.04863166809082,30.164648056030273,29.23650550842285,29.468542098999023,257072.0,SPG,1d
1997-03-10 00:00:00+00:00,8.264514923095703,29.81659507751465,30.396684646606445,29.352523803710938,29.932613372802734,218824.0,SPG,1d
1997-03-11 00:00:00+00:00,8.200201034545898,29.58456039428711,29.932613372802734,29.23650550842285,29.81659507751465,223241.0,SPG,1d
1997-03-12 00:00:00+00:00,8.103728294372559,29.23650550842285,29.700578689575195,28.77243423461914,29.700578689575195,210312.0,SPG,1d
1997-03-13 00:00:00+00:00,8.007257461547852,28.888452529907227,29.352523803710938,28.77243423461914,29.23650550842285,123365.0,SPG,1d
1997-03-14 00:00:00+00:00,8.135885238647461,29.352523803710938,29.468542098999023,28.888452529907227,28.888452529907227,91150.0,SPG,1d
1997-03-17 00:00:00+00:00,8.135885238647461,29.352523803710938,29.81659507751465,29.23650550842285,29.23650550842285,138125.0,SPG,1d
1997-03-18 00:00:00+00:00,8.103728294372559,29.23650550842285,29.700578689575195,29.004470825195312,29.352523803710938,120779.0,SPG,1d
1997-03-19 00:00:00+00:00,8.200201034545898,29.58456039428711,29.58456039428711,29.1204891204834,29.23650550842285,159350.0,SPG,1d
1997-03-20 00:00:00+00:00,8.232355117797852,29.700578689575195,29.700578689575195,29.352523803710938,29.468542098999023,214407.0,SPG,1d
1997-03-21 00:00:00+00:00,8.168041229248047,29.468542098999023,29.700578689575195,29.352523803710938,29.58456039428711,135216.0,SPG,1d
1997-03-24 00:00:00+00:00,8.200201034545898,29.58456039428711,29.58456039428711,29.1204891204834,29.468542098999023,192212.0,SPG,1d
1997-03-25 00:00:00+00:00,8.039412498474121,29.004470825195312,29.58456039428711,28.888452529907227,29.58456039428711,216130.0,SPG,1d
1997-03-26 00:00:00+00:00,8.039412498474121,29.004470825195312,29.004470825195312,28.77243423461914,29.004470825195312,73265.0,SPG,1d
1997-03-27 00:00:00+00:00,7.8143086433410645,28.192344665527344,29.004470825195312,28.192344665527344,29.004470825195312,219686.0,SPG,1d
1997-03-31 00:00:00+00:00,7.782151222229004,28.07632827758789,28.424381256103516,27.612255096435547,27.728273391723633,534400.0,SPG,1d
1997-04-01 00:00:00+00:00,7.878622531890869,28.424381256103516,28.5403995513916,28.07632827758789,28.07632827758789,176481.0,SPG,1d
1997-04-02 00:00:00+00:00,7.846464157104492,28.30836296081543,28.424381256103516,28.07632827758789,28.424381256103516,311913.0,SPG,1d
1997-04-03 00:00:00+00:00,7.846464157104492,28.30836296081543,28.424381256103516,28.07632827758789,28.192344665527344,206218.0,SPG,1d
1997-04-04 00:00:00+00:00,7.846464157104492,28.30836296081543,28.424381256103516,28.07632827758789,28.30836296081543,574804.0,SPG,1d
1997-04-07 00:00:00+00:00,8.007257461547852,28.888452529907227,28.888452529907227,28.192344665527344,28.192344665527344,98261.0,SPG,1d
1997-04-08 00:00:00+00:00,7.942941188812256,28.656417846679688,28.77243423461914,28.5403995513916,28.656417846679688,275712.0,SPG,1d
1997-04-09 00:00:00+00:00,7.942941188812256,28.656417846679688,28.77243423461914,28.5403995513916,28.656417846679688,76820.0,SPG,1d
1997-04-10 00:00:00+00:00,7.910782337188721,28.5403995513916,28.77243423461914,28.5403995513916,28.77243423461914,75204.0,SPG,1d
1997-04-11 00:00:00+00:00,7.846464157104492,28.30836296081543,28.5403995513916,27.960309982299805,28.424381256103516,89965.0,SPG,1d
1997-04-14 00:00:00+00:00,7.653520107269287,27.612255096435547,28.30836296081543,27.380220413208008,28.192344665527344,612298.0,SPG,1d
1997-04-15 00:00:00+00:00,7.653520107269287,27.612255096435547,27.960309982299805,27.380220413208008,27.612255096435547,166677.0,SPG,1d
1997-04-16 00:00:00+00:00,7.685678958892822,27.728273391723633,27.728273391723633,27.496238708496094,27.612255096435547,69709.0,SPG,1d
1997-04-17 00:00:00+00:00,7.621361255645752,27.496238708496094,27.84429168701172,27.380220413208008,27.728273391723633,78113.0,SPG,1d
1997-04-18 00:00:00+00:00,7.653520107269287,27.612255096435547,27.728273391723633,27.264202117919922,27.380220413208008,128752.0,SPG,1d
1997-04-21 00:00:00+00:00,7.589202404022217,27.380220413208008,27.728273391723633,27.14818572998047,27.496238708496094,99230.0,SPG,1d
1997-04-22 00:00:00+00:00,7.5570454597473145,27.264202117919922,27.380220413208008,27.14818572998047,27.380220413208008,94059.0,SPG,1d
1997-04-23 00:00:00+00:00,7.524893283843994,27.14818572998047,27.380220413208008,27.032167434692383,27.032167434692383,107742.0,SPG,1d
1997-04-24 00:00:00+00:00,7.364097595214844,26.56809425354004,27.14818572998047,26.452077865600586,27.14818572998047,103863.0,SPG,1d
1997-04-25 00:00:00+00:00,7.331942558288574,26.452077865600586,26.452077865600586,25.988006591796875,26.220041275024414,76928.0,SPG,1d
1997-04-28 00:00:00+00:00,7.235473155975342,26.10402488708496,26.56809425354004,25.87198829650879,26.56809425354004,133385.0,SPG,1d
1997-04-29 00:00:00+00:00,7.299785137176514,26.3360595703125,26.684112548828125,25.87198829650879,25.988006591796875,198461.0,SPG,1d
1997-04-30 00:00:00+00:00,7.364097595214844,26.56809425354004,26.684112548828125,26.10402488708496,26.220041275024414,190057.0,SPG,1d
1997-05-01 00:00:00+00:00,7.364097595214844,26.56809425354004,26.80013084411621,26.452077865600586,26.684112548828125,83177.0,SPG,1d
1997-05-02 00:00:00+00:00,7.492729187011719,27.032167434692383,27.032167434692383,26.220041275024414,26.452077865600586,259443.0,SPG,1d
1997-05-05 00:00:00+00:00,7.653520107269287,27.612255096435547,27.612255096435547,26.684112548828125,26.80013084411621,105264.0,SPG,1d
1997-05-06 00:00:00+00:00,7.653520107269287,27.612255096435547,27.84429168701172,27.14818572998047,27.612255096435547,382484.0,SPG,1d
1997-05-07 00:00:00+00:00,7.589202404022217,27.380220413208008,27.496238708496094,27.14818572998047,27.496238708496094,92658.0,SPG,1d
1997-05-08 00:00:00+00:00,7.5570454597473145,27.264202117919922,27.380220413208008,26.684112548828125,27.380220413208008,186932.0,SPG,1d
1997-05-09 00:00:00+00:00,7.653520107269287,27.612255096435547,27.728273391723633,27.14818572998047,27.496238708496094,735878.0,SPG,1d
1997-05-12 00:00:00+00:00,7.653520107269287,27.612255096435547,27.612255096435547,27.14818572998047,27.612255096435547,162367.0,SPG,1d
1997-05-13 00:00:00+00:00,7.589202404022217,27.380220413208008,27.612255096435547,27.264202117919922,27.380220413208008,186070.0,SPG,1d
1997-05-14 00:00:00+00:00,7.6990437507629395,27.264202117919922,27.496238708496094,26.916149139404297,26.916149139404297,208804.0,SPG,1d
1997-05-15 00:00:00+00:00,7.731806755065918,27.380220413208008,27.380220413208008,27.032167434692383,27.264202117919922,105048.0,SPG,1d
1997-05-16 00:00:00+00:00,7.830093860626221,27.728273391723633,27.728273391723633,27.14818572998047,27.14818572998047,131338.0,SPG,1d
1997-05-19 00:00:00+00:00,7.731806755065918,27.380220413208008,27.612255096435547,27.264202117919922,27.496238708496094,140603.0,SPG,1d
1997-05-20 00:00:00+00:00,7.731806755065918,27.380220413208008,27.496238708496094,27.264202117919922,27.380220413208008,141142.0,SPG,1d
1997-05-21 00:00:00+00:00,7.6990437507629395,27.264202117919922,27.264202117919922,27.14818572998047,27.14818572998047,121102.0,SPG,1d
1997-05-22 00:00:00+00:00,7.666285991668701,27.14818572998047,27.264202117919922,27.14818572998047,27.14818572998047,161505.0,SPG,1d
1997-05-23 00:00:00+00:00,7.633523464202881,27.032167434692383,27.14818572998047,26.684112548828125,27.032167434692383,147391.0,SPG,1d
1997-05-27 00:00:00+00:00,7.633523464202881,27.032167434692383,27.14818572998047,26.916149139404297,27.032167434692383,77359.0,SPG,1d
1997-05-28 00:00:00+00:00,7.633523464202881,27.032167434692383,27.032167434692383,26.80013084411621,27.032167434692383,162367.0,SPG,1d
1997-05-29 00:00:00+00:00,7.764567852020264,27.496238708496094,27.496238708496094,26.916149139404297,26.916149139404297,205895.0,SPG,1d
1997-05-30 00:00:00+00:00,7.9283833503723145,28.07632827758789,28.07632827758789,27.264202117919922,27.496238708496094,234662.0,SPG,1d
1997-06-02 00:00:00+00:00,7.993903636932373,28.30836296081543,28.424381256103516,27.612255096435547,27.960309982299805,176912.0,SPG,1d
1997-06-03 00:00:00+00:00,8.026664733886719,28.424381256103516,28.5403995513916,28.192344665527344,28.30836296081543,113668.0,SPG,1d
1997-06-04 00:00:00+00:00,7.961143970489502,28.192344665527344,28.656417846679688,28.07632827758789,28.30836296081543,335185.0,SPG,1d
1997-06-05 00:00:00+00:00,7.993903636932373,28.30836296081543,28.30836296081543,27.84429168701172,27.84429168701172,118408.0,SPG,1d
1997-06-06 00:00:00+00:00,8.026664733886719,28.424381256103516,28.424381256103516,28.192344665527344,28.192344665527344,64214.0,SPG,1d
1997-06-09 00:00:00+00:00,7.961143970489502,28.192344665527344,28.5403995513916,28.192344665527344,28.30836296081543,178959.0,SPG,1d
1997-06-10 00:00:00+00:00,7.961143970489502,28.192344665527344,28.30836296081543,28.07632827758789,28.192344665527344,119163.0,SPG,1d
1997-06-11 00:00:00+00:00,7.993903636932373,28.30836296081543,28.30836296081543,27.84429168701172,28.07632827758789,79945.0,SPG,1d
1997-06-12 00:00:00+00:00,8.026664733886719,28.424381256103516,28.424381256103516,28.07632827758789,28.07632827758789,345205.0,SPG,1d
1997-06-13 00:00:00+00:00,8.124955177307129,28.77243423461914,28.888452529907227,28.07632827758789,28.424381256103516,284008.0,SPG,1d
1997-06-16 00:00:00+00:00,8.190475463867188,29.004470825195312,29.1204891204834,28.77243423461914,28.77243423461914,431076.0,SPG,1d
1997-06-17 00:00:00+00:00,7.993903636932373,28.30836296081543,28.888452529907227,27.84429168701172,28.888452529907227,522118.0,SPG,1d
1997-06-18 00:00:00+00:00,8.092192649841309,28.656417846679688,28.77243423461914,28.192344665527344,28.424381256103516,152670.0,SPG,1d
1997-06-19 00:00:00+00:00,8.026664733886719,28.424381256103516,28.77243423461914,28.192344665527344,28.656417846679688,186501.0,SPG,1d
1997-06-20 00:00:00+00:00,8.026664733886719,28.424381256103516,28.656417846679688,28.192344665527344,28.656417846679688,143728.0,SPG,1d
1997-06-23 00:00:00+00:00,8.124955177307129,28.77243423461914,28.77243423461914,28.424381256103516,28.424381256103516,151916.0,SPG,1d
1997-06-24 00:00:00+00:00,8.043051719665527,28.482389450073242,28.656417846679688,28.134336471557617,28.598407745361328,145236.0,SPG,1d
1997-06-25 00:00:00+00:00,8.043051719665527,28.482389450073242,28.598407745361328,28.30836296081543,28.5403995513916,86840.0,SPG,1d
1997-06-26 00:00:00+00:00,8.092192649841309,28.656417846679688,29.23650550842285,28.424381256103516,28.424381256103516,155795.0,SPG,1d
1997-06-27 00:00:00+00:00,8.157716751098633,28.888452529907227,28.946462631225586,28.5403995513916,28.5403995513916,108281.0,SPG,1d
1997-06-30 00:00:00+00:00,8.387044906616211,29.700578689575195,29.700578689575195,28.656417846679688,28.656417846679688,177236.0,SPG,1d
1997-07-01 00:00:00+00:00,8.157716751098633,28.888452529907227,29.52655029296875,28.5403995513916,29.468542098999023,214083.0,SPG,1d
1997-07-02 00:00:00+00:00,8.059429168701172,28.5403995513916,28.888452529907227,28.5403995513916,28.888452529907227,142219.0,SPG,1d
1997-07-03 00:00:00+00:00,8.026664733886719,28.424381256103516,28.598407745361328,28.424381256103516,28.598407745361328,159889.0,SPG,1d
1997-07-07 00:00:00+00:00,8.10857105255127,28.714426040649414,28.714426040649414,28.366371154785156,28.366371154785156,137263.0,SPG,1d
1997-07-08 00:00:00+00:00,8.10857105255127,28.714426040649414,28.8304443359375,28.598407745361328,28.714426040649414,172710.0,SPG,1d
1997-07-09 00:00:00+00:00,7.879239559173584,27.902301788330078,28.77243423461914,27.84429168701172,28.714426040649414,296291.0,SPG,1d
1997-07-10 00:00:00+00:00,7.9283833503723145,28.07632827758789,28.134336471557617,27.960309982299805,28.07632827758789,203740.0,SPG,1d
1997-07-11 00:00:00+00:00,8.043051719665527,28.482389450073242,28.5403995513916,27.960309982299805,28.01831817626953,124119.0,SPG,1d
1997-07-14 00:00:00+00:00,8.092192649841309,28.656417846679688,29.004470825195312,28.424381256103516,28.598407745361328,84685.0,SPG,1d
1997-07-15 00:00:00+00:00,8.10857105255127,28.714426040649414,28.714426040649414,28.5403995513916,28.5403995513916,92874.0,SPG,1d
1997-07-16 00:00:00+00:00,8.124955177307129,28.77243423461914,28.888452529907227,28.5403995513916,28.656417846679688,272264.0,SPG,1d
1997-07-17 00:00:00+00:00,8.190475463867188,29.004470825195312,29.52655029296875,28.656417846679688,28.77243423461914,161505.0,SPG,1d
1997-07-18 00:00:00+00:00,8.272379875183105,29.29451560974121,29.410533905029297,28.77243423461914,28.888452529907227,85547.0,SPG,1d
1997-07-21 00:00:00+00:00,8.305143356323242,29.410533905029297,29.410533905029297,29.23650550842285,29.352523803710938,45898.0,SPG,1d
1997-07-22 00:00:00+00:00,8.354287147521973,29.58456039428711,29.642568588256836,29.178497314453125,29.178497314453125,138879.0,SPG,1d
1997-07-23 00:00:00+00:00,8.452570915222168,29.932613372802734,30.04863166809082,29.58456039428711,29.642568588256836,236494.0,SPG,1d
1997-07-24 00:00:00+00:00,8.501712799072266,30.10664176940918,30.10664176940918,29.81659507751465,29.81659507751465,126166.0,SPG,1d
1997-07-25 00:00:00+00:00,8.58362102508545,30.396684646606445,30.628721237182617,29.81659507751465,30.10664176940918,95136.0,SPG,1d
1997-07-28 00:00:00+00:00,8.354287147521973,29.58456039428711,30.396684646606445,29.468542098999023,30.164648056030273,54086.0,SPG,1d
1997-07-29 00:00:00+00:00,8.288763046264648,29.352523803710938,29.700578689575195,29.178497314453125,29.700578689575195,90288.0,SPG,1d
1997-07-30 00:00:00+00:00,8.452570915222168,29.932613372802734,30.164648056030273,29.29451560974121,29.52655029296875,53440.0,SPG,1d
1997-07-31 00:00:00+00:00,8.387044906616211,29.700578689575195,29.932613372802734,29.58456039428711,29.700578689575195,83500.0,SPG,1d
1997-08-01 00:00:00+00:00,8.436188697814941,29.874605178833008,29.932613372802734,29.468542098999023,29.700578689575195,62275.0,SPG,1d
1997-08-04 00:00:00+00:00,8.501712799072266,30.10664176940918,30.28066635131836,29.700578689575195,29.874605178833008,74127.0,SPG,1d
1997-08-05 00:00:00+00:00,8.337904930114746,29.52655029296875,30.10664176940918,29.352523803710938,30.10664176940918,156441.0,SPG,1d
1997-08-06 00:00:00+00:00,8.432995796203613,29.352523803710938,29.410533905029297,28.77243423461914,29.004470825195312,71217.0,SPG,1d
1997-08-07 00:00:00+00:00,8.466324806213379,29.468542098999023,29.58456039428711,29.004470825195312,29.1204891204834,419547.0,SPG,1d
1997-08-08 00:00:00+00:00,8.382993698120117,29.178497314453125,29.468542098999023,29.004470825195312,29.468542098999023,268493.0,SPG,1d
1997-08-11 00:00:00+00:00,8.316329956054688,28.946462631225586,29.178497314453125,28.888452529907227,29.062480926513672,119917.0,SPG,1d
1997-08-12 00:00:00+00:00,8.199665069580078,28.5403995513916,28.946462631225586,28.5403995513916,28.946462631225586,87487.0,SPG,1d
1997-08-13 00:00:00+00:00,8.0663423538208,28.07632827758789,29.004470825195312,28.07632827758789,28.77243423461914,184023.0,SPG,1d
1997-08-14 00:00:00+00:00,7.933011054992676,27.612255096435547,28.30836296081543,26.916149139404297,28.30836296081543,425904.0,SPG,1d
1997-08-15 00:00:00+00:00,7.949679851531982,27.670265197753906,27.786283493041992,27.380220413208008,27.612255096435547,131768.0,SPG,1d
1997-08-18 00:00:00+00:00,7.9830098152160645,27.786283493041992,27.902301788330078,27.496238708496094,27.55424690246582,385932.0,SPG,1d
1997-08-19 00:00:00+00:00,8.183006286621094,28.482389450073242,28.482389450073242,27.902301788330078,27.960309982299805,298230.0,SPG,1d
1997-08-20 00:00:00+00:00,8.282999038696289,28.8304443359375,28.946462631225586,28.5403995513916,28.714426040649414,192858.0,SPG,1d
1997-08-21 00:00:00+00:00,8.216334342956543,28.598407745361328,28.77243423461914,28.424381256103516,28.77243423461914,60551.0,SPG,1d
1997-08-22 00:00:00+00:00,8.282999038696289,28.8304443359375,28.946462631225586,28.424381256103516,28.8304443359375,189410.0,SPG,1d
1997-08-25 00:00:00+00:00,8.282999038696289,28.8304443359375,29.23650550842285,28.77243423461914,29.062480926513672,117008.0,SPG,1d
1997-08-26 00:00:00+00:00,8.349663734436035,29.062480926513672,29.1204891204834,28.30836296081543,28.482389450073242,71433.0,SPG,1d
1997-08-27 00:00:00+00:00,8.299667358398438,28.888452529907227,29.29451560974121,28.714426040649414,29.29451560974121,233908.0,SPG,1d
1997-08-28 00:00:00+00:00,8.399662017822266,29.23650550842285,29.23650550842285,28.77243423461914,29.062480926513672,62814.0,SPG,1d
1997-08-29 00:00:00+00:00,8.44965934753418,29.410533905029297,29.410533905029297,29.1204891204834,29.1204891204834,136940.0,SPG,1d
1997-09-02 00:00:00+00:00,8.49966049194336,29.58456039428711,29.642568588256836,29.352523803710938,29.52655029296875,120025.0,SPG,1d
1997-09-03 00:00:00+00:00,8.516322135925293,29.642568588256836,29.758586883544922,29.52655029296875,29.642568588256836,413729.0,SPG,1d
1997-09-04 00:00:00+00:00,8.466324806213379,29.468542098999023,29.642568588256836,29.352523803710938,29.642568588256836,138448.0,SPG,1d
1997-09-05 00:00:00+00:00,8.516322135925293,29.642568588256836,29.758586883544922,29.52655029296875,29.58456039428711,120456.0,SPG,1d
1997-09-08 00:00:00+00:00,8.732982635498047,30.396684646606445,30.396684646606445,29.81659507751465,29.81659507751465,139957.0,SPG,1d
1997-09-09 00:00:00+00:00,8.816311836242676,30.686729431152344,30.744739532470703,30.164648056030273,30.28066635131836,118516.0,SPG,1d
1997-09-10 00:00:00+00:00,8.882973670959473,30.918766021728516,31.208810806274414,30.686729431152344,30.80274772644043,161074.0,SPG,1d
1997-09-11 00:00:00+00:00,8.899641990661621,30.976774215698242,31.26681900024414,30.51270294189453,30.86075782775879,191673.0,SPG,1d
1997-09-12 00:00:00+00:00,8.882973670959473,30.918766021728516,30.918766021728516,30.51270294189453,30.86075782775879,102247.0,SPG,1d
1997-09-15 00:00:00+00:00,9.13296890258789,31.78890037536621,31.904918670654297,31.0347843170166,31.150800704956055,133277.0,SPG,1d
1997-09-16 00:00:00+00:00,8.799643516540527,30.628721237182617,30.918766021728516,30.628721237182617,30.86075782775879,2297814.0,SPG,1d
1997-09-17 00:00:00+00:00,8.616320610046387,29.990623474121094,30.628721237182617,29.758586883544922,30.628721237182617,281422.0,SPG,1d
1997-09-18 00:00:00+00:00,8.649648666381836,30.10664176940918,30.33867645263672,29.990623474121094,30.222658157348633,140280.0,SPG,1d
1997-09-19 00:00:00+00:00,8.549654960632324,29.758586883544922,30.164648056030273,29.642568588256836,30.10664176940918,159781.0,SPG,1d
1997-09-22 00:00:00+00:00,8.632983207702637,30.04863166809082,30.164648056030273,29.758586883544922,29.758586883544922,290472.0,SPG,1d
1997-09-23 00:00:00+00:00,8.666318893432617,30.164648056030273,30.454694747924805,30.04863166809082,30.04863166809082,250069.0,SPG,1d
1997-09-24 00:00:00+00:00,8.732982635498047,30.396684646606445,30.51270294189453,30.164648056030273,30.222658157348633,303617.0,SPG,1d
1997-09-25 00:00:00+00:00,8.732982635498047,30.396684646606445,30.454694747924805,30.164648056030273,30.454694747924805,207080.0,SPG,1d
1997-09-26 00:00:00+00:00,8.716316223144531,30.33867645263672,30.396684646606445,30.28066635131836,30.28066635131836,214945.0,SPG,1d
1997-09-29 00:00:00+00:00,8.816311836242676,30.686729431152344,30.744739532470703,30.33867645263672,30.33867645263672,103971.0,SPG,1d
1997-09-30 00:00:00+00:00,8.799643516540527,30.628721237182617,30.86075782775879,30.628721237182617,30.744739532470703,219578.0,SPG,1d
1997-10-01 00:00:00+00:00,8.866307258605957,30.86075782775879,30.86075782775879,30.628721237182617,30.744739532470703,319347.0,SPG,1d
1997-10-02 00:00:00+00:00,8.882973670959473,30.918766021728516,31.092792510986328,30.686729431152344,30.86075782775879,239080.0,SPG,1d
1997-10-03 00:00:00+00:00,8.832975387573242,30.744739532470703,31.092792510986328,30.628721237182617,30.744739532470703,198030.0,SPG,1d
1997-10-06 00:00:00+00:00,8.832975387573242,30.744739532470703,30.86075782775879,30.628721237182617,30.86075782775879,72941.0,SPG,1d
1997-10-07 00:00:00+00:00,8.916308403015137,31.0347843170166,31.0347843170166,30.628721237182617,30.744739532470703,132307.0,SPG,1d
1997-10-08 00:00:00+00:00,8.899641990661621,30.976774215698242,31.092792510986328,30.686729431152344,31.0347843170166,212683.0,SPG,1d
1997-10-09 00:00:00+00:00,8.899641990661621,30.976774215698242,30.976774215698242,30.80274772644043,30.80274772644043,143189.0,SPG,1d
1997-10-10 00:00:00+00:00,8.799643516540527,30.628721237182617,30.744739532470703,30.396684646606445,30.396684646606445,120348.0,SPG,1d
1997-10-13 00:00:00+00:00,8.732982635498047,30.396684646606445,30.628721237182617,30.164648056030273,30.454694747924805,67446.0,SPG,1d
1997-10-14 00:00:00+00:00,8.849644660949707,30.80274772644043,30.86075782775879,30.28066635131836,30.28066635131836,145452.0,SPG,1d
1997-10-15 00:00:00+00:00,8.882973670959473,30.918766021728516,30.976774215698242,30.686729431152344,30.744739532470703,91473.0,SPG,1d
1997-10-16 00:00:00+00:00,8.849644660949707,30.80274772644043,30.976774215698242,30.80274772644043,30.918766021728516,127243.0,SPG,1d
1997-10-17 00:00:00+00:00,8.466324806213379,29.468542098999023,30.86075782775879,29.23650550842285,30.744739532470703,206003.0,SPG,1d
1997-10-20 00:00:00+00:00,8.582987785339355,29.874605178833008,29.932613372802734,29.468542098999023,29.468542098999023,95783.0,SPG,1d
1997-10-21 00:00:00+00:00,8.666318893432617,30.164648056030273,30.164648056030273,29.874605178833008,29.874605178833008,187902.0,SPG,1d
1997-10-22 00:00:00+00:00,8.682985305786133,30.222658157348633,30.222658157348633,29.874605178833008,29.932613372802734,92766.0,SPG,1d
1997-10-23 00:00:00+00:00,8.599651336669922,29.932613372802734,30.222658157348633,29.700578689575195,30.222658157348633,141142.0,SPG,1d
1997-10-24 00:00:00+00:00,8.599651336669922,29.932613372802734,30.28066635131836,29.932613372802734,29.932613372802734,181653.0,SPG,1d
1997-10-27 00:00:00+00:00,8.349663734436035,29.062480926513672,30.164648056030273,29.004470825195312,30.164648056030273,109035.0,SPG,1d
1997-10-28 00:00:00+00:00,8.516322135925293,29.642568588256836,29.700578689575195,27.032167434692383,27.264202117919922,309327.0,SPG,1d
1997-10-29 00:00:00+00:00,8.416326522827148,29.29451560974121,29.642568588256836,29.23650550842285,29.468542098999023,122503.0,SPG,1d
1997-10-30 00:00:00+00:00,8.249666213989258,28.714426040649414,29.352523803710938,28.482389450073242,29.352523803710938,275389.0,SPG,1d
1997-10-31 00:00:00+00:00,8.249666213989258,28.714426040649414,28.8304443359375,28.656417846679688,28.77243423461914,229383.0,SPG,1d
1997-11-03 00:00:00+00:00,8.249666213989258,28.714426040649414,28.888452529907227,28.656417846679688,28.77243423461914,280668.0,SPG,1d
1997-11-04 00:00:00+00:00,8.249666213989258,28.714426040649414,28.946462631225586,28.656417846679688,28.77243423461914,336802.0,SPG,1d
1997-11-05 00:00:00+00:00,8.414319038391113,28.77243423461914,28.77243423461914,28.30836296081543,28.30836296081543,358673.0,SPG,1d
1997-11-06 00:00:00+00:00,8.39734935760498,28.714426040649414,28.946462631225586,28.134336471557617,28.946462631225586,89318.0,SPG,1d
1997-11-07 00:00:00+00:00,8.312531471252441,28.424381256103516,28.714426040649414,28.134336471557617,28.714426040649414,172603.0,SPG,1d
1997-11-10 00:00:00+00:00,8.193780899047852,28.01831817626953,28.192344665527344,27.902301788330078,28.192344665527344,143620.0,SPG,1d
1997-11-11 00:00:00+00:00,8.09199333190918,27.670265197753906,28.07632827758789,27.380220413208008,27.902301788330078,271187.0,SPG,1d
1997-11-12 00:00:00+00:00,8.108957290649414,27.728273391723633,27.84429168701172,26.80013084411621,27.496238708496094,270971.0,SPG,1d
1997-11-13 00:00:00+00:00,8.125923156738281,27.786283493041992,27.960309982299805,27.612255096435547,27.728273391723633,446698.0,SPG,1d
1997-11-14 00:00:00+00:00,8.227706909179688,28.134336471557617,28.30836296081543,27.786283493041992,27.902301788330078,220332.0,SPG,1d
1997-11-17 00:00:00+00:00,8.482172966003418,29.004470825195312,29.1204891204834,28.30836296081543,28.30836296081543,239080.0,SPG,1d
1997-11-18 00:00:00+00:00,8.923246383666992,30.51270294189453,30.628721237182617,28.8304443359375,28.888452529907227,206326.0,SPG,1d
1997-11-19 00:00:00+00:00,8.855388641357422,30.28066635131836,30.628721237182617,30.164648056030273,30.628721237182617,298445.0,SPG,1d
1997-11-20 00:00:00+00:00,8.855388641357422,30.28066635131836,30.628721237182617,30.28066635131836,30.454694747924805,274742.0,SPG,1d
1997-11-21 00:00:00+00:00,8.855388641357422,30.28066635131836,30.396684646606445,29.932613372802734,30.28066635131836,158704.0,SPG,1d
1997-11-24 00:00:00+00:00,8.906282424926758,30.454694747924805,30.744739532470703,30.396684646606445,30.628721237182617,375265.0,SPG,1d
1997-11-25 00:00:00+00:00,8.753604888916016,29.932613372802734,30.570711135864258,29.932613372802734,30.51270294189453,168293.0,SPG,1d
1997-11-26 00:00:00+00:00,8.838423728942871,30.222658157348633,30.51270294189453,30.04863166809082,30.164648056030273,135755.0,SPG,1d
1997-11-28 00:00:00+00:00,8.872353553771973,30.33867645263672,30.51270294189453,30.28066635131836,30.28066635131836,34801.0,SPG,1d
1997-12-01 00:00:00+00:00,8.855388641357422,30.28066635131836,30.570711135864258,30.222658157348633,30.570711135864258,161074.0,SPG,1d
1997-12-02 00:00:00+00:00,8.974135398864746,30.686729431152344,30.86075782775879,30.222658157348633,30.28066635131836,191458.0,SPG,1d
1997-12-03 00:00:00+00:00,8.957173347473145,30.628721237182617,30.686729431152344,30.51270294189453,30.570711135864258,210420.0,SPG,1d
1997-12-04 00:00:00+00:00,9.008068084716797,30.80274772644043,31.0347843170166,30.628721237182617,30.686729431152344,236601.0,SPG,1d
1997-12-05 00:00:00+00:00,9.126821517944336,31.208810806274414,31.208810806274414,30.628721237182617,30.80274772644043,401016.0,SPG,1d
1997-12-08 00:00:00+00:00,9.04199504852295,30.918766021728516,31.498855590820312,30.80274772644043,31.382837295532227,163660.0,SPG,1d
1997-12-09 00:00:00+00:00,8.974135398864746,30.686729431152344,31.0347843170166,30.628721237182617,30.918766021728516,116361.0,SPG,1d
1997-12-10 00:00:00+00:00,8.991100311279297,30.744739532470703,30.918766021728516,30.396684646606445,30.454694747924805,150192.0,SPG,1d
1997-12-11 00:00:00+00:00,8.974135398864746,30.686729431152344,30.86075782775879,30.222658157348633,30.744739532470703,387763.0,SPG,1d
1997-12-12 00:00:00+00:00,8.923246383666992,30.51270294189453,30.976774215698242,30.04863166809082,30.86075782775879,387225.0,SPG,1d
1997-12-15 00:00:00+00:00,8.753604888916016,29.932613372802734,30.454694747924805,29.758586883544922,30.454694747924805,238110.0,SPG,1d
1997-12-16 00:00:00+00:00,8.736639976501465,29.874605178833008,30.10664176940918,29.758586883544922,29.758586883544922,181007.0,SPG,1d
1997-12-17 00:00:00+00:00,8.770567893981934,29.990623474121094,30.164648056030273,29.758586883544922,29.932613372802734,195121.0,SPG,1d
1997-12-18 00:00:00+00:00,8.991100311279297,30.744739532470703,30.744739532470703,29.758586883544922,29.990623474121094,557565.0,SPG,1d
1997-12-19 00:00:00+00:00,8.991100311279297,30.744739532470703,31.092792510986328,30.164648056030273,30.222658157348633,431399.0,SPG,1d
1997-12-22 00:00:00+00:00,8.855388641357422,30.28066635131836,31.208810806274414,30.164648056030273,30.976774215698242,405972.0,SPG,1d
1997-12-23 00:00:00+00:00,8.68574333190918,29.700578689575195,30.628721237182617,29.58456039428711,30.51270294189453,450254.0,SPG,1d
1997-12-24 00:00:00+00:00,8.550029754638672,29.23650550842285,29.81659507751465,29.178497314453125,29.81659507751465,246945.0,SPG,1d
1997-12-26 00:00:00+00:00,8.583959579467773,29.352523803710938,29.468542098999023,29.1204891204834,29.468542098999023,170663.0,SPG,1d
1997-12-29 00:00:00+00:00,8.668779373168945,29.642568588256836,29.700578689575195,29.1204891204834,29.352523803710938,358673.0,SPG,1d
1997-12-30 00:00:00+00:00,8.923246383666992,30.51270294189453,30.628721237182617,29.642568588256836,29.81659507751465,301354.0,SPG,1d
1997-12-31 00:00:00+00:00,8.872353553771973,30.33867645263672,30.396684646606445,30.164648056030273,30.28066635131836,250069.0,SPG,1d
1998-01-02 00:00:00+00:00,8.855388641357422,30.28066635131836,30.454694747924805,30.04863166809082,30.28066635131836,107311.0,SPG,1d
1998-01-05 00:00:00+00:00,8.974135398864746,30.686729431152344,31.208810806274414,30.628721237182617,30.628721237182617,200831.0,SPG,1d
1998-01-06 00:00:00+00:00,8.940210342407227,30.570711135864258,31.092792510986328,30.28066635131836,30.86075782775879,298338.0,SPG,1d
1998-01-07 00:00:00+00:00,8.889323234558105,30.396684646606445,30.628721237182617,30.28066635131836,30.628721237182617,232723.0,SPG,1d
1998-01-08 00:00:00+00:00,8.872353553771973,30.33867645263672,30.628721237182617,30.28066635131836,30.570711135864258,192750.0,SPG,1d
1998-01-09 00:00:00+00:00,8.719673156738281,29.81659507751465,30.570711135864258,29.700578689575195,30.51270294189453,197276.0,SPG,1d
1998-01-12 00:00:00+00:00,8.668779373168945,29.642568588256836,30.04863166809082,29.23650550842285,29.81659507751465,183592.0,SPG,1d
1998-01-13 00:00:00+00:00,8.617884635925293,29.468542098999023,29.758586883544922,29.352523803710938,29.642568588256836,490334.0,SPG,1d
1998-01-14 00:00:00+00:00,8.787528991699219,30.04863166809082,30.164648056030273,29.58456039428711,29.642568588256836,251039.0,SPG,1d
1998-01-15 00:00:00+00:00,8.940210342407227,30.570711135864258,30.918766021728516,30.222658157348633,30.222658157348633,294351.0,SPG,1d
1998-01-16 00:00:00+00:00,8.770567893981934,29.990623474121094,30.86075782775879,29.990623474121094,30.628721237182617,222810.0,SPG,1d
1998-01-20 00:00:00+00:00,8.838423728942871,30.222658157348633,30.396684646606445,30.04863166809082,30.164648056030273,174003.0,SPG,1d
1998-01-21 00:00:00+00:00,8.872353553771973,30.33867645263672,30.570711135864258,30.33867645263672,30.454694747924805,175619.0,SPG,1d
1998-01-22 00:00:00+00:00,8.923246383666992,30.51270294189453,30.570711135864258,30.33867645263672,30.33867645263672,210743.0,SPG,1d
1998-01-23 00:00:00+00:00,8.940210342407227,30.570711135864258,30.744739532470703,30.51270294189453,30.628721237182617,170448.0,SPG,1d
1998-01-26 00:00:00+00:00,8.923246383666992,30.51270294189453,30.80274772644043,30.51270294189453,30.80274772644043,178636.0,SPG,1d
1998-01-27 00:00:00+00:00,8.855388641357422,30.28066635131836,30.686729431152344,30.28066635131836,30.628721237182617,265045.0,SPG,1d
1998-01-28 00:00:00+00:00,8.923246383666992,30.51270294189453,30.628721237182617,30.396684646606445,30.454694747924805,92658.0,SPG,1d
1998-01-29 00:00:00+00:00,8.940210342407227,30.570711135864258,30.744739532470703,30.51270294189453,30.628721237182617,217531.0,SPG,1d
1998-01-30 00:00:00+00:00,9.008068084716797,30.80274772644043,30.86075782775879,30.570711135864258,30.570711135864258,140819.0,SPG,1d
1998-02-02 00:00:00+00:00,9.025033950805664,30.86075782775879,31.0347843170166,30.80274772644043,30.86075782775879,203632.0,SPG,1d
1998-02-03 00:00:00+00:00,9.058964729309082,30.976774215698242,31.092792510986328,30.744739532470703,31.0347843170166,195229.0,SPG,1d
1998-02-04 00:00:00+00:00,9.105620384216309,30.628721237182617,30.628721237182617,30.28066635131836,30.628721237182617,78759.0,SPG,1d
1998-02-05 00:00:00+00:00,9.088372230529785,30.570711135864258,30.80274772644043,30.454694747924805,30.51270294189453,269463.0,SPG,1d
1998-02-06 00:00:00+00:00,9.105620384216309,30.628721237182617,30.628721237182617,30.51270294189453,30.628721237182617,100200.0,SPG,1d
1998-02-09 00:00:00+00:00,9.088372230529785,30.570711135864258,30.744739532470703,30.51270294189453,30.628721237182617,113668.0,SPG,1d
1998-02-10 00:00:00+00:00,9.140109062194824,30.744739532470703,30.86075782775879,30.570711135864258,30.744739532470703,573834.0,SPG,1d
1998-02-11 00:00:00+00:00,9.15735912322998,30.80274772644043,31.0347843170166,30.80274772644043,30.86075782775879,172064.0,SPG,1d
1998-02-12 00:00:00+00:00,9.19184684753418,30.918766021728516,30.976774215698242,30.628721237182617,30.976774215698242,153317.0,SPG,1d
1998-02-13 00:00:00+00:00,9.174604415893555,30.86075782775879,31.092792510986328,30.80274772644043,30.86075782775879,101924.0,SPG,1d
1998-02-17 00:00:00+00:00,9.105620384216309,30.628721237182617,31.092792510986328,30.628721237182617,31.0347843170166,124765.0,SPG,1d
1998-02-18 00:00:00+00:00,9.278075218200684,31.208810806274414,31.208810806274414,30.51270294189453,30.744739532470703,155041.0,SPG,1d
1998-02-19 00:00:00+00:00,8.967653274536133,30.164648056030273,30.686729431152344,30.04863166809082,30.628721237182617,182946.0,SPG,1d
1998-02-20 00:00:00+00:00,8.898674964904785,29.932613372802734,30.396684646606445,29.932613372802734,30.28066635131836,341758.0,SPG,1d
1998-02-23 00:00:00+00:00,8.743465423583984,29.410533905029297,30.04863166809082,29.352523803710938,30.04863166809082,414268.0,SPG,1d
1998-02-24 00:00:00+00:00,8.657235145568848,29.1204891204834,29.58456039428711,29.004470825195312,29.58456039428711,468031.0,SPG,1d
1998-02-25 00:00:00+00:00,8.657235145568848,29.1204891204834,29.23650550842285,29.004470825195312,29.004470825195312,276681.0,SPG,1d
1998-02-26 00:00:00+00:00,8.605498313903809,28.946462631225586,29.23650550842285,28.946462631225586,29.062480926513672,374834.0,SPG,1d
1998-02-27 00:00:00+00:00,8.519274711608887,28.656417846679688,29.1204891204834,28.5403995513916,29.1204891204834,131553.0,SPG,1d
1998-03-02 00:00:00+00:00,8.571009635925293,28.8304443359375,29.062480926513672,28.77243423461914,29.062480926513672,155579.0,SPG,1d
1998-03-03 00:00:00+00:00,8.536519050598145,28.714426040649414,28.888452529907227,28.656417846679688,28.8304443359375,119486.0,SPG,1d
1998-03-04 00:00:00+00:00,8.519274711608887,28.656417846679688,28.888452529907227,28.598407745361328,28.77243423461914,143297.0,SPG,1d
1998-03-05 00:00:00+00:00,8.415803909301758,28.30836296081543,28.656417846679688,28.192344665527344,28.482389450073242,226150.0,SPG,1d
1998-03-06 00:00:00+00:00,8.484783172607422,28.5403995513916,28.77243423461914,28.424381256103516,28.5403995513916,425796.0,SPG,1d
1998-03-09 00:00:00+00:00,8.519274711608887,28.656417846679688,28.888452529907227,28.30836296081543,28.598407745361328,307388.0,SPG,1d
1998-03-10 00:00:00+00:00,8.553763389587402,28.77243423461914,28.946462631225586,28.656417846679688,28.656417846679688,223672.0,SPG,1d
1998-03-11 00:00:00+00:00,8.536519050598145,28.714426040649414,29.1204891204834,28.5403995513916,28.5403995513916,663044.0,SPG,1d
1998-03-12 00:00:00+00:00,8.76070785522461,29.468542098999023,29.932613372802734,28.77243423461914,28.77243423461914,814422.0,SPG,1d
1998-03-13 00:00:00+00:00,8.898674964904785,29.932613372802734,29.990623474121094,29.468542098999023,29.700578689575195,332815.0,SPG,1d
1998-03-16 00:00:00+00:00,8.76070785522461,29.468542098999023,30.396684646606445,29.352523803710938,29.932613372802734,904925.0,SPG,1d
1998-03-17 00:00:00+00:00,8.829691886901855,29.700578689575195,29.932613372802734,29.52655029296875,29.642568588256836,275173.0,SPG,1d
1998-03-18 00:00:00+00:00,8.829691886901855,29.700578689575195,29.990623474121094,29.700578689575195,29.700578689575195,188333.0,SPG,1d
1998-03-19 00:00:00+00:00,8.829691886901855,29.700578689575195,30.04863166809082,29.642568588256836,29.700578689575195,219040.0,SPG,1d
1998-03-20 00:00:00+00:00,9.071128845214844,30.51270294189453,31.0347843170166,30.28066635131836,30.744739532470703,358889.0,SPG,1d
1998-03-23 00:00:00+00:00,9.019392013549805,30.33867645263672,30.570711135864258,30.164648056030273,30.570711135864258,119378.0,SPG,1d
1998-03-24 00:00:00+00:00,9.019392013549805,30.33867645263672,30.51270294189453,30.164648056030273,30.396684646606445,182084.0,SPG,1d
1998-03-25 00:00:00+00:00,9.278075218200684,31.208810806274414,31.324827194213867,30.396684646606445,30.51270294189453,491304.0,SPG,1d
1998-03-26 00:00:00+00:00,9.398792266845703,31.6148738861084,32.02093505859375,31.324827194213867,31.382837295532227,654209.0,SPG,1d
1998-03-27 00:00:00+00:00,9.278075218200684,31.208810806274414,31.672882080078125,31.208810806274414,31.6148738861084,393151.0,SPG,1d
1998-03-30 00:00:00+00:00,9.347057342529297,31.440845489501953,31.55686378479004,30.976774215698242,31.208810806274414,178959.0,SPG,1d
1998-03-31 00:00:00+00:00,9.450531959533691,31.78890037536621,31.962926864624023,31.440845489501953,31.904918670654297,451008.0,SPG,1d
1998-04-01 00:00:00+00:00,9.398792266845703,31.6148738861084,31.78890037536621,31.324827194213867,31.78890037536621,253086.0,SPG,1d
1998-04-02 00:00:00+00:00,9.502264976501465,31.962926864624023,31.962926864624023,31.672882080078125,31.672882080078125,134893.0,SPG,1d
1998-04-03 00:00:00+00:00,9.485015869140625,31.904918670654297,32.368988037109375,31.904918670654297,32.25297164916992,134893.0,SPG,1d
1998-04-06 00:00:00+00:00,9.433279991149902,31.73089027404785,32.19496154785156,31.55686378479004,31.904918670654297,179390.0,SPG,1d
1998-04-07 00:00:00+00:00,9.502264976501465,31.962926864624023,32.07894515991211,31.672882080078125,31.73089027404785,165384.0,SPG,1d
1998-04-08 00:00:00+00:00,9.347057342529297,31.440845489501953,32.02093505859375,31.324827194213867,32.02093505859375,165061.0,SPG,1d
1998-04-09 00:00:00+00:00,9.4677734375,31.846908569335938,31.904918670654297,30.976774215698242,31.55686378479004,120779.0,SPG,1d
1998-04-13 00:00:00+00:00,9.519511222839355,32.02093505859375,32.1369514465332,31.6148738861084,31.672882080078125,156118.0,SPG,1d
1998-04-14 00:00:00+00:00,9.416038513183594,31.672882080078125,32.1369514465332,31.498855590820312,32.1369514465332,137910.0,SPG,1d
1998-04-15 00:00:00+00:00,9.398792266845703,31.6148738861084,31.78890037536621,31.324827194213867,31.78890037536621,73372.0,SPG,1d
1998-04-16 00:00:00+00:00,9.381550788879395,31.55686378479004,31.73089027404785,31.440845489501953,31.672882080078125,130368.0,SPG,1d
1998-04-17 00:00:00+00:00,9.26082992553711,31.150800704956055,31.324827194213867,30.918766021728516,31.324827194213867,282392.0,SPG,1d
1998-04-20 00:00:00+00:00,9.19184684753418,30.918766021728516,31.26681900024414,30.628721237182617,31.0347843170166,133816.0,SPG,1d
1998-04-21 00:00:00+00:00,8.864182472229004,29.81659507751465,30.86075782775879,29.700578689575195,30.686729431152344,567908.0,SPG,1d
1998-04-22 00:00:00+00:00,8.898674964904785,29.932613372802734,30.28066635131836,29.81659507751465,29.932613372802734,296398.0,SPG,1d
1998-04-23 00:00:00+00:00,8.950410842895508,30.10664176940918,30.164648056030273,29.81659507751465,30.164648056030273,308789.0,SPG,1d
1998-04-24 00:00:00+00:00,9.036640167236328,30.396684646606445,30.396684646606445,29.990623474121094,30.04863166809082,176158.0,SPG,1d
1998-04-27 00:00:00+00:00,9.036640167236328,30.396684646606445,30.396684646606445,29.758586883544922,30.164648056030273,138987.0,SPG,1d
1998-04-28 00:00:00+00:00,8.9331636428833,30.04863166809082,30.51270294189453,29.932613372802734,30.51270294189453,68308.0,SPG,1d
1998-04-29 00:00:00+00:00,9.071128845214844,30.51270294189453,30.51270294189453,29.932613372802734,29.932613372802734,155472.0,SPG,1d
1998-04-30 00:00:00+00:00,9.088372230529785,30.570711135864258,30.744739532470703,30.33867645263672,30.628721237182617,164738.0,SPG,1d
1998-05-01 00:00:00+00:00,9.122865676879883,30.686729431152344,30.80274772644043,30.33867645263672,30.570711135864258,348869.0,SPG,1d
1998-05-04 00:00:00+00:00,9.15735912322998,30.80274772644043,30.976774215698242,30.28066635131836,30.51270294189453,242527.0,SPG,1d
1998-05-05 00:00:00+00:00,9.26082992553711,31.150800704956055,31.324827194213867,30.744739532470703,30.80274772644043,123149.0,SPG,1d
1998-05-06 00:00:00+00:00,9.325787544250488,30.86075782775879,31.0347843170166,30.51270294189453,30.86075782775879,117223.0,SPG,1d
1998-05-07 00:00:00+00:00,9.220605850219727,30.51270294189453,30.80274772644043,30.28066635131836,30.628721237182617,213976.0,SPG,1d
1998-05-08 00:00:00+00:00,9.203073501586914,30.454694747924805,30.570711135864258,30.10664176940918,30.222658157348633,116792.0,SPG,1d
1998-05-11 00:00:00+00:00,9.203073501586914,30.454694747924805,30.570711135864258,29.874605178833008,29.874605178833008,184347.0,SPG,1d
1998-05-12 00:00:00+00:00,9.185551643371582,30.396684646606445,30.570711135864258,30.396684646606445,30.51270294189453,86625.0,SPG,1d
1998-05-13 00:00:00+00:00,9.168020248413086,30.33867645263672,30.51270294189453,29.932613372802734,30.396684646606445,112914.0,SPG,1d
1998-05-14 00:00:00+00:00,9.168020248413086,30.33867645263672,30.396684646606445,30.04863166809082,30.164648056030273,143512.0,SPG,1d
1998-05-15 00:00:00+00:00,9.097900390625,30.10664176940918,30.396684646606445,29.990623474121094,30.222658157348633,262567.0,SPG,1d
1998-05-18 00:00:00+00:00,9.168020248413086,30.33867645263672,30.51270294189453,29.932613372802734,30.10664176940918,61521.0,SPG,1d
1998-05-19 00:00:00+00:00,9.080368995666504,30.04863166809082,30.51270294189453,30.04863166809082,30.454694747924805,286594.0,SPG,1d
1998-05-20 00:00:00+00:00,9.097900390625,30.10664176940918,30.164648056030273,29.990623474121094,30.164648056030273,76066.0,SPG,1d
1998-05-21 00:00:00+00:00,9.11543083190918,30.164648056030273,30.396684646606445,30.04863166809082,30.28066635131836,73157.0,SPG,1d
1998-05-22 00:00:00+00:00,9.168020248413086,30.33867645263672,30.454694747924805,29.932613372802734,30.164648056030273,221841.0,SPG,1d
1998-05-26 00:00:00+00:00,9.203073501586914,30.454694747924805,30.628721237182617,30.28066635131836,30.628721237182617,361905.0,SPG,1d
1998-05-27 00:00:00+00:00,9.203073501586914,30.454694747924805,30.51270294189453,30.164648056030273,30.28066635131836,164630.0,SPG,1d
1998-05-28 00:00:00+00:00,9.238137245178223,30.570711135864258,30.570711135864258,30.396684646606445,30.454694747924805,165923.0,SPG,1d
1998-05-29 00:00:00+00:00,9.360846519470215,30.976774215698242,31.092792510986328,30.51270294189453,30.570711135864258,279375.0,SPG,1d
1998-06-01 00:00:00+00:00,9.53614330291748,31.55686378479004,31.672882080078125,30.744739532470703,30.86075782775879,303509.0,SPG,1d
1998-06-02 00:00:00+00:00,9.501083374023438,31.440845489501953,31.6148738861084,31.440845489501953,31.440845489501953,164845.0,SPG,1d
1998-06-03 00:00:00+00:00,9.343317031860352,30.918766021728516,31.498855590820312,30.918766021728516,31.324827194213867,98261.0,SPG,1d
1998-06-04 00:00:00+00:00,9.290722846984863,30.744739532470703,31.0347843170166,30.51270294189453,31.0347843170166,38356.0,SPG,1d
1998-06-05 00:00:00+00:00,9.273199081420898,30.686729431152344,30.86075782775879,30.454694747924805,30.86075782775879,53871.0,SPG,1d
1998-06-08 00:00:00+00:00,9.308258056640625,30.80274772644043,30.976774215698242,30.396684646606445,30.570711135864258,68308.0,SPG,1d
1998-06-09 00:00:00+00:00,9.185551643371582,30.396684646606445,30.744739532470703,29.874605178833008,30.628721237182617,190811.0,SPG,1d
1998-06-10 00:00:00+00:00,9.080368995666504,30.04863166809082,30.51270294189453,30.04863166809082,30.28066635131836,87163.0,SPG,1d
1998-06-11 00:00:00+00:00,9.097900390625,30.10664176940918,30.396684646606445,30.04863166809082,30.164648056030273,87594.0,SPG,1d
1998-06-12 00:00:00+00:00,8.99272346496582,29.758586883544922,30.222658157348633,29.58456039428711,29.990623474121094,118839.0,SPG,1d
1998-06-15 00:00:00+00:00,8.83495807647705,29.23650550842285,29.932613372802734,28.888452529907227,29.52655029296875,139526.0,SPG,1d
1998-06-16 00:00:00+00:00,9.01025104522705,29.81659507751465,29.932613372802734,29.1204891204834,29.1204891204834,203956.0,SPG,1d
1998-06-17 00:00:00+00:00,8.940134048461914,29.58456039428711,29.932613372802734,29.352523803710938,29.700578689575195,180899.0,SPG,1d
1998-06-18 00:00:00+00:00,8.852485656738281,29.29451560974121,29.58456039428711,29.23650550842285,29.352523803710938,142327.0,SPG,1d
1998-06-19 00:00:00+00:00,8.764836311340332,29.004470825195312,29.352523803710938,28.8304443359375,29.062480926513672,309974.0,SPG,1d
1998-06-22 00:00:00+00:00,8.729779243469238,28.888452529907227,29.1204891204834,28.8304443359375,29.004470825195312,157411.0,SPG,1d
1998-06-23 00:00:00+00:00,8.729779243469238,28.888452529907227,29.410533905029297,28.77243423461914,28.77243423461914,294243.0,SPG,1d
1998-06-24 00:00:00+00:00,8.817423820495605,29.178497314453125,29.23650550842285,28.888452529907227,28.888452529907227,161721.0,SPG,1d
1998-06-25 00:00:00+00:00,8.957659721374512,29.642568588256836,29.642568588256836,29.1204891204834,29.1204891204834,180360.0,SPG,1d
1998-06-26 00:00:00+00:00,8.870017051696777,29.352523803710938,29.52655029296875,29.1204891204834,29.52655029296875,152132.0,SPG,1d
1998-06-29 00:00:00+00:00,9.01025104522705,29.81659507751465,29.932613372802734,29.1204891204834,29.1204891204834,239834.0,SPG,1d
1998-06-30 00:00:00+00:00,9.11543083190918,30.164648056030273,30.570711135864258,29.58456039428711,29.58456039428711,371602.0,SPG,1d
1998-07-01 00:00:00+00:00,9.15048885345459,30.28066635131836,30.51270294189453,30.164648056030273,30.164648056030273,140603.0,SPG,1d
1998-07-02 00:00:00+00:00,9.343317031860352,30.918766021728516,31.092792510986328,30.164648056030273,30.222658157348633,88025.0,SPG,1d
1998-07-06 00:00:00+00:00,9.44849681854248,31.26681900024414,31.324827194213867,30.918766021728516,30.918766021728516,99554.0,SPG,1d
1998-07-07 00:00:00+00:00,9.53614330291748,31.55686378479004,31.78890037536621,31.324827194213867,31.324827194213867,172603.0,SPG,1d
1998-07-08 00:00:00+00:00,9.53614330291748,31.55686378479004,31.672882080078125,31.440845489501953,31.672882080078125,139526.0,SPG,1d
1998-07-09 00:00:00+00:00,9.53614330291748,31.55686378479004,31.6148738861084,31.382837295532227,31.382837295532227,199754.0,SPG,1d
1998-07-10 00:00:00+00:00,9.466023445129395,31.324827194213867,31.498855590820312,31.208810806274414,31.324827194213867,107096.0,SPG,1d
1998-07-13 00:00:00+00:00,9.360846519470215,30.976774215698242,31.440845489501953,30.80274772644043,31.440845489501953,115392.0,SPG,1d
1998-07-14 00:00:00+00:00,9.220605850219727,30.51270294189453,31.0347843170166,30.396684646606445,30.86075782775879,350593.0,SPG,1d
1998-07-15 00:00:00+00:00,9.168020248413086,30.33867645263672,30.628721237182617,30.28066635131836,30.628721237182617,346822.0,SPG,1d
1998-07-16 00:00:00+00:00,9.220605850219727,30.51270294189453,30.51270294189453,30.164648056030273,30.222658157348633,234339.0,SPG,1d
1998-07-17 00:00:00+00:00,9.203073501586914,30.454694747924805,30.628721237182617,30.28066635131836,30.51270294189453,78005.0,SPG,1d
1998-07-20 00:00:00+00:00,9.185551643371582,30.396684646606445,30.570711135864258,30.33867645263672,30.33867645263672,129075.0,SPG,1d
1998-07-21 00:00:00+00:00,9.168020248413086,30.33867645263672,30.628721237182617,30.28066635131836,30.396684646606445,70463.0,SPG,1d
1998-07-22 00:00:00+00:00,9.15048885345459,30.28066635131836,30.454694747924805,30.28066635131836,30.33867645263672,138125.0,SPG,1d
1998-07-23 00:00:00+00:00,9.11543083190918,30.164648056030273,30.33867645263672,30.10664176940918,30.28066635131836,133277.0,SPG,1d
1998-07-24 00:00:00+00:00,8.957659721374512,29.642568588256836,30.28066635131836,29.52655029296875,30.164648056030273,70679.0,SPG,1d
1998-07-27 00:00:00+00:00,8.940134048461914,29.58456039428711,29.758586883544922,29.062480926513672,29.58456039428711,141681.0,SPG,1d
1998-07-28 00:00:00+00:00,8.852485656738281,29.29451560974121,29.81659507751465,29.23650550842285,29.352523803710938,150192.0,SPG,1d
1998-07-29 00:00:00+00:00,8.782370567321777,29.062480926513672,29.52655029296875,29.062480926513672,29.29451560974121,193936.0,SPG,1d
1998-07-30 00:00:00+00:00,8.905074119567871,29.468542098999023,29.58456039428711,29.1204891204834,29.1204891204834,216992.0,SPG,1d
1998-07-31 00:00:00+00:00,8.729779243469238,28.888452529907227,29.29451560974121,28.656417846679688,29.23650550842285,344128.0,SPG,1d
1998-08-03 00:00:00+00:00,8.5895414352417,28.424381256103516,28.888452529907227,28.366371154785156,28.888452529907227,107742.0,SPG,1d
1998-08-04 00:00:00+00:00,8.441512107849121,27.438228607177734,28.134336471557617,27.380220413208008,28.134336471557617,204710.0,SPG,1d
1998-08-05 00:00:00+00:00,8.298737525939941,26.974157333374023,27.206193923950195,25.929996490478516,27.206193923950195,436678.0,SPG,1d
1998-08-06 00:00:00+00:00,8.387969017028809,27.264202117919922,27.670265197753906,26.6261043548584,27.032167434692383,276251.0,SPG,1d
1998-08-07 00:00:00+00:00,8.566437721252441,27.84429168701172,28.07632827758789,26.916149139404297,27.14818572998047,420625.0,SPG,1d
1998-08-10 00:00:00+00:00,8.566437721252441,27.84429168701172,28.01831817626953,27.380220413208008,27.728273391723633,241665.0,SPG,1d
1998-08-11 00:00:00+00:00,8.512901306152344,27.670265197753906,27.84429168701172,27.14818572998047,27.84429168701172,125196.0,SPG,1d
1998-08-12 00:00:00+00:00,8.869833946228027,28.8304443359375,28.888452529907227,27.728273391723633,27.960309982299805,324519.0,SPG,1d
1998-08-13 00:00:00+00:00,8.869833946228027,28.8304443359375,28.946462631225586,28.30836296081543,28.8304443359375,276466.0,SPG,1d
1998-08-14 00:00:00+00:00,9.012614250183105,29.29451560974121,29.58456039428711,29.062480926513672,29.062480926513672,365030.0,SPG,1d
1998-08-17 00:00:00+00:00,8.941224098205566,29.062480926513672,29.410533905029297,28.714426040649414,29.410533905029297,192319.0,SPG,1d
1998-08-18 00:00:00+00:00,8.92337417602539,29.004470825195312,29.410533905029297,28.77243423461914,29.178497314453125,186717.0,SPG,1d
1998-08-19 00:00:00+00:00,8.994756698608398,29.23650550842285,29.410533905029297,29.1204891204834,29.1204891204834,127243.0,SPG,1d
1998-08-20 00:00:00+00:00,8.92337417602539,29.004470825195312,29.29451560974121,28.77243423461914,29.178497314453125,75312.0,SPG,1d
1998-08-21 00:00:00+00:00,8.673519134521484,28.192344665527344,29.178497314453125,27.960309982299805,28.77243423461914,133169.0,SPG,1d
1998-08-24 00:00:00+00:00,8.673519134521484,28.192344665527344,28.5403995513916,28.07632827758789,28.192344665527344,169909.0,SPG,1d
1998-08-25 00:00:00+00:00,8.655672073364258,28.134336471557617,28.366371154785156,27.84429168701172,27.960309982299805,288964.0,SPG,1d
1998-08-26 00:00:00+00:00,8.63782024383545,28.07632827758789,28.30836296081543,27.902301788330078,27.902301788330078,219147.0,SPG,1d
1998-08-27 00:00:00+00:00,8.512901306152344,27.670265197753906,27.960309982299805,27.264202117919922,27.84429168701172,117978.0,SPG,1d
1998-08-28 00:00:00+00:00,8.619978904724121,28.01831817626953,28.250354766845703,27.496238708496094,27.496238708496094,150947.0,SPG,1d
1998-08-31 00:00:00+00:00,8.298737525939941,26.974157333374023,28.01831817626953,26.974157333374023,27.84429168701172,292520.0,SPG,1d
1998-09-01 00:00:00+00:00,8.316584587097168,27.032167434692383,27.264202117919922,26.452077865600586,26.916149139404297,278621.0,SPG,1d
1998-09-02 00:00:00+00:00,8.31212043762207,27.017663955688477,27.264202117919922,26.916149139404297,26.974157333374023,170879.0,SPG,1d
1998-09-03 00:00:00+00:00,8.280889511108398,26.916149139404297,26.916149139404297,26.6261043548584,26.742122650146484,180899.0,SPG,1d
1998-09-04 00:00:00+00:00,8.191657066345215,26.6261043548584,27.206193923950195,25.755970001220703,26.80013084411621,286486.0,SPG,1d
1998-09-08 00:00:00+00:00,8.263044357299805,26.85814094543457,26.916149139404297,26.394067764282227,26.510086059570312,226905.0,SPG,1d
1998-09-09 00:00:00+00:00,8.209504127502441,26.684112548828125,26.916149139404297,26.56809425354004,26.85814094543457,163337.0,SPG,1d
1998-09-10 00:00:00+00:00,8.031034469604492,26.10402488708496,26.510086059570312,25.755970001220703,26.452077865600586,103756.0,SPG,1d
1998-09-11 00:00:00+00:00,7.852569580078125,25.52393341064453,26.220041275024414,23.957693099975586,26.220041275024414,285624.0,SPG,1d
1998-09-14 00:00:00+00:00,7.709794044494629,25.05986213684082,25.639951705932617,24.82782745361328,25.639951705932617,537956.0,SPG,1d
1998-09-15 00:00:00+00:00,7.781181335449219,25.291898727416992,25.407915115356445,24.653799057006836,25.291898727416992,306311.0,SPG,1d
1998-09-16 00:00:00+00:00,7.727641582489014,25.11787223815918,25.34990692138672,24.479772567749023,25.11787223815918,1108773.0,SPG,1d
1998-09-17 00:00:00+00:00,7.656258583068848,24.885835647583008,25.05986213684082,24.421764373779297,25.05986213684082,334539.0,SPG,1d
1998-09-18 00:00:00+00:00,7.799025058746338,25.34990692138672,25.755970001220703,25.11787223815918,25.465925216674805,849869.0,SPG,1d
1998-09-21 00:00:00+00:00,8.000495910644531,25.52393341064453,25.58194351196289,25.05986213684082,25.11787223815918,528044.0,SPG,1d
1998-09-22 00:00:00+00:00,8.65507984161377,27.612255096435547,27.786283493041992,26.916149139404297,27.14818572998047,1711266.0,SPG,1d
1998-09-23 00:00:00+00:00,8.873274803161621,28.30836296081543,28.30836296081543,27.84429168701172,27.84429168701172,331307.0,SPG,1d
1998-09-24 00:00:00+00:00,9.018742561340332,28.77243423461914,28.77243423461914,27.612255096435547,28.192344665527344,519532.0,SPG,1d
1998-09-25 00:00:00+00:00,8.927827835083008,28.482389450073242,28.5403995513916,28.250354766845703,28.5403995513916,473526.0,SPG,1d
1998-09-28 00:00:00+00:00,8.727814674377441,27.84429168701172,28.714426040649414,27.84429168701172,28.424381256103516,426874.0,SPG,1d
1998-09-29 00:00:00+00:00,8.65507984161377,27.612255096435547,27.84429168701172,27.380220413208008,27.728273391723633,444005.0,SPG,1d
1998-09-30 00:00:00+00:00,8.65507984161377,27.612255096435547,27.786283493041992,27.032167434692383,27.32221031188965,540326.0,SPG,1d
1998-10-01 00:00:00+00:00,8.436884880065918,26.916149139404297,27.380220413208008,26.80013084411621,27.264202117919922,211498.0,SPG,1d
1998-10-02 00:00:00+00:00,8.418705940246582,26.85814094543457,27.032167434692383,26.394067764282227,26.916149139404297,1094874.0,SPG,1d
1998-10-05 00:00:00+00:00,8.255054473876953,26.3360595703125,27.380220413208008,26.220041275024414,27.09017562866211,205141.0,SPG,1d
1998-10-06 00:00:00+00:00,8.218687057495117,26.220041275024414,26.80013084411621,26.10402488708496,26.56809425354004,244790.0,SPG,1d
1998-10-07 00:00:00+00:00,8.000495910644531,25.52393341064453,26.684112548828125,25.34990692138672,26.6261043548584,387979.0,SPG,1d
1998-10-08 00:00:00+00:00,7.618654727935791,24.30574607849121,25.291898727416992,24.247737884521484,25.291898727416992,385285.0,SPG,1d
1998-10-09 00:00:00+00:00,7.745937824249268,24.711809158325195,24.769817352294922,24.421764373779297,24.421764373779297,199754.0,SPG,1d
1998-10-12 00:00:00+00:00,7.873215675354004,25.11787223815918,25.407915115356445,24.653799057006836,24.769817352294922,429998.0,SPG,1d
1998-10-13 00:00:00+00:00,7.92776346206665,25.291898727416992,25.407915115356445,24.943845748901367,25.05986213684082,188549.0,SPG,1d
1998-10-14 00:00:00+00:00,7.818668365478516,24.943845748901367,25.291898727416992,24.943845748901367,25.175880432128906,448961.0,SPG,1d
1998-10-15 00:00:00+00:00,7.9823102951049805,25.465925216674805,25.52393341064453,24.885835647583008,25.001853942871094,488718.0,SPG,1d
1998-10-16 00:00:00+00:00,8.309601783752441,26.510086059570312,26.510086059570312,25.639951705932617,25.755970001220703,773803.0,SPG,1d
1998-10-19 00:00:00+00:00,8.455066680908203,26.974157333374023,27.14818572998047,26.220041275024414,26.684112548828125,347145.0,SPG,1d
1998-10-20 00:00:00+00:00,8.782365798950195,28.01831817626953,28.250354766845703,26.974157333374023,26.974157333374023,826058.0,SPG,1d
1998-10-21 00:00:00+00:00,8.527799606323242,27.206193923950195,28.424381256103516,27.206193923950195,28.424381256103516,865707.0,SPG,1d
1998-10-22 00:00:00+00:00,8.582347869873047,27.380220413208008,27.55424690246582,27.14818572998047,27.438228607177734,139418.0,SPG,1d
1998-10-23 00:00:00+00:00,8.673266410827637,27.670265197753906,27.786283493041992,27.380220413208008,27.612255096435547,114745.0,SPG,1d
1998-10-26 00:00:00+00:00,8.50961971282959,27.14818572998047,27.84429168701172,26.85814094543457,27.438228607177734,149761.0,SPG,1d
1998-10-27 00:00:00+00:00,8.491433143615723,27.09017562866211,27.14818572998047,26.916149139404297,27.14818572998047,157842.0,SPG,1d
1998-10-28 00:00:00+00:00,8.455066680908203,26.974157333374023,27.14818572998047,26.80013084411621,27.14818572998047,44066.0,SPG,1d
1998-10-29 00:00:00+00:00,8.473250389099121,27.032167434692383,27.14818572998047,26.916149139404297,26.916149139404297,173034.0,SPG,1d
1998-10-30 00:00:00+00:00,8.709630012512207,27.786283493041992,27.960309982299805,27.14818572998047,27.14818572998047,406618.0,SPG,1d
1998-11-02 00:00:00+00:00,8.6005277633667,27.438228607177734,27.960309982299805,26.916149139404297,27.902301788330078,695690.0,SPG,1d
1998-11-03 00:00:00+00:00,8.836915016174316,28.192344665527344,28.192344665527344,27.438228607177734,27.438228607177734,172710.0,SPG,1d
1998-11-04 00:00:00+00:00,8.973941802978516,28.598407745361328,28.656417846679688,28.07632827758789,28.07632827758789,208050.0,SPG,1d
1998-11-05 00:00:00+00:00,8.737305641174316,27.84429168701172,28.598407745361328,27.728273391723633,28.482389450073242,763675.0,SPG,1d
1998-11-06 00:00:00+00:00,8.518872261047363,27.14818572998047,27.960309982299805,27.14818572998047,27.728273391723633,287887.0,SPG,1d
1998-11-09 00:00:00+00:00,8.537074089050293,27.206193923950195,27.380220413208008,26.974157333374023,27.032167434692383,247160.0,SPG,1d
1998-11-10 00:00:00+00:00,8.518872261047363,27.14818572998047,27.32221031188965,27.032167434692383,27.14818572998047,192750.0,SPG,1d
1998-11-11 00:00:00+00:00,8.537074089050293,27.206193923950195,27.670265197753906,27.14818572998047,27.496238708496094,183916.0,SPG,1d
1998-11-12 00:00:00+00:00,8.464263916015625,26.974157333374023,27.496238708496094,26.974157333374023,27.380220413208008,186178.0,SPG,1d
1998-11-13 00:00:00+00:00,8.427861213684082,26.85814094543457,27.206193923950195,26.80013084411621,27.206193923950195,74773.0,SPG,1d
1998-11-16 00:00:00+00:00,8.446063041687012,26.916149139404297,26.916149139404297,26.56809425354004,26.85814094543457,255349.0,SPG,1d
1998-11-17 00:00:00+00:00,8.482463836669922,27.032167434692383,27.14818572998047,26.85814094543457,26.85814094543457,334216.0,SPG,1d
1998-11-18 00:00:00+00:00,8.537074089050293,27.206193923950195,27.728273391723633,27.032167434692383,27.14818572998047,152886.0,SPG,1d
1998-11-19 00:00:00+00:00,8.737305641174316,27.84429168701172,27.84429168701172,27.496238708496094,27.612255096435547,148684.0,SPG,1d
1998-11-20 00:00:00+00:00,8.887999534606934,27.84429168701172,28.07632827758789,27.670265197753906,28.07632827758789,131876.0,SPG,1d
1998-11-23 00:00:00+00:00,8.887999534606934,27.84429168701172,28.07632827758789,27.786283493041992,27.84429168701172,127890.0,SPG,1d
1998-11-24 00:00:00+00:00,8.887999534606934,27.84429168701172,28.07632827758789,27.84429168701172,27.84429168701172,95998.0,SPG,1d
1998-11-25 00:00:00+00:00,8.832449913024902,27.670265197753906,27.728273391723633,27.496238708496094,27.612255096435547,216023.0,SPG,1d
1998-11-27 00:00:00+00:00,8.795419692993164,27.55424690246582,27.612255096435547,27.438228607177734,27.55424690246582,17885.0,SPG,1d
1998-11-30 00:00:00+00:00,8.776904106140137,27.496238708496094,27.786283493041992,27.496238708496094,27.496238708496094,282500.0,SPG,1d
1998-12-01 00:00:00+00:00,8.721346855163574,27.32221031188965,27.55424690246582,27.264202117919922,27.496238708496094,460166.0,SPG,1d
1998-12-02 00:00:00+00:00,8.832449913024902,27.670265197753906,27.84429168701172,27.380220413208008,27.380220413208008,185639.0,SPG,1d
1998-12-03 00:00:00+00:00,8.813936233520508,27.612255096435547,27.786283493041992,27.380220413208008,27.438228607177734,586440.0,SPG,1d
1998-12-04 00:00:00+00:00,8.813936233520508,27.612255096435547,27.84429168701172,27.496238708496094,27.612255096435547,583638.0,SPG,1d
1998-12-07 00:00:00+00:00,8.795419692993164,27.55424690246582,27.670265197753906,27.438228607177734,27.612255096435547,323011.0,SPG,1d
1998-12-08 00:00:00+00:00,8.813936233520508,27.612255096435547,27.612255096435547,27.438228607177734,27.438228607177734,162152.0,SPG,1d
1998-12-09 00:00:00+00:00,8.59173583984375,26.916149139404297,27.496238708496094,26.85814094543457,27.438228607177734,289503.0,SPG,1d
1998-12-10 00:00:00+00:00,8.332502365112305,26.10402488708496,27.09017562866211,25.988006591796875,27.032167434692383,807526.0,SPG,1d
1998-12-11 00:00:00+00:00,8.462120056152344,26.510086059570312,26.742122650146484,26.10402488708496,26.10402488708496,344882.0,SPG,1d
1998-12-14 00:00:00+00:00,8.462120056152344,26.510086059570312,26.6261043548584,25.81397819519043,25.87198829650879,235632.0,SPG,1d
1998-12-15 00:00:00+00:00,8.554697036743164,26.80013084411621,26.80013084411621,26.452077865600586,26.56809425354004,542373.0,SPG,1d
1998-12-16 00:00:00+00:00,8.443598747253418,26.452077865600586,26.56809425354004,26.27804946899414,26.56809425354004,271618.0,SPG,1d
1998-12-17 00:00:00+00:00,8.462120056152344,26.510086059570312,26.6261043548584,26.27804946899414,26.3360595703125,180360.0,SPG,1d
1998-12-18 00:00:00+00:00,8.443598747253418,26.452077865600586,26.742122650146484,26.10402488708496,26.510086059570312,277867.0,SPG,1d
1998-12-21 00:00:00+00:00,8.499152183532715,26.6261043548584,26.684112548828125,25.988006591796875,26.3360595703125,212360.0,SPG,1d
1998-12-22 00:00:00+00:00,8.38805103302002,26.27804946899414,26.684112548828125,25.988006591796875,26.6261043548584,500354.0,SPG,1d
1998-12-23 00:00:00+00:00,8.22139835357666,25.755970001220703,26.394067764282227,25.755970001220703,26.394067764282227,234231.0,SPG,1d
1998-12-24 00:00:00+00:00,8.295467376708984,25.988006591796875,26.162033081054688,25.929996490478516,25.929996490478516,87594.0,SPG,1d
1998-12-28 00:00:00+00:00,8.239916801452637,25.81397819519043,26.162033081054688,25.755970001220703,25.87198829650879,296937.0,SPG,1d
1998-12-29 00:00:00+00:00,8.25843620300293,25.87198829650879,26.220041275024414,25.58194351196289,25.81397819519043,393043.0,SPG,1d
1998-12-30 00:00:00+00:00,8.276949882507324,25.929996490478516,25.988006591796875,25.639951705932617,25.697961807250977,177343.0,SPG,1d
1998-12-31 00:00:00+00:00,8.443598747253418,26.452077865600586,26.510086059570312,25.755970001220703,25.755970001220703,235416.0,SPG,1d
1999-01-04 00:00:00+00:00,8.406563758850098,26.3360595703125,26.452077865600586,25.988006591796875,26.220041275024414,615638.0,SPG,1d
1999-01-05 00:00:00+00:00,8.406563758850098,26.3360595703125,26.452077865600586,26.27804946899414,26.27804946899414,319132.0,SPG,1d
1999-01-06 00:00:00+00:00,8.425082206726074,26.394067764282227,26.684112548828125,26.27804946899414,26.3360595703125,383669.0,SPG,1d
1999-01-07 00:00:00+00:00,8.332502365112305,26.10402488708496,26.510086059570312,26.0460147857666,26.3360595703125,351778.0,SPG,1d
1999-01-08 00:00:00+00:00,8.332502365112305,26.10402488708496,26.3360595703125,25.87198829650879,25.87198829650879,406834.0,SPG,1d
1999-01-11 00:00:00+00:00,8.313982963562012,26.0460147857666,26.162033081054688,25.81397819519043,26.162033081054688,423642.0,SPG,1d
1999-01-12 00:00:00+00:00,8.295467376708984,25.988006591796875,26.220041275024414,25.87198829650879,25.988006591796875,491196.0,SPG,1d
1999-01-13 00:00:00+00:00,8.276949882507324,25.929996490478516,26.0460147857666,25.34990692138672,25.639951705932617,245867.0,SPG,1d
1999-01-14 00:00:00+00:00,8.239916801452637,25.81397819519043,26.220041275024414,25.755970001220703,26.0460147857666,105587.0,SPG,1d
1999-01-15 00:00:00+00:00,8.22139835357666,25.755970001220703,26.0460147857666,25.755970001220703,25.81397819519043,117762.0,SPG,1d
1999-01-19 00:00:00+00:00,8.406563758850098,26.3360595703125,26.452077865600586,26.10402488708496,26.3360595703125,256534.0,SPG,1d
1999-01-20 00:00:00+00:00,8.38805103302002,26.27804946899414,26.510086059570312,26.162033081054688,26.452077865600586,316223.0,SPG,1d
1999-01-21 00:00:00+00:00,8.443598747253418,26.452077865600586,26.452077865600586,26.220041275024414,26.3360595703125,227659.0,SPG,1d
1999-01-22 00:00:00+00:00,8.443598747253418,26.452077865600586,26.684112548828125,26.27804946899414,26.6261043548584,195983.0,SPG,1d
1999-01-25 00:00:00+00:00,8.425082206726074,26.394067764282227,26.510086059570312,26.220041275024414,26.452077865600586,272695.0,SPG,1d
1999-01-26 00:00:00+00:00,8.239916801452637,25.81397819519043,26.394067764282227,25.81397819519043,26.3360595703125,266338.0,SPG,1d
1999-01-27 00:00:00+00:00,8.110302925109863,25.407915115356445,26.0460147857666,25.05986213684082,25.988006591796875,701724.0,SPG,1d
1999-01-28 00:00:00+00:00,8.110302925109863,25.407915115356445,25.52393341064453,25.291898727416992,25.407915115356445,170448.0,SPG,1d
1999-01-29 00:00:00+00:00,7.795522689819336,24.421764373779297,25.52393341064453,24.421764373779297,25.291898727416992,853963.0,SPG,1d
1999-02-01 00:00:00+00:00,7.980688571929932,25.001853942871094,25.175880432128906,24.421764373779297,24.421764373779297,717993.0,SPG,1d
1999-02-02 00:00:00+00:00,7.999199867248535,25.05986213684082,25.175880432128906,24.943845748901367,25.05986213684082,1883007.0,SPG,1d
1999-02-03 00:00:00+00:00,8.031429290771484,24.653799057006836,24.885835647583008,24.537782669067383,24.537782669067383,93305.0,SPG,1d
1999-02-04 00:00:00+00:00,8.012537956237793,24.59579086303711,24.943845748901367,24.421764373779297,24.82782745361328,436247.0,SPG,1d
1999-02-05 00:00:00+00:00,8.012537956237793,24.59579086303711,24.82782745361328,24.479772567749023,24.82782745361328,110974.0,SPG,1d
1999-02-08 00:00:00+00:00,8.031429290771484,24.653799057006836,24.82782745361328,24.421764373779297,24.537782669067383,114530.0,SPG,1d
1999-02-09 00:00:00+00:00,8.012537956237793,24.59579086303711,24.943845748901367,24.363754272460938,24.82782745361328,756026.0,SPG,1d
1999-02-10 00:00:00+00:00,7.936944484710693,24.363754272460938,24.769817352294922,24.189729690551758,24.711809158325195,262891.0,SPG,1d
1999-02-11 00:00:00+00:00,7.899150371551514,24.247737884521484,24.59579086303711,24.073711395263672,24.363754272460938,135216.0,SPG,1d
1999-02-12 00:00:00+00:00,7.899150371551514,24.247737884521484,24.479772567749023,24.1317195892334,24.421764373779297,127136.0,SPG,1d
1999-02-16 00:00:00+00:00,7.842457294464111,24.073711395263672,24.59579086303711,23.89968490600586,24.363754272460938,160428.0,SPG,1d
1999-02-17 00:00:00+00:00,7.861357688903809,24.1317195892334,24.247737884521484,23.8416748046875,24.189729690551758,231861.0,SPG,1d
1999-02-18 00:00:00+00:00,7.747966766357422,23.783666610717773,24.1317195892334,23.725656509399414,24.073711395263672,212575.0,SPG,1d
1999-02-19 00:00:00+00:00,7.653481960296631,23.493621826171875,24.015701293945312,23.37760353088379,23.8416748046875,509296.0,SPG,1d
1999-02-22 00:00:00+00:00,7.615685939788818,23.37760353088379,23.783666610717773,23.31959342956543,23.667648315429688,536878.0,SPG,1d
1999-02-23 00:00:00+00:00,7.634580612182617,23.435611724853516,23.8416748046875,23.203577041625977,23.435611724853516,3263936.0,SPG,1d
1999-02-24 00:00:00+00:00,7.747966766357422,23.783666610717773,24.073711395263672,23.435611724853516,23.5516300201416,415884.0,SPG,1d
1999-02-25 00:00:00+00:00,7.747966766357422,23.783666610717773,24.363754272460938,23.667648315429688,23.667648315429688,1266615.0,SPG,1d
1999-02-26 00:00:00+00:00,7.691277980804443,23.609638214111328,23.783666610717773,23.435611724853516,23.783666610717773,248776.0,SPG,1d
1999-03-01 00:00:00+00:00,7.672383785247803,23.5516300201416,23.89968490600586,23.435611724853516,23.783666610717773,1356364.0,SPG,1d
1999-03-02 00:00:00+00:00,7.5211992263793945,23.08755874633789,23.725656509399414,22.971540451049805,23.667648315429688,470402.0,SPG,1d
1999-03-03 00:00:00+00:00,7.407814979553223,22.739505767822266,23.203577041625977,22.507469177246094,23.203577041625977,817654.0,SPG,1d
1999-03-04 00:00:00+00:00,7.407814979553223,22.739505767822266,22.739505767822266,22.62348747253418,22.739505767822266,375265.0,SPG,1d
1999-03-05 00:00:00+00:00,7.407814979553223,22.739505767822266,22.85552215576172,22.62348747253418,22.85552215576172,218716.0,SPG,1d
1999-03-08 00:00:00+00:00,7.388917446136475,22.681495666503906,22.797513961791992,22.33344268798828,22.739505767822266,190811.0,SPG,1d
1999-03-09 00:00:00+00:00,7.332226276397705,22.507469177246094,22.739505767822266,22.15941619873047,22.449459075927734,666600.0,SPG,1d
1999-03-10 00:00:00+00:00,7.558992385864258,23.203577041625977,23.31959342956543,22.507469177246094,22.507469177246094,468462.0,SPG,1d
1999-03-11 00:00:00+00:00,7.596789836883545,23.31959342956543,23.609638214111328,23.261585235595703,23.31959342956543,667570.0,SPG,1d
1999-03-12 00:00:00+00:00,7.823554992675781,24.015701293945312,24.015701293945312,23.435611724853516,23.5516300201416,614345.0,SPG,1d
1999-03-15 00:00:00+00:00,7.710173606872559,23.667648315429688,23.8416748046875,23.31959342956543,23.667648315429688,518024.0,SPG,1d
1999-03-16 00:00:00+00:00,7.823554992675781,24.015701293945312,24.189729690551758,23.667648315429688,23.783666610717773,317192.0,SPG,1d
1999-03-17 00:00:00+00:00,7.842457294464111,24.073711395263672,24.189729690551758,23.725656509399414,23.8416748046875,356195.0,SPG,1d
1999-03-18 00:00:00+00:00,7.747966766357422,23.783666610717773,24.1317195892334,23.783666610717773,24.073711395263672,255995.0,SPG,1d
1999-03-19 00:00:00+00:00,7.710173606872559,23.667648315429688,24.015701293945312,23.667648315429688,24.015701293945312,321071.0,SPG,1d
1999-03-22 00:00:00+00:00,7.672383785247803,23.5516300201416,23.8416748046875,23.493621826171875,23.493621826171875,273665.0,SPG,1d
1999-03-23 00:00:00+00:00,7.672383785247803,23.5516300201416,23.667648315429688,23.435611724853516,23.493621826171875,168401.0,SPG,1d
1999-03-24 00:00:00+00:00,7.710173606872559,23.667648315429688,23.8416748046875,23.5516300201416,23.783666610717773,242958.0,SPG,1d
1999-03-25 00:00:00+00:00,7.747966766357422,23.783666610717773,23.8416748046875,23.5516300201416,23.667648315429688,200185.0,SPG,1d
1999-03-26 00:00:00+00:00,7.785766124725342,23.89968490600586,23.957693099975586,23.667648315429688,23.667648315429688,240911.0,SPG,1d
1999-03-29 00:00:00+00:00,7.974740505218506,24.479772567749023,24.711809158325195,24.1317195892334,24.1317195892334,368047.0,SPG,1d
1999-03-30 00:00:00+00:00,8.088122367858887,24.82782745361328,24.82782745361328,24.479772567749023,24.479772567749023,204925.0,SPG,1d
1999-03-31 00:00:00+00:00,8.295998573303223,25.465925216674805,25.52393341064453,24.82782745361328,24.82782745361328,413945.0,SPG,1d
1999-04-01 00:00:00+00:00,8.012537956237793,24.59579086303711,25.291898727416992,24.363754272460938,25.291898727416992,182730.0,SPG,1d
1999-04-05 00:00:00+00:00,7.918048858642578,24.30574607849121,24.769817352294922,24.1317195892334,24.711809158325195,190596.0,SPG,1d
1999-04-06 00:00:00+00:00,8.050328254699707,24.711809158325195,24.711809158325195,23.957693099975586,24.1317195892334,205249.0,SPG,1d
1999-04-07 00:00:00+00:00,8.050328254699707,24.711809158325195,25.233888626098633,24.537782669067383,24.537782669067383,705064.0,SPG,1d
1999-04-08 00:00:00+00:00,8.107022285461426,24.885835647583008,24.943845748901367,24.479772567749023,24.653799057006836,443897.0,SPG,1d
1999-04-09 00:00:00+00:00,8.012537956237793,24.59579086303711,24.885835647583008,24.363754272460938,24.82782745361328,98153.0,SPG,1d
1999-04-12 00:00:00+00:00,7.861357688903809,24.1317195892334,24.30574607849121,23.783666610717773,24.015701293945312,287671.0,SPG,1d
1999-04-13 00:00:00+00:00,7.974740505218506,24.479772567749023,24.653799057006836,24.1317195892334,24.1317195892334,159135.0,SPG,1d
1999-04-14 00:00:00+00:00,7.955845832824707,24.421764373779297,24.711809158325195,24.247737884521484,24.421764373779297,328936.0,SPG,1d
1999-04-15 00:00:00+00:00,8.163714408874512,25.05986213684082,25.05986213684082,24.1317195892334,24.189729690551758,507249.0,SPG,1d
1999-04-16 00:00:00+00:00,8.484970092773438,26.0460147857666,26.220041275024414,25.05986213684082,25.05986213684082,449931.0,SPG,1d
1999-04-19 00:00:00+00:00,8.71174144744873,26.742122650146484,27.14818572998047,26.0460147857666,26.220041275024414,558427.0,SPG,1d
1999-04-20 00:00:00+00:00,8.636154174804688,26.510086059570312,26.974157333374023,26.162033081054688,26.85814094543457,163552.0,SPG,1d
1999-04-21 00:00:00+00:00,8.730635643005371,26.80013084411621,27.032167434692383,26.0460147857666,26.27804946899414,195229.0,SPG,1d
1999-04-22 00:00:00+00:00,8.749534606933594,26.85814094543457,27.32221031188965,26.80013084411621,26.80013084411621,424180.0,SPG,1d
1999-04-23 00:00:00+00:00,8.768438339233398,26.916149139404297,27.14818572998047,26.85814094543457,27.09017562866211,312775.0,SPG,1d
1999-04-26 00:00:00+00:00,8.57945728302002,26.3360595703125,26.974157333374023,26.220041275024414,26.916149139404297,201585.0,SPG,1d
1999-04-27 00:00:00+00:00,8.428279876708984,25.87198829650879,26.56809425354004,25.87198829650879,26.452077865600586,118732.0,SPG,1d
1999-04-28 00:00:00+00:00,8.560562133789062,26.27804946899414,26.510086059570312,25.81397819519043,26.10402488708496,243928.0,SPG,1d
1999-04-29 00:00:00+00:00,8.560562133789062,26.27804946899414,26.684112548828125,26.220041275024414,26.510086059570312,128752.0,SPG,1d
1999-04-30 00:00:00+00:00,8.673945426940918,26.6261043548584,26.684112548828125,26.27804946899414,26.27804946899414,199107.0,SPG,1d
1999-05-03 00:00:00+00:00,8.749534606933594,26.85814094543457,26.916149139404297,26.510086059570312,26.510086059570312,331953.0,SPG,1d
1999-05-04 00:00:00+00:00,8.768438339233398,26.916149139404297,27.09017562866211,26.6261043548584,26.916149139404297,146852.0,SPG,1d
1999-05-05 00:00:00+00:00,8.801281929016113,26.510086059570312,26.56809425354004,26.27804946899414,26.394067764282227,119809.0,SPG,1d
1999-05-06 00:00:00+00:00,8.820536613464355,26.56809425354004,26.742122650146484,26.27804946899414,26.452077865600586,156334.0,SPG,1d
1999-05-07 00:00:00+00:00,8.89757251739502,26.80013084411621,27.032167434692383,26.452077865600586,26.56809425354004,245867.0,SPG,1d
1999-05-10 00:00:00+00:00,9.070899963378906,27.32221031188965,27.496238708496094,26.56809425354004,26.684112548828125,249315.0,SPG,1d
1999-05-11 00:00:00+00:00,9.090163230895996,27.380220413208008,27.612255096435547,27.206193923950195,27.206193923950195,274850.0,SPG,1d
1999-05-12 00:00:00+00:00,9.186453819274902,27.670265197753906,27.728273391723633,27.264202117919922,27.380220413208008,194259.0,SPG,1d
1999-05-13 00:00:00+00:00,9.282752990722656,27.960309982299805,28.07632827758789,27.612255096435547,27.84429168701172,239834.0,SPG,1d
1999-05-14 00:00:00+00:00,9.128683090209961,27.496238708496094,27.960309982299805,27.264202117919922,27.960309982299805,118624.0,SPG,1d
1999-05-17 00:00:00+00:00,8.89757251739502,26.80013084411621,27.728273391723633,26.6261043548584,27.728273391723633,125304.0,SPG,1d
1999-05-18 00:00:00+00:00,8.762761116027832,26.394067764282227,26.80013084411621,25.988006591796875,26.80013084411621,123688.0,SPG,1d
1999-05-19 00:00:00+00:00,8.839798927307129,26.6261043548584,26.85814094543457,26.452077865600586,26.452077865600586,222272.0,SPG,1d
1999-05-20 00:00:00+00:00,8.993868827819824,27.09017562866211,27.380220413208008,26.6261043548584,26.85814094543457,238325.0,SPG,1d
1999-05-21 00:00:00+00:00,9.244230270385742,27.84429168701172,27.84429168701172,27.380220413208008,27.55424690246582,153532.0,SPG,1d
1999-05-24 00:00:00+00:00,9.244230270385742,27.84429168701172,28.714426040649414,27.612255096435547,28.714426040649414,260951.0,SPG,1d
1999-05-25 00:00:00+00:00,9.128683090209961,27.496238708496094,27.960309982299805,27.380220413208008,27.84429168701172,151162.0,SPG,1d
1999-05-26 00:00:00+00:00,9.03238582611084,27.206193923950195,27.728273391723633,27.206193923950195,27.55424690246582,112698.0,SPG,1d
1999-05-27 00:00:00+00:00,8.955352783203125,26.974157333374023,27.380220413208008,26.684112548828125,27.206193923950195,149438.0,SPG,1d
1999-05-28 00:00:00+00:00,9.013129234313965,27.14818572998047,27.206193923950195,26.80013084411621,26.974157333374023,159889.0,SPG,1d
1999-06-01 00:00:00+00:00,8.859055519104004,26.684112548828125,27.380220413208008,26.684112548828125,27.380220413208008,166677.0,SPG,1d
1999-06-02 00:00:00+00:00,8.936097145080566,26.916149139404297,27.032167434692383,26.510086059570312,26.684112548828125,139849.0,SPG,1d
1999-06-03 00:00:00+00:00,8.97461223602295,27.032167434692383,27.032167434692383,26.80013084411621,26.916149139404297,231538.0,SPG,1d
1999-06-04 00:00:00+00:00,8.936097145080566,26.916149139404297,27.14818572998047,26.85814094543457,27.09017562866211,184670.0,SPG,1d
1999-06-07 00:00:00+00:00,8.78201961517334,26.452077865600586,26.85814094543457,26.3360595703125,26.742122650146484,137371.0,SPG,1d
1999-06-08 00:00:00+00:00,8.704985618591309,26.220041275024414,26.452077865600586,26.220041275024414,26.452077865600586,106988.0,SPG,1d
1999-06-09 00:00:00+00:00,8.78201961517334,26.452077865600586,26.742122650146484,26.27804946899414,26.3360595703125,126274.0,SPG,1d
1999-06-10 00:00:00+00:00,8.7242431640625,26.27804946899414,26.6261043548584,26.10402488708496,26.56809425354004,221518.0,SPG,1d
1999-06-11 00:00:00+00:00,8.7242431640625,26.27804946899414,26.394067764282227,26.0460147857666,26.27804946899414,62706.0,SPG,1d
1999-06-14 00:00:00+00:00,8.762761116027832,26.394067764282227,26.684112548828125,26.162033081054688,26.162033081054688,94382.0,SPG,1d
1999-06-15 00:00:00+00:00,8.820536613464355,26.56809425354004,26.85814094543457,26.27804946899414,26.6261043548584,186501.0,SPG,1d
1999-06-16 00:00:00+00:00,8.89757251739502,26.80013084411621,27.09017562866211,26.80013084411621,27.032167434692383,223996.0,SPG,1d
1999-06-17 00:00:00+00:00,8.955352783203125,26.974157333374023,27.09017562866211,26.6261043548584,26.80013084411621,122287.0,SPG,1d
1999-06-18 00:00:00+00:00,8.993868827819824,27.09017562866211,27.14818572998047,26.742122650146484,26.742122650146484,265584.0,SPG,1d
1999-06-21 00:00:00+00:00,8.89757251739502,26.80013084411621,27.670265197753906,26.80013084411621,27.670265197753906,180683.0,SPG,1d
1999-06-22 00:00:00+00:00,8.859055519104004,26.684112548828125,26.85814094543457,26.684112548828125,26.85814094543457,111513.0,SPG,1d
1999-06-23 00:00:00+00:00,8.7242431640625,26.27804946899414,26.742122650146484,26.220041275024414,26.6261043548584,82099.0,SPG,1d
1999-06-24 00:00:00+00:00,8.473880767822266,25.52393341064453,26.220041275024414,25.465925216674805,26.0460147857666,325920.0,SPG,1d
1999-06-25 00:00:00+00:00,8.358328819274902,25.175880432128906,25.755970001220703,25.175880432128906,25.639951705932617,190703.0,SPG,1d
1999-06-28 00:00:00+00:00,8.300556182861328,25.001853942871094,25.407915115356445,24.82782745361328,25.34990692138672,381299.0,SPG,1d
1999-06-29 00:00:00+00:00,8.281291961669922,24.943845748901367,25.175880432128906,24.943845748901367,25.05986213684082,307711.0,SPG,1d
1999-06-30 00:00:00+00:00,7.8190836906433105,23.5516300201416,25.05986213684082,23.5516300201416,25.05986213684082,1180529.0,SPG,1d
1999-07-01 00:00:00+00:00,8.358328819274902,25.175880432128906,25.175880432128906,24.479772567749023,24.479772567749023,519316.0,SPG,1d
1999-07-02 00:00:00+00:00,8.358328819274902,25.175880432128906,25.407915115356445,25.05986213684082,25.11787223815918,197491.0,SPG,1d
1999-07-06 00:00:00+00:00,8.396845817565918,25.291898727416992,25.407915115356445,24.82782745361328,25.05986213684082,212575.0,SPG,1d
1999-07-07 00:00:00+00:00,8.396845817565918,25.291898727416992,25.52393341064453,25.291898727416992,25.407915115356445,209127.0,SPG,1d
1999-07-08 00:00:00+00:00,8.435364723205566,25.407915115356445,25.465925216674805,24.943845748901367,25.465925216674805,508004.0,SPG,1d
1999-07-09 00:00:00+00:00,8.339070320129395,25.11787223815918,25.407915115356445,25.05986213684082,25.407915115356445,250392.0,SPG,1d
1999-07-12 00:00:00+00:00,8.31981086730957,25.05986213684082,25.52393341064453,24.711809158325195,25.52393341064453,131445.0,SPG,1d
1999-07-13 00:00:00+00:00,8.339070320129395,25.11787223815918,25.175880432128906,24.885835647583008,25.05986213684082,344236.0,SPG,1d
1999-07-14 00:00:00+00:00,8.358328819274902,25.175880432128906,25.175880432128906,25.05986213684082,25.175880432128906,95244.0,SPG,1d
1999-07-15 00:00:00+00:00,8.358328819274902,25.175880432128906,25.291898727416992,25.05986213684082,25.291898727416992,277005.0,SPG,1d
1999-07-16 00:00:00+00:00,8.37758731842041,25.233888626098633,25.407915115356445,25.05986213684082,25.11787223815918,184778.0,SPG,1d
1999-07-19 00:00:00+00:00,8.358328819274902,25.175880432128906,25.34990692138672,25.05986213684082,25.34990692138672,67985.0,SPG,1d
1999-07-20 00:00:00+00:00,8.281291961669922,24.943845748901367,25.175880432128906,24.885835647583008,25.11787223815918,288856.0,SPG,1d
1999-07-21 00:00:00+00:00,8.31981086730957,25.05986213684082,25.11787223815918,24.885835647583008,25.11787223815918,119701.0,SPG,1d
1999-07-22 00:00:00+00:00,8.242774963378906,24.82782745361328,25.175880432128906,24.82782745361328,25.05986213684082,246945.0,SPG,1d
1999-07-23 00:00:00+00:00,8.281291961669922,24.943845748901367,25.175880432128906,24.943845748901367,25.11787223815918,157411.0,SPG,1d
1999-07-26 00:00:00+00:00,8.281291961669922,24.943845748901367,25.233888626098633,24.82782745361328,25.175880432128906,171202.0,SPG,1d
1999-07-27 00:00:00+00:00,8.358328819274902,25.175880432128906,25.175880432128906,24.82782745361328,24.943845748901367,228952.0,SPG,1d
1999-07-28 00:00:00+00:00,8.300556182861328,25.001853942871094,25.05986213684082,24.82782745361328,25.05986213684082,117439.0,SPG,1d
1999-07-29 00:00:00+00:00,8.14648151397705,24.537782669067383,24.885835647583008,24.479772567749023,24.769817352294922,290472.0,SPG,1d
1999-07-30 00:00:00+00:00,8.184992790222168,24.653799057006836,25.05986213684082,24.363754272460938,24.421764373779297,334539.0,SPG,1d
1999-08-02 00:00:00+00:00,8.223515510559082,24.769817352294922,25.001853942871094,24.421764373779297,24.59579086303711,176050.0,SPG,1d
1999-08-03 00:00:00+00:00,8.262031555175781,24.885835647583008,24.943845748901367,24.711809158325195,24.885835647583008,235847.0,SPG,1d
1999-08-04 00:00:00+00:00,8.197274208068848,24.189729690551758,24.421764373779297,24.1317195892334,24.247737884521484,235632.0,SPG,1d
1999-08-05 00:00:00+00:00,8.098983764648438,23.89968490600586,24.30574607849121,23.8416748046875,24.30574607849121,226043.0,SPG,1d
1999-08-06 00:00:00+00:00,8.157955169677734,24.073711395263672,24.1317195892334,23.725656509399414,23.89968490600586,182515.0,SPG,1d
1999-08-09 00:00:00+00:00,8.059669494628906,23.783666610717773,24.30574607849121,23.725656509399414,24.015701293945312,121318.0,SPG,1d
1999-08-10 00:00:00+00:00,7.922065258026123,23.37760353088379,23.783666610717773,23.261585235595703,23.725656509399414,357273.0,SPG,1d
1999-08-11 00:00:00+00:00,7.863088607788086,23.203577041625977,23.37760353088379,23.14556884765625,23.37760353088379,239726.0,SPG,1d
1999-08-12 00:00:00+00:00,7.863088607788086,23.203577041625977,23.37760353088379,23.203577041625977,23.203577041625977,121856.0,SPG,1d
1999-08-13 00:00:00+00:00,8.00069522857666,23.609638214111328,23.667648315429688,23.261585235595703,23.37760353088379,175619.0,SPG,1d
1999-08-16 00:00:00+00:00,7.922065258026123,23.37760353088379,23.609638214111328,23.261585235595703,23.435611724853516,97291.0,SPG,1d
1999-08-17 00:00:00+00:00,7.863088607788086,23.203577041625977,23.493621826171875,23.14556884765625,23.493621826171875,161829.0,SPG,1d
1999-08-18 00:00:00+00:00,7.9417195320129395,23.435611724853516,23.725656509399414,23.203577041625977,23.203577041625977,296937.0,SPG,1d
1999-08-19 00:00:00+00:00,8.020353317260742,23.667648315429688,23.725656509399414,23.37760353088379,23.435611724853516,183485.0,SPG,1d
1999-08-20 00:00:00+00:00,8.13829517364502,24.015701293945312,24.015701293945312,23.493621826171875,23.725656509399414,116146.0,SPG,1d
1999-08-23 00:00:00+00:00,8.177617073059082,24.1317195892334,25.175880432128906,23.725656509399414,25.175880432128906,208158.0,SPG,1d
1999-08-24 00:00:00+00:00,8.059669494628906,23.783666610717773,24.30574607849121,23.5516300201416,24.30574607849121,141034.0,SPG,1d
1999-08-25 00:00:00+00:00,7.981039524078369,23.5516300201416,23.725656509399414,23.435611724853516,23.609638214111328,160751.0,SPG,1d
1999-08-26 00:00:00+00:00,7.981039524078369,23.5516300201416,23.609638214111328,23.261585235595703,23.5516300201416,161936.0,SPG,1d
1999-08-27 00:00:00+00:00,7.981039524078369,23.5516300201416,23.609638214111328,23.261585235595703,23.31959342956543,402416.0,SPG,1d
1999-08-30 00:00:00+00:00,7.922065258026123,23.37760353088379,23.609638214111328,23.203577041625977,23.435611724853516,74988.0,SPG,1d
1999-08-31 00:00:00+00:00,8.020353317260742,23.667648315429688,23.667648315429688,23.203577041625977,23.203577041625977,214838.0,SPG,1d
1999-09-01 00:00:00+00:00,8.00069522857666,23.609638214111328,23.783666610717773,23.435611724853516,23.725656509399414,126705.0,SPG,1d
1999-09-02 00:00:00+00:00,7.922065258026123,23.37760353088379,23.493621826171875,23.261585235595703,23.31959342956543,119917.0,SPG,1d
1999-09-03 00:00:00+00:00,8.00069522857666,23.609638214111328,23.609638214111328,23.31959342956543,23.493621826171875,76174.0,SPG,1d
1999-09-07 00:00:00+00:00,8.020353317260742,23.667648315429688,23.667648315429688,23.435611724853516,23.609638214111328,82315.0,SPG,1d
1999-09-08 00:00:00+00:00,7.961380481719971,23.493621826171875,23.667648315429688,23.261585235595703,23.5516300201416,135001.0,SPG,1d
1999-09-09 00:00:00+00:00,8.020353317260742,23.667648315429688,23.667648315429688,23.261585235595703,23.31959342956543,303509.0,SPG,1d
1999-09-10 00:00:00+00:00,7.902408123016357,23.31959342956543,23.609638214111328,23.203577041625977,23.493621826171875,124981.0,SPG,1d
1999-09-13 00:00:00+00:00,7.863088607788086,23.203577041625977,23.5516300201416,23.14556884765625,23.31959342956543,106449.0,SPG,1d
1999-09-14 00:00:00+00:00,7.823774814605713,23.08755874633789,23.31959342956543,23.029550552368164,23.203577041625977,146098.0,SPG,1d
1999-09-15 00:00:00+00:00,7.70582914352417,22.739505767822266,23.203577041625977,22.62348747253418,23.203577041625977,151701.0,SPG,1d
1999-09-16 00:00:00+00:00,7.646854877471924,22.56547737121582,23.203577041625977,22.56547737121582,22.681495666503906,421594.0,SPG,1d
1999-09-17 00:00:00+00:00,7.686172008514404,22.681495666503906,22.739505767822266,22.33344268798828,22.681495666503906,106557.0,SPG,1d
1999-09-20 00:00:00+00:00,7.587882041931152,22.391450881958008,22.507469177246094,21.753353118896484,22.449459075927734,177236.0,SPG,1d
1999-09-21 00:00:00+00:00,7.5682244300842285,22.33344268798828,22.681495666503906,22.275432586669922,22.391450881958008,120025.0,SPG,1d
1999-09-22 00:00:00+00:00,7.5682244300842285,22.33344268798828,22.507469177246094,22.275432586669922,22.507469177246094,166569.0,SPG,1d
1999-09-23 00:00:00+00:00,7.627196788787842,22.507469177246094,22.507469177246094,22.275432586669922,22.391450881958008,206218.0,SPG,1d
1999-09-24 00:00:00+00:00,7.489593029022217,22.10140609741211,22.449459075927734,22.10140609741211,22.449459075927734,99877.0,SPG,1d
1999-09-27 00:00:00+00:00,7.332331657409668,21.6373348236084,22.10140609741211,21.405298233032227,22.10140609741211,200508.0,SPG,1d
1999-09-28 00:00:00+00:00,7.351990222930908,21.695344924926758,21.985389709472656,21.579326629638672,21.579326629638672,331630.0,SPG,1d
1999-09-29 00:00:00+00:00,7.273360252380371,21.463308334350586,21.81136131286621,21.11525535583496,21.579326629638672,121102.0,SPG,1d
1999-09-30 00:00:00+00:00,7.057122707366943,20.825210571289062,21.579326629638672,20.825210571289062,21.463308334350586,265261.0,SPG,1d
1999-10-01 00:00:00+00:00,7.273360252380371,21.463308334350586,21.579326629638672,20.88321876525879,20.999237060546875,286917.0,SPG,1d
1999-10-04 00:00:00+00:00,7.371648788452148,21.753353118896484,21.86937141418457,21.231273651123047,21.231273651123047,146421.0,SPG,1d
1999-10-05 00:00:00+00:00,7.351990222930908,21.695344924926758,21.927379608154297,21.579326629638672,21.579326629638672,216669.0,SPG,1d
1999-10-06 00:00:00+00:00,7.293018341064453,21.521316528320312,21.695344924926758,21.3472900390625,21.695344924926758,181330.0,SPG,1d
1999-10-07 00:00:00+00:00,7.17507266998291,21.173263549804688,21.6373348236084,20.825210571289062,21.6373348236084,177667.0,SPG,1d
1999-10-08 00:00:00+00:00,7.057122707366943,20.825210571289062,21.289281845092773,20.767200469970703,21.0572452545166,134031.0,SPG,1d
1999-10-11 00:00:00+00:00,7.194728851318359,21.231273651123047,21.289281845092773,20.999237060546875,21.173263549804688,180360.0,SPG,1d
1999-10-12 00:00:00+00:00,7.076780796051025,20.88321876525879,21.289281845092773,20.709192276000977,21.289281845092773,141788.0,SPG,1d
1999-10-13 00:00:00+00:00,7.076780796051025,20.88321876525879,21.173263549804688,20.709192276000977,21.0572452545166,235416.0,SPG,1d
1999-10-14 00:00:00+00:00,7.057122707366943,20.825210571289062,20.94122886657715,20.651182174682617,20.88321876525879,140603.0,SPG,1d
1999-10-15 00:00:00+00:00,6.998149871826172,20.651182174682617,20.88321876525879,20.419147491455078,20.88321876525879,214299.0,SPG,1d
1999-10-18 00:00:00+00:00,6.978493690490723,20.59317398071289,20.825210571289062,20.535165786743164,20.825210571289062,156010.0,SPG,1d
1999-10-19 00:00:00+00:00,6.958834171295166,20.535165786743164,20.767200469970703,20.419147491455078,20.651182174682617,270001.0,SPG,1d
1999-10-20 00:00:00+00:00,6.919520378112793,20.419147491455078,20.59317398071289,20.12910270690918,20.419147491455078,217208.0,SPG,1d
1999-10-21 00:00:00+00:00,6.781914234161377,20.013084411621094,20.419147491455078,19.955076217651367,20.245121002197266,405649.0,SPG,1d
1999-10-22 00:00:00+00:00,6.840889930725098,20.18711280822754,20.36113739013672,20.071094512939453,20.12910270690918,338525.0,SPG,1d
1999-10-25 00:00:00+00:00,6.821232318878174,20.12910270690918,20.18711280822754,20.013084411621094,20.18711280822754,124011.0,SPG,1d
1999-10-26 00:00:00+00:00,6.840889930725098,20.18711280822754,20.245121002197266,20.071094512939453,20.12910270690918,229921.0,SPG,1d
1999-10-27 00:00:00+00:00,6.919520378112793,20.419147491455078,20.535165786743164,20.071094512939453,20.18711280822754,348222.0,SPG,1d
1999-10-28 00:00:00+00:00,7.017808437347412,20.709192276000977,20.88321876525879,20.419147491455078,20.419147491455078,386255.0,SPG,1d
1999-10-29 00:00:00+00:00,7.2537007331848145,21.405298233032227,21.463308334350586,20.709192276000977,20.709192276000977,515546.0,SPG,1d
1999-11-01 00:00:00+00:00,7.1357550621032715,21.0572452545166,21.6373348236084,20.88321876525879,21.6373348236084,455425.0,SPG,1d
1999-11-02 00:00:00+00:00,7.214386463165283,21.289281845092773,21.463308334350586,21.11525535583496,21.11525535583496,876374.0,SPG,1d
1999-11-03 00:00:00+00:00,7.26886510848999,20.94122886657715,21.289281845092773,20.825210571289062,20.825210571289062,203417.0,SPG,1d
1999-11-04 00:00:00+00:00,7.248727321624756,20.88321876525879,21.289281845092773,20.88321876525879,20.999237060546875,166892.0,SPG,1d
1999-11-05 00:00:00+00:00,7.228592872619629,20.825210571289062,20.94122886657715,20.767200469970703,20.767200469970703,139310.0,SPG,1d
1999-11-08 00:00:00+00:00,7.3494062423706055,21.173263549804688,21.3472900390625,20.825210571289062,20.825210571289062,485809.0,SPG,1d
1999-11-09 00:00:00+00:00,7.369541168212891,21.231273651123047,21.405298233032227,21.0572452545166,21.173263549804688,651300.0,SPG,1d
1999-11-10 00:00:00+00:00,7.429947376251221,21.405298233032227,21.521316528320312,21.11525535583496,21.3472900390625,536771.0,SPG,1d
1999-11-11 00:00:00+00:00,7.429947376251221,21.405298233032227,21.521316528320312,21.3472900390625,21.521316528320312,341111.0,SPG,1d
1999-11-12 00:00:00+00:00,7.530622482299805,21.695344924926758,21.753353118896484,21.463308334350586,21.463308334350586,291550.0,SPG,1d
1999-11-15 00:00:00+00:00,7.490351676940918,21.579326629638672,21.6373348236084,21.463308334350586,21.579326629638672,212790.0,SPG,1d
1999-11-16 00:00:00+00:00,7.550761699676514,21.753353118896484,21.81136131286621,21.579326629638672,21.753353118896484,241558.0,SPG,1d
1999-11-17 00:00:00+00:00,7.550761699676514,21.753353118896484,21.86937141418457,21.579326629638672,21.86937141418457,220979.0,SPG,1d
1999-11-18 00:00:00+00:00,7.591027736663818,21.86937141418457,21.985389709472656,21.753353118896484,21.81136131286621,155256.0,SPG,1d
1999-11-19 00:00:00+00:00,7.671567916870117,22.10140609741211,22.10140609741211,21.81136131286621,21.86937141418457,178636.0,SPG,1d
1999-11-22 00:00:00+00:00,7.671567916870117,22.10140609741211,22.739505767822266,21.985389709472656,22.739505767822266,390457.0,SPG,1d
1999-11-23 00:00:00+00:00,7.69170618057251,22.15941619873047,22.33344268798828,21.753353118896484,22.10140609741211,201801.0,SPG,1d
1999-11-24 00:00:00+00:00,7.591027736663818,21.86937141418457,22.275432586669922,21.753353118896484,22.043397903442383,116254.0,SPG,1d
1999-11-26 00:00:00+00:00,7.490351676940918,21.579326629638672,22.15941619873047,21.521316528320312,21.985389709472656,84254.0,SPG,1d
1999-11-29 00:00:00+00:00,7.429947376251221,21.405298233032227,22.043397903442383,21.405298233032227,21.6373348236084,203201.0,SPG,1d
1999-11-30 00:00:00+00:00,7.510488986968994,21.6373348236084,21.753353118896484,21.3472900390625,21.405298233032227,446483.0,SPG,1d
1999-12-01 00:00:00+00:00,7.69170618057251,22.15941619873047,22.15941619873047,21.579326629638672,21.579326629638672,402847.0,SPG,1d
1999-12-02 00:00:00+00:00,7.651435375213623,22.043397903442383,22.275432586669922,21.985389709472656,21.985389709472656,236601.0,SPG,1d
1999-12-03 00:00:00+00:00,7.812518119812012,22.507469177246094,22.56547737121582,22.10140609741211,22.10140609741211,248561.0,SPG,1d
1999-12-06 00:00:00+00:00,7.792379856109619,22.449459075927734,22.62348747253418,22.33344268798828,22.62348747253418,426551.0,SPG,1d
1999-12-07 00:00:00+00:00,7.671567916870117,22.10140609741211,22.62348747253418,21.695344924926758,22.33344268798828,187471.0,SPG,1d
1999-12-08 00:00:00+00:00,7.490351676940918,21.579326629638672,22.043397903442383,21.521316528320312,21.985389709472656,282069.0,SPG,1d
1999-12-09 00:00:00+00:00,7.510488986968994,21.6373348236084,21.753353118896484,21.3472900390625,21.695344924926758,201585.0,SPG,1d
1999-12-10 00:00:00+00:00,7.288999557495117,20.999237060546875,21.579326629638672,20.999237060546875,21.289281845092773,200831.0,SPG,1d
1999-12-13 00:00:00+00:00,7.168187618255615,20.651182174682617,21.231273651123047,20.419147491455078,20.825210571289062,420733.0,SPG,1d
1999-12-14 00:00:00+00:00,6.785614490509033,19.549013137817383,20.651182174682617,19.31697654724121,20.535165786743164,705279.0,SPG,1d
1999-12-15 00:00:00+00:00,6.765478134155273,19.491004943847656,19.723039627075195,18.968923568725586,19.66503143310547,651193.0,SPG,1d
1999-12-16 00:00:00+00:00,6.745344638824463,19.432994842529297,19.781049728393555,19.258968353271484,19.491004943847656,403602.0,SPG,1d
1999-12-17 00:00:00+00:00,7.107779502868652,20.477155685424805,20.59317398071289,19.1429500579834,19.258968353271484,670263.0,SPG,1d
1999-12-20 00:00:00+00:00,7.429947376251221,21.405298233032227,21.695344924926758,20.709192276000977,20.709192276000977,547868.0,SPG,1d
1999-12-21 00:00:00+00:00,7.248727321624756,20.88321876525879,21.11525535583496,20.477155685424805,20.88321876525879,490765.0,SPG,1d
1999-12-22 00:00:00+00:00,7.248727321624756,20.88321876525879,20.94122886657715,20.245121002197266,20.767200469970703,347791.0,SPG,1d
1999-12-23 00:00:00+00:00,7.248727321624756,20.88321876525879,20.999237060546875,20.18711280822754,20.999237060546875,412436.0,SPG,1d
1999-12-27 00:00:00+00:00,7.20845890045166,20.767200469970703,20.999237060546875,20.651182174682617,20.709192276000977,198138.0,SPG,1d
1999-12-28 00:00:00+00:00,7.168187618255615,20.651182174682617,21.11525535583496,20.651182174682617,20.88321876525879,332276.0,SPG,1d
1999-12-29 00:00:00+00:00,7.389679431915283,21.289281845092773,21.463308334350586,20.709192276000977,20.709192276000977,305449.0,SPG,1d
1999-12-30 00:00:00+00:00,7.429947376251221,21.405298233032227,21.86937141418457,21.0572452545166,21.3472900390625,191996.0,SPG,1d
1999-12-31 00:00:00+00:00,7.389679431915283,21.289281845092773,21.3472900390625,21.11525535583496,21.173263549804688,143081.0,SPG,1d
2000-01-03 00:00:00+00:00,7.288999557495117,20.999237060546875,21.405298233032227,20.709192276000977,21.173263549804688,348976.0,SPG,1d
2000-01-04 00:00:00+00:00,7.20845890045166,20.767200469970703,21.0572452545166,20.303129196166992,20.94122886657715,360828.0,SPG,1d
2000-01-05 00:00:00+00:00,7.26886510848999,20.94122886657715,20.999237060546875,20.419147491455078,20.419147491455078,246621.0,SPG,1d
2000-01-06 00:00:00+00:00,7.450080871582031,21.463308334350586,21.463308334350586,20.88321876525879,20.999237060546875,218609.0,SPG,1d
2000-01-07 00:00:00+00:00,7.772249698638916,22.391450881958008,22.449459075927734,21.3472900390625,21.405298233032227,309543.0,SPG,1d
2000-01-10 00:00:00+00:00,7.852788925170898,22.62348747253418,22.62348747253418,21.985389709472656,22.507469177246094,324950.0,SPG,1d
2000-01-11 00:00:00+00:00,7.8326520919799805,22.56547737121582,22.971540451049805,22.449459075927734,22.85552215576172,383238.0,SPG,1d
2000-01-12 00:00:00+00:00,7.8326520919799805,22.56547737121582,22.56547737121582,22.217424392700195,22.33344268798828,420302.0,SPG,1d
2000-01-13 00:00:00+00:00,7.8326520919799805,22.56547737121582,22.56547737121582,22.217424392700195,22.391450881958008,328290.0,SPG,1d
2000-01-14 00:00:00+00:00,7.953465461730957,22.913532257080078,22.913532257080078,22.507469177246094,22.56547737121582,411359.0,SPG,1d
2000-01-18 00:00:00+00:00,7.9937357902526855,23.029550552368164,23.14556884765625,22.739505767822266,22.913532257080078,400908.0,SPG,1d
2000-01-19 00:00:00+00:00,8.034004211425781,23.14556884765625,23.203577041625977,22.913532257080078,22.971540451049805,250931.0,SPG,1d
2000-01-20 00:00:00+00:00,8.0742769241333,23.261585235595703,23.261585235595703,23.029550552368164,23.203577041625977,176266.0,SPG,1d
2000-01-21 00:00:00+00:00,8.17496109008789,23.5516300201416,23.5516300201416,23.14556884765625,23.14556884765625,356411.0,SPG,1d
2000-01-24 00:00:00+00:00,8.094415664672852,23.31959342956543,23.667648315429688,23.14556884765625,23.435611724853516,231645.0,SPG,1d
2000-01-25 00:00:00+00:00,8.013873100280762,23.08755874633789,23.435611724853516,23.029550552368164,23.31959342956543,299307.0,SPG,1d
2000-01-26 00:00:00+00:00,8.034004211425781,23.14556884765625,23.14556884765625,22.971540451049805,23.029550552368164,192535.0,SPG,1d
2000-01-27 00:00:00+00:00,8.0742769241333,23.261585235595703,23.31959342956543,23.08755874633789,23.261585235595703,253517.0,SPG,1d
2000-01-28 00:00:00+00:00,8.034004211425781,23.14556884765625,23.261585235595703,23.029550552368164,23.261585235595703,119701.0,SPG,1d
2000-01-31 00:00:00+00:00,7.953465461730957,22.913532257080078,23.261585235595703,22.85552215576172,23.203577041625977,139418.0,SPG,1d
2000-02-01 00:00:00+00:00,7.9937357902526855,23.029550552368164,23.203577041625977,22.85552215576172,23.029550552368164,382915.0,SPG,1d
2000-02-02 00:00:00+00:00,7.987677097320557,22.507469177246094,22.681495666503906,22.33344268798828,22.507469177246094,435170.0,SPG,1d
2000-02-03 00:00:00+00:00,8.11119556427002,22.85552215576172,22.85552215576172,22.275432586669922,22.62348747253418,503909.0,SPG,1d
2000-02-04 00:00:00+00:00,8.15236759185791,22.971540451049805,23.029550552368164,22.739505767822266,22.797513961791992,367293.0,SPG,1d
2000-02-07 00:00:00+00:00,8.11119556427002,22.85552215576172,23.029550552368164,22.739505767822266,22.971540451049805,263752.0,SPG,1d
2000-02-08 00:00:00+00:00,8.028846740722656,22.62348747253418,22.913532257080078,22.391450881958008,22.681495666503906,458335.0,SPG,1d
2000-02-09 00:00:00+00:00,8.008261680603027,22.56547737121582,22.681495666503906,22.33344268798828,22.56547737121582,292089.0,SPG,1d
2000-02-10 00:00:00+00:00,7.967086315155029,22.449459075927734,23.14556884765625,22.33344268798828,22.739505767822266,195013.0,SPG,1d
2000-02-11 00:00:00+00:00,7.884740829467773,22.217424392700195,22.449459075927734,22.15941619873047,22.33344268798828,260736.0,SPG,1d
2000-02-14 00:00:00+00:00,7.761219501495361,21.86937141418457,22.15941619873047,21.695344924926758,22.15941619873047,242635.0,SPG,1d
2000-02-15 00:00:00+00:00,7.6788740158081055,21.6373348236084,21.81136131286621,21.579326629638672,21.81136131286621,322795.0,SPG,1d
2000-02-16 00:00:00+00:00,7.5965256690979,21.405298233032227,21.695344924926758,21.231273651123047,21.405298233032227,312452.0,SPG,1d
2000-02-17 00:00:00+00:00,7.658287525177002,21.579326629638672,21.695344924926758,21.3472900390625,21.463308334350586,329906.0,SPG,1d
2000-02-18 00:00:00+00:00,7.5965256690979,21.405298233032227,21.695344924926758,21.3472900390625,21.579326629638672,177774.0,SPG,1d
2000-02-22 00:00:00+00:00,7.5759406089782715,21.3472900390625,21.81136131286621,21.3472900390625,21.695344924926758,260736.0,SPG,1d
2000-02-23 00:00:00+00:00,7.637699127197266,21.521316528320312,21.695344924926758,21.173263549804688,21.405298233032227,259874.0,SPG,1d
2000-02-24 00:00:00+00:00,7.637699127197266,21.521316528320312,21.753353118896484,21.3472900390625,21.753353118896484,101924.0,SPG,1d
2000-02-25 00:00:00+00:00,7.720048427581787,21.753353118896484,21.753353118896484,21.521316528320312,21.695344924926758,190811.0,SPG,1d
2000-02-28 00:00:00+00:00,7.740633964538574,21.81136131286621,21.927379608154297,21.6373348236084,21.81136131286621,306311.0,SPG,1d
2000-02-29 00:00:00+00:00,7.699458599090576,21.695344924926758,21.81136131286621,21.579326629638672,21.6373348236084,377636.0,SPG,1d
2000-03-01 00:00:00+00:00,7.699458599090576,21.695344924926758,21.81136131286621,21.6373348236084,21.753353118896484,194905.0,SPG,1d
2000-03-02 00:00:00+00:00,7.6788740158081055,21.6373348236084,21.695344924926758,21.463308334350586,21.463308334350586,128105.0,SPG,1d
2000-03-03 00:00:00+00:00,7.740633964538574,21.81136131286621,21.927379608154297,21.6373348236084,21.6373348236084,130368.0,SPG,1d
2000-03-06 00:00:00+00:00,7.720048427581787,21.753353118896484,21.86937141418457,21.579326629638672,21.579326629638672,127998.0,SPG,1d
2000-03-07 00:00:00+00:00,7.617114543914795,21.463308334350586,21.81136131286621,21.231273651123047,21.695344924926758,241881.0,SPG,1d
2000-03-08 00:00:00+00:00,7.637699127197266,21.521316528320312,21.81136131286621,21.11525535583496,21.695344924926758,115284.0,SPG,1d
2000-03-09 00:00:00+00:00,7.55535364151001,21.289281845092773,21.579326629638672,20.999237060546875,21.289281845092773,289503.0,SPG,1d
2000-03-10 00:00:00+00:00,7.5759406089782715,21.3472900390625,21.463308334350586,21.0572452545166,21.3472900390625,137263.0,SPG,1d
2000-03-13 00:00:00+00:00,7.493592262268066,21.11525535583496,21.521316528320312,21.0572452545166,21.521316528320312,167216.0,SPG,1d
2000-03-14 00:00:00+00:00,7.473006725311279,21.0572452545166,21.3472900390625,20.94122886657715,21.11525535583496,163337.0,SPG,1d
2000-03-15 00:00:00+00:00,7.55535364151001,21.289281845092773,21.289281845092773,20.999237060546875,21.0572452545166,139095.0,SPG,1d
2000-03-16 00:00:00+00:00,7.617114543914795,21.463308334350586,21.521316528320312,21.173263549804688,21.173263549804688,365784.0,SPG,1d
2000-03-17 00:00:00+00:00,7.5759406089782715,21.3472900390625,21.6373348236084,21.173263549804688,21.463308334350586,204387.0,SPG,1d
2000-03-20 00:00:00+00:00,7.5759406089782715,21.3472900390625,21.463308334350586,21.231273651123047,21.3472900390625,145021.0,SPG,1d
2000-03-21 00:00:00+00:00,7.699458599090576,21.695344924926758,21.81136131286621,21.231273651123047,21.231273651123047,153748.0,SPG,1d
2000-03-22 00:00:00+00:00,7.658287525177002,21.579326629638672,21.985389709472656,21.463308334350586,21.86937141418457,159889.0,SPG,1d
2000-03-23 00:00:00+00:00,7.740633964538574,21.81136131286621,21.985389709472656,21.231273651123047,21.3472900390625,147607.0,SPG,1d
2000-03-24 00:00:00+00:00,7.761219501495361,21.86937141418457,21.927379608154297,21.463308334350586,21.579326629638672,192750.0,SPG,1d
2000-03-27 00:00:00+00:00,7.658287525177002,21.579326629638672,21.927379608154297,21.405298233032227,21.695344924926758,158058.0,SPG,1d
2000-03-28 00:00:00+00:00,7.658287525177002,21.579326629638672,21.579326629638672,21.231273651123047,21.405298233032227,489149.0,SPG,1d
2000-03-29 00:00:00+00:00,7.637699127197266,21.521316528320312,21.695344924926758,21.289281845092773,21.695344924926758,150408.0,SPG,1d
2000-03-30 00:00:00+00:00,7.740633964538574,21.81136131286621,21.81136131286621,21.405298233032227,21.405298233032227,192643.0,SPG,1d
2000-03-31 00:00:00+00:00,7.6788740158081055,21.6373348236084,22.275432586669922,21.6373348236084,21.81136131286621,196198.0,SPG,1d
2000-04-03 00:00:00+00:00,7.740633964538574,21.81136131286621,22.217424392700195,21.695344924926758,21.927379608154297,232292.0,SPG,1d
2000-04-04 00:00:00+00:00,7.740633964538574,21.81136131286621,21.927379608154297,21.579326629638672,21.753353118896484,143836.0,SPG,1d
2000-04-05 00:00:00+00:00,7.6788740158081055,21.6373348236084,22.043397903442383,21.579326629638672,21.985389709472656,713899.0,SPG,1d
2000-04-06 00:00:00+00:00,7.740633964538574,21.81136131286621,21.927379608154297,21.579326629638672,21.86937141418457,1908003.0,SPG,1d
2000-04-07 00:00:00+00:00,7.884740829467773,22.217424392700195,22.217424392700195,21.81136131286621,21.985389709472656,461136.0,SPG,1d
2000-04-10 00:00:00+00:00,7.946503162384033,22.391450881958008,22.507469177246094,22.15941619873047,22.507469177246094,388087.0,SPG,1d
2000-04-11 00:00:00+00:00,7.987677097320557,22.507469177246094,22.56547737121582,22.217424392700195,22.275432586669922,475465.0,SPG,1d
2000-04-12 00:00:00+00:00,8.090604782104492,22.797513961791992,23.08755874633789,22.507469177246094,22.507469177246094,279806.0,SPG,1d
2000-04-13 00:00:00+00:00,8.358241081237793,23.5516300201416,23.609638214111328,22.681495666503906,22.681495666503906,439803.0,SPG,1d
2000-04-14 00:00:00+00:00,8.234712600708008,23.203577041625977,23.667648315429688,23.203577041625977,23.667648315429688,371818.0,SPG,1d
2000-04-17 00:00:00+00:00,8.11119556427002,22.85552215576172,23.37760353088379,22.739505767822266,23.37760353088379,340680.0,SPG,1d
2000-04-18 00:00:00+00:00,8.15236759185791,22.971540451049805,23.08755874633789,22.797513961791992,23.08755874633789,197168.0,SPG,1d
2000-04-19 00:00:00+00:00,8.172956466674805,23.029550552368164,23.14556884765625,22.85552215576172,22.85552215576172,197922.0,SPG,1d
2000-04-20 00:00:00+00:00,8.131783485412598,22.913532257080078,23.14556884765625,22.85552215576172,22.971540451049805,715191.0,SPG,1d
2000-04-24 00:00:00+00:00,8.172956466674805,23.029550552368164,23.08755874633789,22.85552215576172,22.913532257080078,282607.0,SPG,1d
2000-04-25 00:00:00+00:00,8.234712600708008,23.203577041625977,23.203577041625977,23.029550552368164,23.14556884765625,220979.0,SPG,1d
2000-04-26 00:00:00+00:00,8.378824234008789,23.609638214111328,23.609638214111328,23.14556884765625,23.261585235595703,322472.0,SPG,1d
2000-04-27 00:00:00+00:00,8.399410247802734,23.667648315429688,24.1317195892334,23.5516300201416,23.609638214111328,156118.0,SPG,1d
2000-04-28 00:00:00+00:00,8.378824234008789,23.609638214111328,23.725656509399414,23.435611724853516,23.5516300201416,245113.0,SPG,1d
2000-05-01 00:00:00+00:00,8.708212852478027,24.537782669067383,24.537782669067383,23.609638214111328,23.667648315429688,373865.0,SPG,1d
2000-05-02 00:00:00+00:00,8.852319717407227,24.943845748901367,25.175880432128906,24.479772567749023,24.537782669067383,416207.0,SPG,1d
2000-05-03 00:00:00+00:00,8.825119018554688,24.363754272460938,24.82782745361328,24.30574607849121,24.59579086303711,343158.0,SPG,1d
2000-05-04 00:00:00+00:00,8.88815689086914,24.537782669067383,25.001853942871094,24.363754272460938,25.001853942871094,385824.0,SPG,1d
2000-05-05 00:00:00+00:00,8.909172058105469,24.59579086303711,24.769817352294922,24.363754272460938,24.363754272460938,184885.0,SPG,1d
2000-05-08 00:00:00+00:00,8.804107666015625,24.30574607849121,24.769817352294922,24.189729690551758,24.769817352294922,244790.0,SPG,1d
2000-05-09 00:00:00+00:00,8.783095359802246,24.247737884521484,24.247737884521484,23.8416748046875,23.957693099975586,444436.0,SPG,1d
2000-05-10 00:00:00+00:00,8.72005844116211,24.073711395263672,24.363754272460938,23.957693099975586,24.363754272460938,285947.0,SPG,1d
2000-05-11 00:00:00+00:00,8.783095359802246,24.247737884521484,24.30574607849121,24.015701293945312,24.30574607849121,135539.0,SPG,1d
2000-05-12 00:00:00+00:00,8.804107666015625,24.30574607849121,24.30574607849121,24.1317195892334,24.247737884521484,139849.0,SPG,1d
2000-05-15 00:00:00+00:00,8.72005844116211,24.073711395263672,24.30574607849121,24.015701293945312,24.30574607849121,429029.0,SPG,1d
2000-05-16 00:00:00+00:00,8.699043273925781,24.015701293945312,24.1317195892334,23.89968490600586,24.1317195892334,301139.0,SPG,1d
2000-05-17 00:00:00+00:00,8.699043273925781,24.015701293945312,24.1317195892334,23.89968490600586,24.1317195892334,350269.0,SPG,1d
2000-05-18 00:00:00+00:00,8.72005844116211,24.073711395263672,24.1317195892334,23.89968490600586,23.89968490600586,233046.0,SPG,1d
2000-05-19 00:00:00+00:00,8.657023429870605,23.89968490600586,24.1317195892334,23.783666610717773,23.8416748046875,370848.0,SPG,1d
2000-05-22 00:00:00+00:00,8.509941101074219,23.493621826171875,24.073711395263672,23.31959342956543,24.073711395263672,377205.0,SPG,1d
2000-05-23 00:00:00+00:00,8.509941101074219,23.493621826171875,23.667648315429688,23.37760353088379,23.37760353088379,343805.0,SPG,1d
2000-05-24 00:00:00+00:00,8.362853050231934,23.08755874633789,23.667648315429688,22.971540451049805,23.31959342956543,328182.0,SPG,1d
2000-05-25 00:00:00+00:00,8.362853050231934,23.08755874633789,23.14556884765625,22.913532257080078,23.08755874633789,408558.0,SPG,1d
2000-05-26 00:00:00+00:00,8.278802871704102,22.85552215576172,23.203577041625977,22.797513961791992,23.029550552368164,254163.0,SPG,1d
2000-05-30 00:00:00+00:00,8.15273380279541,22.507469177246094,22.85552215576172,22.391450881958008,22.797513961791992,481822.0,SPG,1d
2000-05-31 00:00:00+00:00,8.236777305603027,22.739505767822266,22.913532257080078,22.56547737121582,22.62348747253418,471695.0,SPG,1d
2000-06-01 00:00:00+00:00,8.257787704467773,22.797513961791992,22.85552215576172,22.507469177246094,22.797513961791992,462536.0,SPG,1d
2000-06-02 00:00:00+00:00,8.236777305603027,22.739505767822266,23.029550552368164,22.62348747253418,22.797513961791992,933046.0,SPG,1d
2000-06-05 00:00:00+00:00,8.215765953063965,22.681495666503906,22.739505767822266,22.56547737121582,22.739505767822266,115068.0,SPG,1d
2000-06-06 00:00:00+00:00,8.068680763244629,22.275432586669922,22.681495666503906,22.275432586669922,22.56547737121582,490442.0,SPG,1d
2000-06-07 00:00:00+00:00,8.15273380279541,22.507469177246094,22.62348747253418,22.33344268798828,22.33344268798828,743959.0,SPG,1d
2000-06-08 00:00:00+00:00,8.068680763244629,22.275432586669922,22.507469177246094,22.043397903442383,22.391450881958008,607342.0,SPG,1d
2000-06-09 00:00:00+00:00,8.15273380279541,22.507469177246094,22.56547737121582,22.217424392700195,22.275432586669922,706464.0,SPG,1d
2000-06-12 00:00:00+00:00,8.194754600524902,22.62348747253418,22.681495666503906,22.275432586669922,22.275432586669922,376020.0,SPG,1d
2000-06-13 00:00:00+00:00,8.215765953063965,22.681495666503906,22.797513961791992,22.507469177246094,22.681495666503906,634385.0,SPG,1d
2000-06-14 00:00:00+00:00,8.236777305603027,22.739505767822266,23.08755874633789,22.56547737121582,22.85552215576172,445836.0,SPG,1d
2000-06-15 00:00:00+00:00,8.1317138671875,22.449459075927734,22.85552215576172,22.391450881958008,22.85552215576172,240588.0,SPG,1d
2000-06-16 00:00:00+00:00,8.236777305603027,22.739505767822266,22.739505767822266,22.275432586669922,22.507469177246094,354902.0,SPG,1d
2000-06-19 00:00:00+00:00,8.236777305603027,22.739505767822266,22.85552215576172,22.507469177246094,22.62348747253418,213114.0,SPG,1d
2000-06-20 00:00:00+00:00,8.362853050231934,23.08755874633789,23.08755874633789,22.681495666503906,22.739505767822266,360720.0,SPG,1d
2000-06-21 00:00:00+00:00,8.278802871704102,22.85552215576172,22.971540451049805,22.739505767822266,22.85552215576172,197491.0,SPG,1d
2000-06-22 00:00:00+00:00,8.215765953063965,22.681495666503906,22.85552215576172,22.507469177246094,22.797513961791992,246406.0,SPG,1d
2000-06-23 00:00:00+00:00,8.205260276794434,22.65249252319336,22.739505767822266,22.507469177246094,22.739505767822266,128644.0,SPG,1d
2000-06-26 00:00:00+00:00,8.163236618041992,22.536474227905273,22.681495666503906,22.449459075927734,22.449459075927734,169694.0,SPG,1d
2000-06-27 00:00:00+00:00,8.215765953063965,22.681495666503906,22.739505767822266,22.275432586669922,22.56547737121582,422564.0,SPG,1d
2000-06-28 00:00:00+00:00,8.173742294311523,22.56547737121582,22.739505767822266,22.56547737121582,22.681495666503906,296398.0,SPG,1d
2000-06-29 00:00:00+00:00,8.29981517791748,22.913532257080078,22.971540451049805,22.739505767822266,22.739505767822266,274958.0,SPG,1d
2000-06-30 00:00:00+00:00,7.4593281745910645,20.59317398071289,23.261585235595703,20.59317398071289,23.14556884765625,1074080.0,SPG,1d
2000-07-03 00:00:00+00:00,8.257787704467773,22.797513961791992,23.029550552368164,21.463308334350586,21.463308334350586,572649.0,SPG,1d
2000-07-05 00:00:00+00:00,8.383861541748047,23.14556884765625,23.203577041625977,22.507469177246094,22.56547737121582,567585.0,SPG,1d
2000-07-06 00:00:00+00:00,8.44690227508545,23.31959342956543,23.5516300201416,22.913532257080078,23.029550552368164,430537.0,SPG,1d
2000-07-07 00:00:00+00:00,8.467913627624512,23.37760353088379,23.493621826171875,23.261585235595703,23.435611724853516,348114.0,SPG,1d
2000-07-10 00:00:00+00:00,8.425887107849121,23.261585235595703,23.435611724853516,23.08755874633789,23.435611724853516,166461.0,SPG,1d
2000-07-11 00:00:00+00:00,8.362853050231934,23.08755874633789,23.31959342956543,22.85552215576172,23.203577041625977,219578.0,SPG,1d
2000-07-12 00:00:00+00:00,8.362853050231934,23.08755874633789,23.203577041625977,22.739505767822266,23.08755874633789,321933.0,SPG,1d
2000-07-13 00:00:00+00:00,8.404873847961426,23.203577041625977,23.261585235595703,23.08755874633789,23.203577041625977,250931.0,SPG,1d
2000-07-14 00:00:00+00:00,8.404873847961426,23.203577041625977,23.37760353088379,23.08755874633789,23.203577041625977,165492.0,SPG,1d
2000-07-17 00:00:00+00:00,8.320825576782227,22.971540451049805,23.203577041625977,22.971540451049805,23.08755874633789,143081.0,SPG,1d
2000-07-18 00:00:00+00:00,8.320825576782227,22.971540451049805,23.08755874633789,22.85552215576172,23.029550552368164,119486.0,SPG,1d
2000-07-19 00:00:00+00:00,8.404873847961426,23.203577041625977,23.203577041625977,22.913532257080078,22.971540451049805,184562.0,SPG,1d
2000-07-20 00:00:00+00:00,8.404873847961426,23.203577041625977,23.261585235595703,22.971540451049805,22.971540451049805,243389.0,SPG,1d
2000-07-21 00:00:00+00:00,8.425887107849121,23.261585235595703,23.31959342956543,23.08755874633789,23.14556884765625,200723.0,SPG,1d
2000-07-24 00:00:00+00:00,8.530956268310547,23.5516300201416,23.609638214111328,23.261585235595703,23.261585235595703,264614.0,SPG,1d
2000-07-25 00:00:00+00:00,8.657023429870605,23.89968490600586,23.89968490600586,23.37760353088379,23.37760353088379,393905.0,SPG,1d
2000-07-26 00:00:00+00:00,8.846137046813965,24.421764373779297,24.421764373779297,23.89968490600586,23.89968490600586,495936.0,SPG,1d
2000-07-27 00:00:00+00:00,8.98271369934082,24.7988224029541,24.885835647583008,24.247737884521484,24.363754272460938,333677.0,SPG,1d
2000-07-28 00:00:00+00:00,8.88815689086914,24.537782669067383,24.885835647583008,24.479772567749023,24.885835647583008,482576.0,SPG,1d
2000-07-31 00:00:00+00:00,8.783095359802246,24.247737884521484,24.59579086303711,24.015701293945312,24.537782669067383,162690.0,SPG,1d
2000-08-01 00:00:00+00:00,8.993216514587402,24.82782745361328,24.82782745361328,24.189729690551758,24.247737884521484,822718.0,SPG,1d
2000-08-02 00:00:00+00:00,8.98690414428711,24.30574607849121,24.59579086303711,24.015701293945312,24.537782669067383,823364.0,SPG,1d
2000-08-03 00:00:00+00:00,8.772417068481445,23.725656509399414,24.363754272460938,23.5516300201416,24.363754272460938,603786.0,SPG,1d
2000-08-04 00:00:00+00:00,8.515036582946777,23.029550552368164,23.957693099975586,22.797513961791992,23.957693099975586,393366.0,SPG,1d
2000-08-07 00:00:00+00:00,8.472139358520508,22.913532257080078,23.37760353088379,22.681495666503906,23.029550552368164,237894.0,SPG,1d
2000-08-08 00:00:00+00:00,8.579379081726074,23.203577041625977,23.31959342956543,23.08755874633789,23.14556884765625,3098660.0,SPG,1d
2000-08-09 00:00:00+00:00,8.557931900024414,23.14556884765625,23.203577041625977,22.971540451049805,23.203577041625977,170663.0,SPG,1d
2000-08-10 00:00:00+00:00,8.579379081726074,23.203577041625977,23.31959342956543,23.029550552368164,23.14556884765625,374727.0,SPG,1d
2000-08-11 00:00:00+00:00,8.515036582946777,23.029550552368164,23.203577041625977,22.913532257080078,23.14556884765625,135216.0,SPG,1d
2000-08-14 00:00:00+00:00,8.472139358520508,22.913532257080078,23.029550552368164,22.739505767822266,23.029550552368164,1012883.0,SPG,1d
2000-08-15 00:00:00+00:00,8.364898681640625,22.62348747253418,22.85552215576172,22.62348747253418,22.797513961791992,347791.0,SPG,1d
2000-08-16 00:00:00+00:00,8.343449592590332,22.56547737121582,22.681495666503906,22.56547737121582,22.681495666503906,99338.0,SPG,1d
2000-08-17 00:00:00+00:00,8.322004318237305,22.507469177246094,22.681495666503906,22.33344268798828,22.56547737121582,355872.0,SPG,1d
2000-08-18 00:00:00+00:00,8.236207008361816,22.275432586669922,22.681495666503906,22.275432586669922,22.681495666503906,194043.0,SPG,1d
2000-08-21 00:00:00+00:00,8.257654190063477,22.33344268798828,22.507469177246094,22.275432586669922,22.449459075927734,212467.0,SPG,1d
2000-08-22 00:00:00+00:00,8.107516288757324,21.927379608154297,22.33344268798828,21.927379608154297,22.275432586669922,421594.0,SPG,1d
2000-08-23 00:00:00+00:00,8.107516288757324,21.927379608154297,22.10140609741211,21.86937141418457,21.927379608154297,216346.0,SPG,1d
2000-08-24 00:00:00+00:00,7.957378387451172,21.521316528320312,21.927379608154297,21.521316528320312,21.86937141418457,244467.0,SPG,1d
2000-08-25 00:00:00+00:00,7.935929298400879,21.463308334350586,21.81136131286621,21.463308334350586,21.695344924926758,172818.0,SPG,1d
2000-08-28 00:00:00+00:00,7.914480686187744,21.405298233032227,21.579326629638672,21.231273651123047,21.463308334350586,330229.0,SPG,1d
2000-08-29 00:00:00+00:00,7.871584892272949,21.289281845092773,21.463308334350586,21.173263549804688,21.3472900390625,311267.0,SPG,1d
2000-08-30 00:00:00+00:00,7.914480686187744,21.405298233032227,21.521316528320312,21.11525535583496,21.3472900390625,268385.0,SPG,1d
2000-08-31 00:00:00+00:00,7.807237148284912,21.11525535583496,21.695344924926758,21.11525535583496,21.3472900390625,424504.0,SPG,1d
2000-09-01 00:00:00+00:00,7.871584892272949,21.289281845092773,21.579326629638672,21.231273651123047,21.231273651123047,134678.0,SPG,1d
2000-09-05 00:00:00+00:00,7.957378387451172,21.521316528320312,21.521316528320312,21.289281845092773,21.289281845092773,279052.0,SPG,1d
2000-09-06 00:00:00+00:00,7.957378387451172,21.521316528320312,21.81136131286621,21.521316528320312,21.521316528320312,354687.0,SPG,1d
2000-09-07 00:00:00+00:00,8.107516288757324,21.927379608154297,22.043397903442383,21.521316528320312,21.521316528320312,255995.0,SPG,1d
2000-09-08 00:00:00+00:00,8.257654190063477,22.33344268798828,22.449459075927734,21.86937141418457,21.927379608154297,606049.0,SPG,1d
2000-09-11 00:00:00+00:00,8.279104232788086,22.391450881958008,22.449459075927734,22.15941619873047,22.391450881958008,434847.0,SPG,1d
2000-09-12 00:00:00+00:00,8.236207008361816,22.275432586669922,22.33344268798828,22.15941619873047,22.275432586669922,363198.0,SPG,1d
2000-09-13 00:00:00+00:00,8.171858787536621,22.10140609741211,22.275432586669922,22.043397903442383,22.275432586669922,208481.0,SPG,1d
2000-09-14 00:00:00+00:00,8.086064338684082,21.86937141418457,22.043397903442383,21.81136131286621,22.043397903442383,359966.0,SPG,1d
2000-09-15 00:00:00+00:00,8.021721839904785,21.695344924926758,21.81136131286621,21.695344924926758,21.695344924926758,208050.0,SPG,1d
2000-09-18 00:00:00+00:00,8.021721839904785,21.695344924926758,22.043397903442383,21.695344924926758,21.86937141418457,430645.0,SPG,1d
2000-09-19 00:00:00+00:00,8.043171882629395,21.753353118896484,21.86937141418457,21.695344924926758,21.695344924926758,168293.0,SPG,1d
2000-09-20 00:00:00+00:00,7.935929298400879,21.463308334350586,21.927379608154297,21.405298233032227,21.695344924926758,140496.0,SPG,1d
2000-09-21 00:00:00+00:00,7.914480686187744,21.405298233032227,21.579326629638672,21.3472900390625,21.3472900390625,200400.0,SPG,1d
2000-09-22 00:00:00+00:00,7.978824615478516,21.579326629638672,21.579326629638672,21.0572452545166,21.11525535583496,412652.0,SPG,1d
2000-09-25 00:00:00+00:00,7.935929298400879,21.463308334350586,21.695344924926758,21.463308334350586,21.521316528320312,231430.0,SPG,1d
2000-09-26 00:00:00+00:00,8.171858787536621,22.10140609741211,22.391450881958008,21.579326629638672,21.579326629638672,1258534.0,SPG,1d
2000-09-27 00:00:00+00:00,8.086064338684082,21.86937141418457,22.15941619873047,21.81136131286621,22.15941619873047,171525.0,SPG,1d
2000-09-28 00:00:00+00:00,8.107516288757324,21.927379608154297,22.15941619873047,21.695344924926758,21.86937141418457,249638.0,SPG,1d
2000-09-29 00:00:00+00:00,8.043171882629395,21.753353118896484,22.043397903442383,21.579326629638672,21.927379608154297,598184.0,SPG,1d
2000-10-02 00:00:00+00:00,7.76434326171875,20.999237060546875,21.753353118896484,20.94122886657715,21.463308334350586,443789.0,SPG,1d
2000-10-03 00:00:00+00:00,7.6785454750061035,20.767200469970703,21.173263549804688,20.709192276000977,21.11525535583496,224965.0,SPG,1d
2000-10-04 00:00:00+00:00,7.571300983428955,20.477155685424805,20.999237060546875,20.477155685424805,20.709192276000977,230783.0,SPG,1d
2000-10-05 00:00:00+00:00,7.6785454750061035,20.767200469970703,20.94122886657715,20.477155685424805,20.59317398071289,214838.0,SPG,1d
2000-10-06 00:00:00+00:00,7.76434326171875,20.999237060546875,21.231273651123047,20.767200469970703,20.767200469970703,273234.0,SPG,1d
2000-10-09 00:00:00+00:00,7.785789966583252,21.0572452545166,21.11525535583496,20.88321876525879,21.11525535583496,166677.0,SPG,1d
2000-10-10 00:00:00+00:00,7.721442222595215,20.88321876525879,20.999237060546875,20.767200469970703,20.94122886657715,109681.0,SPG,1d
2000-10-11 00:00:00+00:00,7.614202499389648,20.59317398071289,21.0572452545166,20.477155685424805,20.999237060546875,309004.0,SPG,1d
2000-10-12 00:00:00+00:00,7.571300983428955,20.477155685424805,20.767200469970703,20.419147491455078,20.535165786743164,218609.0,SPG,1d
2000-10-13 00:00:00+00:00,7.614202499389648,20.59317398071289,20.825210571289062,20.419147491455078,20.477155685424805,181653.0,SPG,1d
2000-10-16 00:00:00+00:00,7.635650157928467,20.651182174682617,20.88321876525879,20.477155685424805,20.477155685424805,245113.0,SPG,1d
2000-10-17 00:00:00+00:00,7.571300983428955,20.477155685424805,20.651182174682617,20.419147491455078,20.651182174682617,176158.0,SPG,1d
2000-10-18 00:00:00+00:00,7.485509872436523,20.245121002197266,20.535165786743164,20.071094512939453,20.419147491455078,311159.0,SPG,1d
2000-10-19 00:00:00+00:00,7.5927510261535645,20.535165786743164,20.709192276000977,20.303129196166992,20.419147491455078,297799.0,SPG,1d
2000-10-20 00:00:00+00:00,7.721442222595215,20.88321876525879,20.94122886657715,20.419147491455078,20.59317398071289,295105.0,SPG,1d
2000-10-23 00:00:00+00:00,7.5498576164245605,20.419147491455078,20.767200469970703,20.419147491455078,20.709192276000977,167647.0,SPG,1d
2000-10-24 00:00:00+00:00,7.5927510261535645,20.535165786743164,20.59317398071289,20.419147491455078,20.59317398071289,281099.0,SPG,1d
2000-10-25 00:00:00+00:00,7.442615032196045,20.12910270690918,20.535165786743164,20.071094512939453,20.535165786743164,206110.0,SPG,1d
2000-10-26 00:00:00+00:00,7.528409481048584,20.36113739013672,20.419147491455078,20.12910270690918,20.18711280822754,77574.0,SPG,1d
2000-10-27 00:00:00+00:00,7.528409481048584,20.36113739013672,20.419147491455078,20.245121002197266,20.36113739013672,181761.0,SPG,1d
2000-10-30 00:00:00+00:00,7.571300983428955,20.477155685424805,20.477155685424805,20.303129196166992,20.36113739013672,171849.0,SPG,1d
2000-10-31 00:00:00+00:00,7.657098293304443,20.709192276000977,20.767200469970703,20.477155685424805,20.767200469970703,426443.0,SPG,1d
2000-11-01 00:00:00+00:00,7.716580867767334,20.36113739013672,20.36113739013672,20.303129196166992,20.303129196166992,325812.0,SPG,1d
2000-11-02 00:00:00+00:00,7.672608852386475,20.245121002197266,20.36113739013672,20.12910270690918,20.18711280822754,245652.0,SPG,1d
2000-11-03 00:00:00+00:00,7.716580867767334,20.36113739013672,20.36113739013672,19.955076217651367,20.245121002197266,421056.0,SPG,1d
2000-11-06 00:00:00+00:00,7.7385640144348145,20.419147491455078,20.477155685424805,20.245121002197266,20.36113739013672,485270.0,SPG,1d
2000-11-07 00:00:00+00:00,7.804518699645996,20.59317398071289,20.709192276000977,20.36113739013672,20.419147491455078,408127.0,SPG,1d
2000-11-08 00:00:00+00:00,7.826501369476318,20.651182174682617,20.88321876525879,20.59317398071289,20.651182174682617,639233.0,SPG,1d
2000-11-09 00:00:00+00:00,7.892455101013184,20.825210571289062,20.999237060546875,20.651182174682617,20.651182174682617,270217.0,SPG,1d
2000-11-10 00:00:00+00:00,7.848484992980957,20.709192276000977,20.767200469970703,20.419147491455078,20.709192276000977,663906.0,SPG,1d
2000-11-13 00:00:00+00:00,7.848484992980957,20.709192276000977,20.709192276000977,20.535165786743164,20.59317398071289,379791.0,SPG,1d
2000-11-14 00:00:00+00:00,7.892455101013184,20.825210571289062,20.825210571289062,20.59317398071289,20.651182174682617,169155.0,SPG,1d
2000-11-15 00:00:00+00:00,7.87047004699707,20.767200469970703,20.825210571289062,20.535165786743164,20.59317398071289,269786.0,SPG,1d
2000-11-16 00:00:00+00:00,7.9144392013549805,20.88321876525879,20.94122886657715,20.651182174682617,20.767200469970703,229921.0,SPG,1d
2000-11-17 00:00:00+00:00,7.9144392013549805,20.88321876525879,20.88321876525879,20.651182174682617,20.651182174682617,144482.0,SPG,1d
2000-11-20 00:00:00+00:00,7.87047004699707,20.767200469970703,20.88321876525879,20.651182174682617,20.88321876525879,169370.0,SPG,1d
2000-11-21 00:00:00+00:00,7.9144392013549805,20.88321876525879,20.88321876525879,20.651182174682617,20.651182174682617,346391.0,SPG,1d
2000-11-22 00:00:00+00:00,7.87047004699707,20.767200469970703,20.88321876525879,20.651182174682617,20.709192276000977,132738.0,SPG,1d
2000-11-24 00:00:00+00:00,7.87047004699707,20.767200469970703,20.825210571289062,20.709192276000977,20.825210571289062,41157.0,SPG,1d
2000-11-27 00:00:00+00:00,7.9144392013549805,20.88321876525879,20.94122886657715,20.767200469970703,20.825210571289062,444328.0,SPG,1d
2000-11-28 00:00:00+00:00,7.804518699645996,20.59317398071289,20.94122886657715,20.535165786743164,20.88321876525879,883484.0,SPG,1d
2000-11-29 00:00:00+00:00,7.892455101013184,20.825210571289062,20.999237060546875,20.535165786743164,20.651182174682617,259874.0,SPG,1d
2000-11-30 00:00:00+00:00,8.068334579467773,21.289281845092773,21.463308334350586,20.767200469970703,20.88321876525879,850084.0,SPG,1d
2000-12-01 00:00:00+00:00,8.156271934509277,21.521316528320312,21.695344924926758,21.11525535583496,21.173263549804688,516515.0,SPG,1d
2000-12-04 00:00:00+00:00,8.178256034851074,21.579326629638672,21.579326629638672,21.289281845092773,21.463308334350586,278298.0,SPG,1d
2000-12-05 00:00:00+00:00,8.398098945617676,22.15941619873047,22.217424392700195,21.521316528320312,21.579326629638672,585362.0,SPG,1d
2000-12-06 00:00:00+00:00,8.464054107666016,22.33344268798828,22.391450881958008,21.81136131286621,21.985389709472656,297583.0,SPG,1d
2000-12-07 00:00:00+00:00,8.420083999633789,22.217424392700195,22.33344268798828,22.15941619873047,22.275432586669922,198784.0,SPG,1d
2000-12-08 00:00:00+00:00,8.464054107666016,22.33344268798828,22.391450881958008,22.217424392700195,22.217424392700195,509512.0,SPG,1d
2000-12-11 00:00:00+00:00,8.464054107666016,22.33344268798828,22.449459075927734,22.15941619873047,22.217424392700195,338094.0,SPG,1d
2000-12-12 00:00:00+00:00,8.50802230834961,22.449459075927734,22.449459075927734,22.10140609741211,22.10140609741211,253840.0,SPG,1d
2000-12-13 00:00:00+00:00,8.595962524414062,22.681495666503906,22.681495666503906,22.391450881958008,22.449459075927734,297368.0,SPG,1d
2000-12-14 00:00:00+00:00,8.530010223388672,22.507469177246094,22.739505767822266,22.275432586669922,22.681495666503906,569201.0,SPG,1d
2000-12-15 00:00:00+00:00,8.530010223388672,22.507469177246094,22.62348747253418,22.36244773864746,22.507469177246094,359427.0,SPG,1d
2000-12-18 00:00:00+00:00,8.705883026123047,22.971540451049805,22.971540451049805,22.449459075927734,22.56547737121582,526427.0,SPG,1d
2000-12-19 00:00:00+00:00,8.639928817749023,22.797513961791992,22.85552215576172,22.739505767822266,22.797513961791992,327967.0,SPG,1d
2000-12-20 00:00:00+00:00,8.50802230834961,22.449459075927734,22.62348747253418,22.449459075927734,22.56547737121582,1172664.0,SPG,1d
2000-12-21 00:00:00+00:00,8.486042022705078,22.391450881958008,22.681495666503906,22.391450881958008,22.56547737121582,382700.0,SPG,1d
2000-12-22 00:00:00+00:00,8.464054107666016,22.33344268798828,22.507469177246094,22.275432586669922,22.449459075927734,576097.0,SPG,1d
2000-12-26 00:00:00+00:00,8.398098945617676,22.15941619873047,22.391450881958008,22.15941619873047,22.391450881958008,153963.0,SPG,1d
2000-12-27 00:00:00+00:00,8.683899879455566,22.913532257080078,23.14556884765625,22.15941619873047,22.217424392700195,241773.0,SPG,1d
2000-12-28 00:00:00+00:00,8.639928817749023,22.797513961791992,23.08755874633789,22.391450881958008,22.56547737121582,384316.0,SPG,1d
2000-12-29 00:00:00+00:00,8.442069053649902,22.275432586669922,22.971540451049805,22.275432586669922,22.62348747253418,447129.0,SPG,1d
2001-01-02 00:00:00+00:00,8.551990509033203,22.56547737121582,22.797513961791992,22.10140609741211,22.275432586669922,280345.0,SPG,1d
2001-01-03 00:00:00+00:00,8.74985408782959,23.08755874633789,23.203577041625977,22.56547737121582,22.681495666503906,1446544.0,SPG,1d
2001-01-04 00:00:00+00:00,8.771833419799805,23.14556884765625,23.261585235595703,23.029550552368164,23.203577041625977,291442.0,SPG,1d
2001-01-05 00:00:00+00:00,8.837794303894043,23.31959342956543,23.5516300201416,23.08755874633789,23.203577041625977,1108665.0,SPG,1d
2001-01-08 00:00:00+00:00,8.793819427490234,23.203577041625977,23.667648315429688,23.203577041625977,23.31959342956543,286594.0,SPG,1d
2001-01-09 00:00:00+00:00,8.85977840423584,23.37760353088379,23.435611724853516,22.971540451049805,23.029550552368164,851377.0,SPG,1d
2001-01-10 00:00:00+00:00,8.903746604919434,23.493621826171875,23.5516300201416,23.261585235595703,23.31959342956543,619732.0,SPG,1d
2001-01-11 00:00:00+00:00,8.947715759277344,23.609638214111328,23.667648315429688,23.37760353088379,23.435611724853516,271187.0,SPG,1d
2001-01-12 00:00:00+00:00,8.925736427307129,23.5516300201416,23.667648315429688,23.37760353088379,23.609638214111328,275604.0,SPG,1d
2001-01-16 00:00:00+00:00,8.991682052612305,23.725656509399414,23.725656509399414,23.493621826171875,23.609638214111328,522656.0,SPG,1d
2001-01-17 00:00:00+00:00,8.991682052612305,23.725656509399414,23.725656509399414,23.5516300201416,23.725656509399414,249100.0,SPG,1d
2001-01-18 00:00:00+00:00,8.991682052612305,23.725656509399414,23.725656509399414,23.667648315429688,23.667648315429688,144374.0,SPG,1d
2001-01-19 00:00:00+00:00,8.991682052612305,23.725656509399414,23.725656509399414,23.609638214111328,23.609638214111328,108604.0,SPG,1d
2001-01-22 00:00:00+00:00,9.101601600646973,24.015701293945312,24.015701293945312,23.725656509399414,23.725656509399414,336155.0,SPG,1d
2001-01-23 00:00:00+00:00,9.079622268676758,23.957693099975586,24.015701293945312,23.783666610717773,23.89968490600586,163768.0,SPG,1d
2001-01-24 00:00:00+00:00,9.189544677734375,24.247737884521484,24.30574607849121,24.015701293945312,24.073711395263672,370202.0,SPG,1d
2001-01-25 00:00:00+00:00,9.277484893798828,24.479772567749023,24.479772567749023,24.015701293945312,24.073711395263672,291011.0,SPG,1d
2001-01-26 00:00:00+00:00,9.211530685424805,24.30574607849121,24.363754272460938,24.189729690551758,24.30574607849121,671664.0,SPG,1d
2001-01-29 00:00:00+00:00,9.229994773864746,24.354473114013672,24.4101619720459,24.261659622192383,24.308067321777344,384208.0,SPG,1d
2001-01-30 00:00:00+00:00,9.240547180175781,24.3823184967041,24.4101619720459,24.261659622192383,24.261659622192383,414699.0,SPG,1d
2001-01-31 00:00:00+00:00,9.261652946472168,24.438007354736328,24.54938316345215,24.31734848022461,24.50297737121582,127136.0,SPG,1d
2001-02-01 00:00:00+00:00,9.208888053894043,24.298784255981445,24.50297737121582,24.159563064575195,24.205970764160156,86732.0,SPG,1d
2001-02-02 00:00:00+00:00,9.293312072753906,24.52153968811035,24.540103912353516,24.298784255981445,24.298784255981445,169801.0,SPG,1d
2001-02-05 00:00:00+00:00,9.212407112121582,24.308067321777344,24.577228546142578,24.308067321777344,24.577228546142578,215592.0,SPG,1d
2001-02-06 00:00:00+00:00,9.145577430725098,24.1317195892334,24.400880813598633,24.038904190063477,24.31734848022461,914191.0,SPG,1d
2001-02-07 00:00:00+00:00,9.004873275756836,23.760461807250977,23.946090698242188,23.714054107666016,23.89968490600586,599046.0,SPG,1d
2001-02-08 00:00:00+00:00,8.987287521362305,23.714054107666016,23.946090698242188,23.714054107666016,23.946090698242188,169801.0,SPG,1d
2001-02-09 00:00:00+00:00,8.92045783996582,23.537708282470703,23.834714889526367,23.342798233032227,23.723337173461914,962136.0,SPG,1d
2001-02-12 00:00:00+00:00,8.987287521362305,23.714054107666016,23.936809539794922,23.435611724853516,23.482019424438477,211605.0,SPG,1d
2001-02-13 00:00:00+00:00,9.103365898132324,24.020341873168945,24.085311889648438,23.676929473876953,23.89968490600586,317192.0,SPG,1d
2001-02-14 00:00:00+00:00,9.176697731018066,23.704774856567383,23.806869506835938,23.528427124023438,23.676929473876953,284331.0,SPG,1d
2001-02-15 00:00:00+00:00,9.165918350219727,23.676929473876953,23.8532772064209,23.528427124023438,23.676929473876953,227120.0,SPG,1d
2001-02-16 00:00:00+00:00,9.018604278564453,23.296390533447266,23.482019424438477,23.203577041625977,23.33351707458496,280668.0,SPG,1d
2001-02-20 00:00:00+00:00,9.101247787475586,23.509864807128906,23.667648315429688,23.203577041625977,23.296390533447266,171741.0,SPG,1d
2001-02-21 00:00:00+00:00,9.061722755432129,23.40776824951172,23.509864807128906,23.249984741210938,23.463457107543945,136509.0,SPG,1d
2001-02-22 00:00:00+00:00,8.95752239227295,23.138607025146484,23.42633056640625,23.045791625976562,23.42633056640625,265584.0,SPG,1d
2001-02-23 00:00:00+00:00,8.99704647064209,23.24070167541504,23.40776824951172,23.138607025146484,23.138607025146484,311805.0,SPG,1d
2001-02-26 00:00:00+00:00,9.011418342590332,23.277828216552734,23.296390533447266,23.017948150634766,23.296390533447266,155903.0,SPG,1d
2001-02-27 00:00:00+00:00,9.018604278564453,23.296390533447266,23.342798233032227,23.092199325561523,23.203577041625977,169263.0,SPG,1d
2001-02-28 00:00:00+00:00,9.201849937438965,23.769744873046875,23.769744873046875,23.296390533447266,23.342798233032227,261490.0,SPG,1d
2001-03-01 00:00:00+00:00,9.244966506958008,23.881120681762695,23.89040184020996,23.482019424438477,23.714054107666016,263321.0,SPG,1d
2001-03-02 00:00:00+00:00,9.270122528076172,23.946090698242188,23.946090698242188,23.760461807250977,23.8532772064209,208050.0,SPG,1d
2001-03-05 00:00:00+00:00,9.259336471557617,23.91824722290039,24.038904190063477,23.8532772064209,23.99249839782715,137371.0,SPG,1d
2001-03-06 00:00:00+00:00,9.252153396606445,23.89968490600586,23.89968490600586,23.5748348236084,23.63980484008789,201585.0,SPG,1d
2001-03-07 00:00:00+00:00,9.158737182617188,23.658367156982422,23.89968490600586,23.51914405822754,23.760461807250977,337556.0,SPG,1d
2001-03-08 00:00:00+00:00,9.180291175842285,23.714054107666016,23.797588348388672,23.621240615844727,23.667648315429688,327428.0,SPG,1d
2001-03-09 00:00:00+00:00,9.216222763061523,23.806869506835938,23.99249839782715,23.676929473876953,23.741899490356445,412652.0,SPG,1d
2001-03-12 00:00:00+00:00,9.216222763061523,23.806869506835938,24.122438430786133,23.667648315429688,24.038904190063477,362336.0,SPG,1d
2001-03-13 00:00:00+00:00,9.14795207977295,23.630521774291992,23.806869506835938,23.537708282470703,23.806869506835938,324196.0,SPG,1d
2001-03-14 00:00:00+00:00,9.090465545654297,23.482019424438477,23.556270599365234,23.370641708374023,23.398487091064453,808927.0,SPG,1d
2001-03-15 00:00:00+00:00,9.072497367858887,23.435611724853516,23.528427124023438,23.203577041625977,23.528427124023438,493566.0,SPG,1d
2001-03-16 00:00:00+00:00,9.025790214538574,23.31495475769043,23.528427124023438,23.203577041625977,23.528427124023438,349946.0,SPG,1d
2001-03-19 00:00:00+00:00,8.982669830322266,23.203577041625977,23.203577041625977,22.043397903442383,22.043397903442383,452516.0,SPG,1d
2001-03-20 00:00:00+00:00,9.06531047821045,23.417049407958984,23.658367156982422,23.110761642456055,23.203577041625977,532569.0,SPG,1d
2001-03-21 00:00:00+00:00,9.126397132873535,23.5748348236084,23.99249839782715,23.491300582885742,23.99249839782715,236494.0,SPG,1d
2001-03-22 00:00:00+00:00,9.054535865783691,23.389205932617188,23.5748348236084,22.832319259643555,23.5748348236084,373218.0,SPG,1d
2001-03-23 00:00:00+00:00,9.054535865783691,23.389205932617188,23.955371856689453,23.157169342041016,23.249984741210938,381083.0,SPG,1d
2001-03-26 00:00:00+00:00,9.288081169128418,23.99249839782715,24.1317195892334,23.277828216552734,23.296390533447266,632230.0,SPG,1d
2001-03-27 00:00:00+00:00,9.07968807220459,23.45417594909668,23.99249839782715,23.398487091064453,23.99249839782715,368585.0,SPG,1d
2001-03-28 00:00:00+00:00,9.000638008117676,23.249984741210938,23.621240615844727,23.175731658935547,23.361360549926758,814206.0,SPG,1d
2001-03-29 00:00:00+00:00,9.137174606323242,23.602678298950195,23.667648315429688,23.231420516967773,23.296390533447266,225935.0,SPG,1d
2001-03-30 00:00:00+00:00,9.198258399963379,23.760461807250977,24.038904190063477,23.435611724853516,23.61195945739746,675542.0,SPG,1d
2001-04-02 00:00:00+00:00,9.165918350219727,23.676929473876953,23.760461807250977,23.324235916137695,23.760461807250977,259981.0,SPG,1d
2001-04-03 00:00:00+00:00,9.140768051147461,23.61195945739746,23.760461807250977,23.5748348236084,23.714054107666016,233369.0,SPG,1d
2001-04-04 00:00:00+00:00,9.162325859069824,23.667648315429688,23.75118064880371,23.379924774169922,23.379924774169922,232184.0,SPG,1d
2001-04-05 00:00:00+00:00,9.356350898742676,24.16884422302246,24.224533081054688,23.667648315429688,23.667648315429688,372787.0,SPG,1d
2001-04-06 00:00:00+00:00,9.26652717590332,23.936809539794922,24.27094078063965,23.797588348388672,24.038904190063477,139526.0,SPG,1d
2001-04-09 00:00:00+00:00,9.327606201171875,24.094593048095703,24.27094078063965,23.89968490600586,23.946090698242188,130152.0,SPG,1d
2001-04-10 00:00:00+00:00,9.270122528076172,23.946090698242188,24.224533081054688,23.87183952331543,24.224533081054688,124658.0,SPG,1d
2001-04-11 00:00:00+00:00,9.054535865783691,23.389205932617188,23.8532772064209,23.287109375,23.8532772064209,391534.0,SPG,1d
2001-04-12 00:00:00+00:00,9.126397132873535,23.5748348236084,23.667648315429688,23.398487091064453,23.42633056640625,361259.0,SPG,1d
2001-04-16 00:00:00+00:00,9.072497367858887,23.435611724853516,24.122438430786133,23.342798233032227,23.5655517578125,198892.0,SPG,1d
2001-04-17 00:00:00+00:00,9.244966506958008,23.881120681762695,23.89968490600586,23.5655517578125,23.667648315429688,135001.0,SPG,1d
2001-04-18 00:00:00+00:00,9.46414566040039,24.447288513183594,24.54938316345215,23.779024124145508,23.8532772064209,552609.0,SPG,1d
2001-04-19 00:00:00+00:00,9.449773788452148,24.4101619720459,24.586509704589844,24.10387420654297,24.447288513183594,263106.0,SPG,1d
2001-04-20 00:00:00+00:00,9.424623489379883,24.345191955566406,24.54938316345215,23.99249839782715,24.54938316345215,229060.0,SPG,1d
2001-04-23 00:00:00+00:00,9.471332550048828,24.465850830078125,24.54938316345215,23.99249839782715,24.54938316345215,156441.0,SPG,1d
2001-04-24 00:00:00+00:00,9.388686180114746,24.252378463745117,24.419443130493164,24.1317195892334,24.4101619720459,324950.0,SPG,1d
2001-04-25 00:00:00+00:00,9.406654357910156,24.298784255981445,24.31734848022461,24.141000747680664,24.261659622192383,185424.0,SPG,1d
2001-04-26 00:00:00+00:00,9.485703468322754,24.50297737121582,24.59579086303711,24.484413146972656,24.484413146972656,229706.0,SPG,1d
2001-04-27 00:00:00+00:00,9.492890357971191,24.52153968811035,24.59579086303711,24.27094078063965,24.512258529663086,220332.0,SPG,1d
2001-04-30 00:00:00+00:00,9.51085376739502,24.567947387695312,24.78141975402832,24.419443130493164,24.75357437133789,428382.0,SPG,1d
2001-05-01 00:00:00+00:00,9.43899154663086,24.3823184967041,24.59579086303711,24.33591079711914,24.567947387695312,232723.0,SPG,1d
2001-05-02 00:00:00+00:00,9.395873069763184,24.27094078063965,24.4101619720459,24.224533081054688,24.224533081054688,235632.0,SPG,1d
2001-05-03 00:00:00+00:00,9.367133140563965,24.19668960571289,24.354473114013672,24.15028190612793,24.280221939086914,233261.0,SPG,1d
2001-05-04 00:00:00+00:00,9.377910614013672,24.224533081054688,24.354473114013672,24.020341873168945,24.1317195892334,416207.0,SPG,1d
2001-05-07 00:00:00+00:00,9.30245304107666,24.029624938964844,24.261659622192383,23.946090698242188,24.187408447265625,190165.0,SPG,1d
2001-05-08 00:00:00+00:00,9.306044578552246,24.038904190063477,24.1317195892334,23.676929473876953,24.085311889648438,441311.0,SPG,1d
2001-05-09 00:00:00+00:00,9.194661140441895,23.75118064880371,23.89968490600586,23.676929473876953,23.89968490600586,419547.0,SPG,1d
2001-05-10 00:00:00+00:00,9.176697731018066,23.704774856567383,23.760461807250977,23.667648315429688,23.760461807250977,390565.0,SPG,1d
2001-05-11 00:00:00+00:00,9.180291175842285,23.714054107666016,23.760461807250977,23.59339714050293,23.667648315429688,394228.0,SPG,1d
2001-05-14 00:00:00+00:00,9.219813346862793,23.816150665283203,23.881120681762695,23.63980484008789,23.8532772064209,223996.0,SPG,1d
2001-05-15 00:00:00+00:00,9.381505012512207,24.233814239501953,24.27094078063965,23.779024124145508,23.8532772064209,368154.0,SPG,1d
2001-05-16 00:00:00+00:00,9.596587181091309,24.252378463745117,24.252378463745117,23.68621063232422,23.973934173583984,391965.0,SPG,1d
2001-05-17 00:00:00+00:00,9.655352592468262,24.400880813598633,24.50297737121582,24.1317195892334,24.1317195892334,490657.0,SPG,1d
2001-05-18 00:00:00+00:00,9.72145938873291,24.567947387695312,24.577228546142578,24.224533081054688,24.224533081054688,295105.0,SPG,1d
2001-05-21 00:00:00+00:00,9.824294090270996,24.82782745361328,24.82782745361328,24.391599655151367,24.59579086303711,634493.0,SPG,1d
2001-05-22 00:00:00+00:00,9.93447494506836,25.10626983642578,25.18052101135254,24.59579086303711,24.6886043548584,601847.0,SPG,1d
2001-05-23 00:00:00+00:00,9.949162483215332,25.143396377563477,25.19908332824707,24.976329803466797,25.069143295288086,553902.0,SPG,1d
2001-05-24 00:00:00+00:00,10.004255294799805,25.282617568969727,25.338306427001953,24.92064094543457,25.143396377563477,765076.0,SPG,1d
2001-05-25 00:00:00+00:00,9.96752643585205,25.189802169799805,25.282617568969727,25.069143295288086,25.282617568969727,442281.0,SPG,1d
2001-05-29 00:00:00+00:00,9.897747039794922,25.01345443725586,25.291898727416992,24.864952087402344,25.291898727416992,771648.0,SPG,1d
2001-05-30 00:00:00+00:00,9.842658996582031,24.87423324584961,25.152677536010742,24.78141975402832,25.05986213684082,272264.0,SPG,1d
2001-05-31 00:00:00+00:00,9.960182189941406,25.171239852905273,25.171239852905273,24.883514404296875,25.01345443725586,306311.0,SPG,1d
2001-06-01 00:00:00+00:00,9.963857650756836,25.18052101135254,25.356868743896484,25.01345443725586,25.19908332824707,280021.0,SPG,1d
2001-06-04 00:00:00+00:00,10.026287078857422,25.338306427001953,25.338306427001953,25.143396377563477,25.338306427001953,941234.0,SPG,1d
2001-06-05 00:00:00+00:00,10.063014030456543,25.431119918823242,25.431119918823242,25.134113311767578,25.19908332824707,376020.0,SPG,1d
2001-06-06 00:00:00+00:00,10.107085227966309,25.542497634887695,25.616748809814453,25.338306427001953,25.477527618408203,242312.0,SPG,1d
2001-06-07 00:00:00+00:00,10.118106842041016,25.570341110229492,25.579622268676758,25.36614990234375,25.55177879333496,237140.0,SPG,1d
2001-06-08 00:00:00+00:00,10.107085227966309,25.542497634887695,25.616748809814453,25.20836639404297,25.616748809814453,177020.0,SPG,1d
2001-06-11 00:00:00+00:00,10.224613189697266,25.839502334594727,25.988006591796875,25.570341110229492,25.616748809814453,398861.0,SPG,1d
2001-06-12 00:00:00+00:00,10.49271297454834,26.517047882080078,26.684112548828125,25.895191192626953,25.895191192626953,1421548.0,SPG,1d
2001-06-13 00:00:00+00:00,10.426604270935059,26.3499813079834,26.619142532348633,26.266448974609375,26.517047882080078,680283.0,SPG,1d
2001-06-14 00:00:00+00:00,10.411914825439453,26.312856674194336,26.359262466430664,26.312856674194336,26.3499813079834,279052.0,SPG,1d
2001-06-15 00:00:00+00:00,10.261330604553223,25.93231773376465,26.266448974609375,25.709562301635742,26.080820083618164,403925.0,SPG,1d
2001-06-18 00:00:00+00:00,10.356821060180664,26.173633575439453,26.173633575439453,25.913753509521484,25.988006591796875,752793.0,SPG,1d
2001-06-19 00:00:00+00:00,10.411914825439453,26.312856674194336,26.498483657836914,25.941598892211914,25.941598892211914,642789.0,SPG,1d
2001-06-20 00:00:00+00:00,10.481696128845215,26.48920249938965,26.517047882080078,26.312856674194336,26.312856674194336,564568.0,SPG,1d
2001-06-21 00:00:00+00:00,10.580862045288086,26.73980140686035,26.76764678955078,26.405670166015625,26.591299057006836,392504.0,SPG,1d
2001-06-22 00:00:00+00:00,10.57718563079834,26.730520248413086,26.916149139404297,26.544891357421875,26.916149139404297,209989.0,SPG,1d
2001-06-25 00:00:00+00:00,10.547800064086914,26.656269073486328,26.76764678955078,26.544891357421875,26.591299057006836,289826.0,SPG,1d
2001-06-26 00:00:00+00:00,10.705721855163574,27.055370330810547,27.13890266418457,26.591299057006836,26.637706756591797,492489.0,SPG,1d
2001-06-27 00:00:00+00:00,10.602886199951172,26.795490264892578,26.86046028137207,26.452077865600586,26.452077865600586,568986.0,SPG,1d
2001-06-28 00:00:00+00:00,10.687359809875488,27.008962631225586,27.02752685546875,26.684112548828125,26.776927947998047,430214.0,SPG,1d
2001-06-29 00:00:00+00:00,11.006877899169922,27.816448211669922,27.816448211669922,26.98111915588379,27.008962631225586,818085.0,SPG,1d
2001-07-02 00:00:00+00:00,10.81590461730957,27.333812713623047,27.500879287719727,27.055370330810547,27.491596221923828,476004.0,SPG,1d
2001-07-03 00:00:00+00:00,10.834266662597656,27.380220413208008,27.519441604614258,27.111059188842773,27.194591522216797,323011.0,SPG,1d
2001-07-05 00:00:00+00:00,10.859980583190918,27.4451904296875,27.547285079956055,27.28740692138672,27.47303581237793,113129.0,SPG,1d
2001-07-06 00:00:00+00:00,10.834266662597656,27.380220413208008,27.519441604614258,27.28740692138672,27.47303581237793,294243.0,SPG,1d
2001-07-09 00:00:00+00:00,10.665328025817871,26.95327377319336,27.35237693786621,26.916149139404297,27.101776123046875,588810.0,SPG,1d
2001-07-10 00:00:00+00:00,10.680014610290527,26.990400314331055,27.055370330810547,26.823333740234375,26.823333740234375,303509.0,SPG,1d
2001-07-11 00:00:00+00:00,10.668997764587402,26.962556838989258,27.04608917236328,26.684112548828125,26.804771423339844,278190.0,SPG,1d
2001-07-12 00:00:00+00:00,10.687359809875488,27.008962631225586,27.064651489257812,26.823333740234375,26.851179122924805,389703.0,SPG,1d
2001-07-13 00:00:00+00:00,10.687359809875488,27.008962631225586,27.008962631225586,26.916149139404297,27.008962631225586,308465.0,SPG,1d
2001-07-16 00:00:00+00:00,10.68369197845459,26.99968147277832,27.036806106567383,26.776927947998047,26.823333740234375,112375.0,SPG,1d
2001-07-17 00:00:00+00:00,10.687359809875488,27.008962631225586,27.008962631225586,26.823333740234375,26.962556838989258,290903.0,SPG,1d
2001-07-18 00:00:00+00:00,10.702055931091309,27.04608917236328,27.092496871948242,26.823333740234375,26.916149139404297,262136.0,SPG,1d
2001-07-19 00:00:00+00:00,10.764485359191895,27.203872680664062,27.240999221801758,26.916149139404297,27.04608917236328,251901.0,SPG,1d
2001-07-20 00:00:00+00:00,10.826923370361328,27.361656188964844,27.361656188964844,27.14818572998047,27.240999221801758,183916.0,SPG,1d
2001-07-23 00:00:00+00:00,10.746126174926758,27.157466888427734,27.370939254760742,27.101776123046875,27.370939254760742,259227.0,SPG,1d
2001-07-24 00:00:00+00:00,10.613911628723145,26.823333740234375,27.21315574645996,26.823333740234375,27.055370330810547,523087.0,SPG,1d
2001-07-25 00:00:00+00:00,10.646963119506836,26.9068660736084,26.916149139404297,26.544891357421875,26.591299057006836,617146.0,SPG,1d
2001-07-26 00:00:00+00:00,10.606565475463867,26.804771423339844,26.916149139404297,26.637706756591797,26.916149139404297,424073.0,SPG,1d
2001-07-27 00:00:00+00:00,10.591874122619629,26.76764678955078,27.008962631225586,26.730520248413086,27.008962631225586,340034.0,SPG,1d
2001-07-30 00:00:00+00:00,10.467004776000977,26.452077865600586,26.73980140686035,26.41495132446289,26.591299057006836,223565.0,SPG,1d
2001-07-31 00:00:00+00:00,10.411914825439453,26.312856674194336,26.544891357421875,26.294292449951172,26.405670166015625,591073.0,SPG,1d
2001-08-01 00:00:00+00:00,10.503725051879883,26.544891357421875,26.609861373901367,26.294292449951172,26.3221378326416,205141.0,SPG,1d
2001-08-02 00:00:00+00:00,10.474348068237305,26.470640182495117,26.637706756591797,26.433513641357422,26.637706756591797,508650.0,SPG,1d
2001-08-03 00:00:00+00:00,10.522093772888184,26.591299057006836,26.684112548828125,26.452077865600586,26.470640182495117,364060.0,SPG,1d
2001-08-06 00:00:00+00:00,10.514751434326172,26.572736740112305,26.637706756591797,26.452077865600586,26.452077865600586,267847.0,SPG,1d
2001-08-07 00:00:00+00:00,10.540453910827637,26.637706756591797,26.665550231933594,26.498483657836914,26.58201789855957,357811.0,SPG,1d
2001-08-08 00:00:00+00:00,10.595550537109375,26.776927947998047,26.869741439819336,26.544891357421875,26.684112548828125,635786.0,SPG,1d
2001-08-09 00:00:00+00:00,10.705721855163574,27.055370330810547,27.14818572998047,26.786209106445312,26.851179122924805,620486.0,SPG,1d
2001-08-10 00:00:00+00:00,10.837940216064453,27.389501571655273,27.47303581237793,27.064651489257812,27.14818572998047,501862.0,SPG,1d
2001-08-13 00:00:00+00:00,10.863646507263184,27.454471588134766,27.612255096435547,27.278125762939453,27.56584930419922,366969.0,SPG,1d
2001-08-14 00:00:00+00:00,10.926085472106934,27.612255096435547,27.612255096435547,27.333812713623047,27.333812713623047,345636.0,SPG,1d
2001-08-15 00:00:00+00:00,11.084010124206543,28.0113582611084,28.020639419555664,27.621536254882812,27.79788589477539,782746.0,SPG,1d
2001-08-16 00:00:00+00:00,11.190918922424316,27.75147819519043,27.79788589477539,27.454471588134766,27.56584930419922,259981.0,SPG,1d
2001-08-17 00:00:00+00:00,11.284485816955566,27.98351287841797,27.98351287841797,27.612255096435547,27.825729370117188,379360.0,SPG,1d
2001-08-20 00:00:00+00:00,11.415482521057129,28.30836296081543,28.35477066040039,27.75147819519043,27.84429168701172,411251.0,SPG,1d
2001-08-21 00:00:00+00:00,11.565195083618164,28.67962074279785,28.744590759277344,28.178422927856445,28.21554946899414,439156.0,SPG,1d
2001-08-22 00:00:00+00:00,11.546480178833008,28.63321304321289,28.726028442382812,28.30836296081543,28.70746421813965,384316.0,SPG,1d
2001-08-23 00:00:00+00:00,11.378057479858398,28.21554946899414,28.58680534362793,28.21554946899414,28.49399185180664,465230.0,SPG,1d
2001-08-24 00:00:00+00:00,11.119805335998535,27.575130462646484,28.40117835998535,27.519441604614258,28.26195526123047,821856.0,SPG,1d
2001-08-27 00:00:00+00:00,11.168460845947266,27.695789337158203,27.79788589477539,27.28740692138672,27.56584930419922,511020.0,SPG,1d
2001-08-28 00:00:00+00:00,11.138519287109375,27.621536254882812,27.74219512939453,27.58441162109375,27.658662796020508,295644.0,SPG,1d
2001-08-29 00:00:00+00:00,10.962606430053711,27.18531036376953,27.7329158782959,27.092496871948242,27.612255096435547,386147.0,SPG,1d
2001-08-30 00:00:00+00:00,10.94764232635498,27.14818572998047,27.658662796020508,27.14818572998047,27.18531036376953,362444.0,SPG,1d
2001-08-31 00:00:00+00:00,10.966354370117188,27.194591522216797,27.278125762939453,26.934711456298828,27.157466888427734,347791.0,SPG,1d
2001-09-04 00:00:00+00:00,10.943894386291504,27.13890266418457,27.240999221801758,26.95327377319336,27.194591522216797,375265.0,SPG,1d
2001-09-05 00:00:00+00:00,10.902724266052246,27.036806106567383,27.083215713500977,26.81405258178711,26.916149139404297,426658.0,SPG,1d
2001-09-06 00:00:00+00:00,10.951379776000977,27.157466888427734,27.278125762939453,26.98111915588379,27.055370330810547,696121.0,SPG,1d
2001-09-07 00:00:00+00:00,10.809155464172363,26.804771423339844,27.14818572998047,26.804771423339844,27.101776123046875,473203.0,SPG,1d
2001-09-10 00:00:00+00:00,10.831608772277832,26.86046028137207,26.962556838989258,26.591299057006836,26.869741439819336,498630.0,SPG,1d
2001-09-17 00:00:00+00:00,10.109253883361816,25.069143295288086,25.52393341064453,24.50297737121582,25.291898727416992,1351300.0,SPG,1d
2001-09-18 00:00:00+00:00,10.270195007324219,25.468246459960938,25.579622268676758,24.73501205444336,24.87423324584961,442065.0,SPG,1d
2001-09-19 00:00:00+00:00,10.038139343261719,24.892797470092773,25.755970001220703,24.54938316345215,25.755970001220703,832846.0,SPG,1d
2001-09-20 00:00:00+00:00,9.731236457824707,24.1317195892334,24.59579086303711,23.881120681762695,24.59579086303711,770679.0,SPG,1d
2001-09-21 00:00:00+00:00,9.536604881286621,23.649084091186523,24.1317195892334,23.277828216552734,24.1317195892334,1000923.0,SPG,1d
2001-09-24 00:00:00+00:00,9.723750114440918,24.113157272338867,24.96704864501953,23.99249839782715,24.45656967163086,434524.0,SPG,1d
2001-09-25 00:00:00+00:00,9.83977222442627,24.400880813598633,24.79998207092285,24.001779556274414,24.038904190063477,824550.0,SPG,1d
2001-09-26 00:00:00+00:00,10.011940002441406,24.82782745361328,24.837108612060547,24.24309730529785,24.632917404174805,990688.0,SPG,1d
2001-09-27 00:00:00+00:00,10.079312324523926,24.994892120361328,25.004173278808594,24.59579086303711,24.82782745361328,1455810.0,SPG,1d
2001-09-28 00:00:00+00:00,10.071820259094238,24.976329803466797,25.24549102783203,24.82782745361328,25.050580978393555,1347098.0,SPG,1d
2001-10-01 00:00:00+00:00,10.217795372009277,25.338306427001953,25.52393341064453,25.004173278808594,25.24549102783203,603032.0,SPG,1d
2001-10-02 00:00:00+00:00,10.142937660217285,25.152677536010742,25.709562301635742,25.05986213684082,25.431119918823242,442389.0,SPG,1d
2001-10-03 00:00:00+00:00,10.068083763122559,24.96704864501953,25.004173278808594,24.59579086303711,24.87423324584961,1523903.0,SPG,1d
2001-10-04 00:00:00+00:00,10.217795372009277,25.338306427001953,25.55177879333496,25.24549102783203,25.52393341064453,1099076.0,SPG,1d
2001-10-05 00:00:00+00:00,10.217795372009277,25.338306427001953,25.36614990234375,25.050580978393555,25.24549102783203,1177405.0,SPG,1d
2001-10-08 00:00:00+00:00,10.326334953308105,25.607467651367188,25.700281143188477,25.291898727416992,25.338306427001953,418039.0,SPG,1d
2001-10-09 00:00:00+00:00,10.539673805236816,26.13650894165039,26.201478958129883,25.76525115966797,25.848783493041992,814853.0,SPG,1d
2001-10-10 00:00:00+00:00,10.618268966674805,26.331418991088867,26.359262466430664,25.95088005065918,26.127227783203125,619301.0,SPG,1d
2001-10-11 00:00:00+00:00,10.88027286529541,26.98111915588379,26.98111915588379,26.22932243347168,26.238603591918945,654102.0,SPG,1d
2001-10-12 00:00:00+00:00,10.760497093200684,26.684112548828125,26.925430297851562,26.359262466430664,26.916149139404297,506064.0,SPG,1d
2001-10-15 00:00:00+00:00,10.812894821166992,26.81405258178711,26.9068660736084,26.55417251586914,26.730520248413086,439156.0,SPG,1d
2001-10-16 00:00:00+00:00,10.760497093200684,26.684112548828125,26.823333740234375,26.266448974609375,26.776927947998047,717454.0,SPG,1d
2001-10-17 00:00:00+00:00,10.723068237304688,26.591299057006836,26.832616806030273,26.507766723632812,26.591299057006836,553902.0,SPG,1d
2001-10-18 00:00:00+00:00,10.614526748657227,26.3221378326416,26.665550231933594,26.080820083618164,26.452077865600586,405972.0,SPG,1d
2001-10-19 00:00:00+00:00,10.315108299255371,25.579622268676758,26.303573608398438,25.55177879333496,26.294292449951172,531168.0,SPG,1d
2001-10-22 00:00:00+00:00,10.18410873413086,25.254772186279297,26.0715389251709,24.976329803466797,25.616748809814453,629644.0,SPG,1d
2001-10-23 00:00:00+00:00,10.251481056213379,25.421838760375977,25.885910034179688,25.31974220275879,25.431119918823242,351023.0,SPG,1d
2001-10-24 00:00:00+00:00,10.139193534851074,25.143396377563477,25.709562301635742,25.04129981994629,25.653873443603516,707650.0,SPG,1d
2001-10-25 00:00:00+00:00,10.150424003601074,25.171239852905273,25.254772186279297,25.032018661499023,25.10626983642578,686317.0,SPG,1d
2001-10-26 00:00:00+00:00,10.18410873413086,25.254772186279297,25.38471221923828,24.985610961914062,25.171239852905273,553471.0,SPG,1d
2001-10-29 00:00:00+00:00,10.146681785583496,25.161958694458008,25.421838760375977,24.96704864501953,25.10626983642578,343589.0,SPG,1d
2001-10-30 00:00:00+00:00,10.04562759399414,24.911359786987305,25.38471221923828,24.50297737121582,25.338306427001953,520825.0,SPG,1d
2001-10-31 00:00:00+00:00,10.292648315429688,25.52393341064453,25.52393341064453,24.837108612060547,24.911359786987305,751501.0,SPG,1d
2001-11-01 00:00:00+00:00,10.472304344177246,25.96944236755371,26.173633575439453,25.431119918823242,25.431119918823242,461567.0,SPG,1d
2001-11-02 00:00:00+00:00,10.438617706298828,25.885910034179688,26.080820083618164,25.52393341064453,25.895191192626953,330014.0,SPG,1d
2001-11-05 00:00:00+00:00,10.404932022094727,25.802377700805664,26.220041275024414,25.802377700805664,25.988006591796875,279052.0,SPG,1d
2001-11-06 00:00:00+00:00,10.468559265136719,25.960161209106445,26.099382400512695,25.728126525878906,25.941598892211914,762598.0,SPG,1d
2001-11-07 00:00:00+00:00,10.442359924316406,25.895191192626953,26.220041275024414,25.709562301635742,25.988006591796875,849223.0,SPG,1d
2001-11-08 00:00:00+00:00,10.550899505615234,26.164352416992188,26.220041275024414,25.83022117614746,25.895191192626953,403063.0,SPG,1d
2001-11-09 00:00:00+00:00,10.476043701171875,25.978723526000977,26.498483657836914,25.848783493041992,26.173633575439453,686424.0,SPG,1d
2001-11-12 00:00:00+00:00,10.491018295288086,26.015850067138672,26.201478958129883,25.755970001220703,26.127227783203125,292304.0,SPG,1d
2001-11-13 00:00:00+00:00,10.678154945373535,26.479921340942383,26.656269073486328,26.11794662475586,26.155071258544922,445082.0,SPG,1d
2001-11-14 00:00:00+00:00,10.8428373336792,26.888303756713867,26.97183609008789,26.46135902404785,26.479921340942383,886070.0,SPG,1d
2001-11-15 00:00:00+00:00,10.99386978149414,26.730520248413086,26.776927947998047,26.359262466430664,26.39638900756836,481068.0,SPG,1d
2001-11-16 00:00:00+00:00,10.96332836151123,26.656269073486328,26.97183609008789,26.498483657836914,26.498483657836914,550562.0,SPG,1d
2001-11-19 00:00:00+00:00,10.921340942382812,26.55417251586914,26.786209106445312,26.080820083618164,26.776927947998047,490549.0,SPG,1d
2001-11-20 00:00:00+00:00,10.875530242919922,26.44279670715332,26.637706756591797,26.220041275024414,26.470640182495117,624257.0,SPG,1d
2001-11-21 00:00:00+00:00,10.89843463897705,26.498483657836914,26.53561019897461,26.22932243347168,26.452077865600586,205249.0,SPG,1d
2001-11-23 00:00:00+00:00,10.913703918457031,26.53561019897461,26.67483139038086,26.44279670715332,26.544891357421875,91257.0,SPG,1d
2001-11-26 00:00:00+00:00,10.864083290100098,26.41495132446289,26.69339370727539,25.988006591796875,26.53561019897461,1291180.0,SPG,1d
2001-11-27 00:00:00+00:00,10.913703918457031,26.53561019897461,26.730520248413086,26.452077865600586,26.452077865600586,295105.0,SPG,1d
2001-11-28 00:00:00+00:00,11.024406433105469,26.804771423339844,27.008962631225586,26.591299057006836,26.591299057006836,527397.0,SPG,1d
2001-11-29 00:00:00+00:00,11.05113410949707,26.869741439819336,27.01824378967285,26.340700149536133,26.730520248413086,335509.0,SPG,1d
2001-11-30 00:00:00+00:00,11.028223991394043,26.81405258178711,27.14818572998047,26.776927947998047,26.9068660736084,618331.0,SPG,1d
2001-12-03 00:00:00+00:00,11.116026878356934,27.02752685546875,27.343095779418945,26.776927947998047,26.916149139404297,474388.0,SPG,1d
2001-12-04 00:00:00+00:00,11.24199390411377,27.333812713623047,27.39878273010254,27.101776123046875,27.194591522216797,560582.0,SPG,1d
2001-12-05 00:00:00+00:00,11.322152137756348,27.528722763061523,27.593692779541016,27.380220413208008,27.426626205444336,599477.0,SPG,1d
2001-12-06 00:00:00+00:00,11.31833267211914,27.519441604614258,27.70507049560547,27.519441604614258,27.70507049560547,654317.0,SPG,1d
2001-12-07 00:00:00+00:00,11.425224304199219,27.779321670532227,27.779321670532227,27.47303581237793,27.547285079956055,468247.0,SPG,1d
2001-12-10 00:00:00+00:00,11.33742618560791,27.56584930419922,27.75147819519043,27.278125762939453,27.75147819519043,461028.0,SPG,1d
2001-12-11 00:00:00+00:00,11.39468765258789,27.70507049560547,27.788602828979492,27.47303581237793,27.47303581237793,744282.0,SPG,1d
2001-12-12 00:00:00+00:00,11.40231704711914,27.7236328125,27.816448211669922,27.194591522216797,27.816448211669922,1305941.0,SPG,1d
2001-12-13 00:00:00+00:00,11.276347160339355,27.41734504699707,27.67722511291504,27.278125762939453,27.658662796020508,983038.0,SPG,1d
2001-12-14 00:00:00+00:00,11.238177299499512,27.32453155517578,27.510160446166992,27.240999221801758,27.380220413208008,527505.0,SPG,1d
2001-12-17 00:00:00+00:00,11.33742618560791,27.56584930419922,27.63081932067871,27.111059188842773,27.315250396728516,542697.0,SPG,1d
2001-12-18 00:00:00+00:00,11.325979232788086,27.538005828857422,27.79788589477539,27.47303581237793,27.70507049560547,770679.0,SPG,1d
2001-12-19 00:00:00+00:00,11.283982276916504,27.435909271240234,27.55656623840332,27.240999221801758,27.538005828857422,279052.0,SPG,1d
2001-12-20 00:00:00+00:00,11.070216178894043,26.916149139404297,27.389501571655273,26.916149139404297,27.380220413208008,517054.0,SPG,1d
2001-12-21 00:00:00+00:00,11.127473831176758,27.055370330810547,27.21315574645996,26.869741439819336,26.925430297851562,366646.0,SPG,1d
2001-12-24 00:00:00+00:00,11.17710018157959,27.176029205322266,27.333812713623047,27.008962631225586,27.101776123046875,128859.0,SPG,1d
2001-12-26 00:00:00+00:00,11.203824996948242,27.240999221801758,27.454471588134766,26.916149139404297,27.008962631225586,344882.0,SPG,1d
2001-12-27 00:00:00+00:00,11.188549041748047,27.203872680664062,27.47303581237793,26.934711456298828,27.32453155517578,312991.0,SPG,1d
2001-12-28 00:00:00+00:00,11.154199600219727,27.12034034729004,27.30596923828125,26.897586822509766,27.240999221801758,519963.0,SPG,1d
2001-12-31 00:00:00+00:00,11.196186065673828,27.222436904907227,27.408065795898438,26.795490264892578,26.934711456298828,383023.0,SPG,1d
2002-01-02 00:00:00+00:00,11.215271949768066,27.268842697143555,27.510160446166992,26.730520248413086,27.23171615600586,379360.0,SPG,1d
2002-01-03 00:00:00+00:00,11.383234024047852,27.67722511291504,27.70507049560547,27.333812713623047,27.333812713623047,543127.0,SPG,1d
2002-01-04 00:00:00+00:00,11.314525604248047,27.510160446166992,27.74219512939453,27.380220413208008,27.67722511291504,435278.0,SPG,1d
2002-01-07 00:00:00+00:00,11.22291088104248,27.28740692138672,27.612255096435547,27.28740692138672,27.28740692138672,405541.0,SPG,1d
2002-01-08 00:00:00+00:00,11.264899253845215,27.389501571655273,27.510160446166992,27.157466888427734,27.39878273010254,435816.0,SPG,1d
2002-01-09 00:00:00+00:00,11.188549041748047,27.203872680664062,27.55656623840332,27.203872680664062,27.389501571655273,790180.0,SPG,1d
2002-01-10 00:00:00+00:00,11.234354972839355,27.315250396728516,27.370939254760742,27.194591522216797,27.194591522216797,316007.0,SPG,1d
2002-01-11 00:00:00+00:00,11.200004577636719,27.23171615600586,27.370939254760742,27.23171615600586,27.30596923828125,218285.0,SPG,1d
2002-01-14 00:00:00+00:00,11.367966651916504,27.640100479125977,27.714351654052734,27.333812713623047,27.333812713623047,903309.0,SPG,1d
2002-01-15 00:00:00+00:00,11.33742618560791,27.56584930419922,27.937105178833008,27.56584930419922,27.70507049560547,873249.0,SPG,1d
2002-01-16 00:00:00+00:00,11.291625022888184,27.454471588134766,27.79788589477539,27.333812713623047,27.612255096435547,194259.0,SPG,1d
2002-01-17 00:00:00+00:00,11.383234024047852,27.67722511291504,27.70507049560547,27.39878273010254,27.454471588134766,284331.0,SPG,1d
2002-01-18 00:00:00+00:00,11.264899253845215,27.389501571655273,27.7236328125,27.32453155517578,27.67722511291504,410713.0,SPG,1d
2002-01-22 00:00:00+00:00,11.29925537109375,27.47303581237793,27.612255096435547,27.389501571655273,27.426626205444336,434631.0,SPG,1d
2002-01-23 00:00:00+00:00,11.287809371948242,27.4451904296875,27.602975845336914,27.240999221801758,27.333812713623047,421810.0,SPG,1d
2002-01-24 00:00:00+00:00,11.406140327453613,27.7329158782959,27.84429168701172,27.510160446166992,27.510160446166992,728013.0,SPG,1d
2002-01-25 00:00:00+00:00,11.413775444030762,27.75147819519043,27.964950561523438,27.75147819519043,27.79788589477539,380760.0,SPG,1d
2002-01-28 00:00:00+00:00,11.436677932739258,27.807165145874023,27.84429168701172,27.667945861816406,27.75147819519043,198138.0,SPG,1d
2002-01-29 00:00:00+00:00,11.425224304199219,27.779321670532227,27.927825927734375,27.75147819519043,27.84429168701172,315792.0,SPG,1d
2002-01-30 00:00:00+00:00,11.486303329467773,27.927825927734375,27.937105178833008,27.658662796020508,27.825729370117188,262460.0,SPG,1d
2002-01-31 00:00:00+00:00,11.562650680541992,28.113452911376953,28.16914176940918,27.788602828979492,27.835010528564453,518347.0,SPG,1d
2002-02-01 00:00:00+00:00,11.543559074401855,28.067045211791992,28.113452911376953,27.955669403076172,28.113452911376953,185855.0,SPG,1d
2002-02-04 00:00:00+00:00,11.551199913024902,28.085609436035156,28.12273406982422,27.899980545043945,28.067045211791992,411251.0,SPG,1d
2002-02-05 00:00:00+00:00,11.581735610961914,28.159860610961914,28.373332977294922,28.02992057800293,28.02992057800293,465445.0,SPG,1d
2002-02-06 00:00:00+00:00,11.623726844787598,28.26195526123047,28.30836296081543,28.039201736450195,28.26195526123047,794382.0,SPG,1d
2002-02-07 00:00:00+00:00,11.593192100524902,28.18770408630371,28.670339584350586,28.16914176940918,28.271238327026367,284762.0,SPG,1d
2002-02-08 00:00:00+00:00,11.61990737915039,28.252674102783203,28.531118392944336,28.104171752929688,28.196985244750977,368262.0,SPG,1d
2002-02-11 00:00:00+00:00,11.71534252166748,28.484710693359375,28.67962074279785,28.35477066040039,28.44758415222168,384747.0,SPG,1d
2002-02-12 00:00:00+00:00,11.680984497070312,28.40117835998535,28.605369567871094,28.26195526123047,28.58680534362793,736740.0,SPG,1d
2002-02-13 00:00:00+00:00,11.82319164276123,28.21554946899414,28.35477066040039,27.84429168701172,28.02992057800293,377851.0,SPG,1d
2002-02-14 00:00:00+00:00,11.807636260986328,28.178422927856445,28.21554946899414,28.085609436035156,28.206268310546875,450685.0,SPG,1d
2002-02-15 00:00:00+00:00,11.912641525268555,28.42902183532715,28.42902183532715,28.206268310546875,28.206268310546875,745251.0,SPG,1d
2002-02-19 00:00:00+00:00,11.91653060913086,28.438302993774414,28.503273010253906,28.30836296081543,28.40117835998535,463722.0,SPG,1d
2002-02-20 00:00:00+00:00,11.920425415039062,28.44758415222168,28.49399185180664,28.32692527770996,28.35477066040039,539357.0,SPG,1d
2002-02-21 00:00:00+00:00,11.827081680297852,28.224830627441406,28.531118392944336,28.224830627441406,28.49399185180664,335724.0,SPG,1d
2002-02-22 00:00:00+00:00,11.889307022094727,28.373332977294922,28.373332977294922,28.16914176940918,28.16914176940918,831661.0,SPG,1d
2002-02-25 00:00:00+00:00,11.873758316040039,28.33620834350586,28.49399185180664,28.26195526123047,28.382614135742188,385932.0,SPG,1d
2002-02-26 00:00:00+00:00,11.955425262451172,28.531118392944336,28.67962074279785,28.47542953491211,28.58680534362793,326135.0,SPG,1d
2002-02-27 00:00:00+00:00,11.939867973327637,28.49399185180664,28.77243423461914,28.33620834350586,28.5403995513916,299200.0,SPG,1d
2002-02-28 00:00:00+00:00,11.970979690551758,28.5682430267334,28.726028442382812,28.44758415222168,28.726028442382812,571140.0,SPG,1d
2002-03-01 00:00:00+00:00,12.013764381408691,28.670339584350586,28.75387191772461,28.549680709838867,28.75387191772461,1442235.0,SPG,1d
2002-03-04 00:00:00+00:00,12.110995292663574,28.902374267578125,28.95806312561035,28.63321304321289,28.726028442382812,1215330.0,SPG,1d
2002-03-05 00:00:00+00:00,12.305452346801758,29.366445541381836,29.422134399414062,28.790998458862305,28.790998458862305,488826.0,SPG,1d
2002-03-06 00:00:00+00:00,12.282121658325195,29.310758590698242,29.366445541381836,28.95806312561035,29.366445541381836,667785.0,SPG,1d
2002-03-07 00:00:00+00:00,12.26656436920166,29.273632049560547,29.422134399414062,29.17153549194336,29.375728607177734,327643.0,SPG,1d
2002-03-08 00:00:00+00:00,12.262676239013672,29.26435089111328,29.366445541381836,29.255069732666016,29.329320907592773,862690.0,SPG,1d
2002-03-11 00:00:00+00:00,12.134328842163086,28.95806312561035,29.366445541381836,28.883811950683594,29.03231430053711,359966.0,SPG,1d
2002-03-12 00:00:00+00:00,12.091544151306152,28.855968475341797,28.976625442504883,28.67962074279785,28.93950080871582,763783.0,SPG,1d
2002-03-13 00:00:00+00:00,12.134328842163086,28.95806312561035,29.03231430053711,28.77243423461914,28.91165542602539,1354317.0,SPG,1d
2002-03-14 00:00:00+00:00,12.34434700012207,29.459260940551758,29.47782325744629,28.865249633789062,28.95806312561035,1534569.0,SPG,1d
2002-03-15 00:00:00+00:00,12.43380069732666,29.672733306884766,29.793392181396484,29.329320907592773,29.468542098999023,833492.0,SPG,1d
2002-03-18 00:00:00+00:00,12.632146835327148,30.146087646484375,30.350278854370117,29.468542098999023,29.514949798583984,612298.0,SPG,1d
2002-03-19 00:00:00+00:00,12.562141418457031,29.979021072387695,30.146087646484375,29.821237564086914,30.146087646484375,592473.0,SPG,1d
2002-03-20 00:00:00+00:00,12.503805160522461,29.839799880981445,30.043991088867188,29.839799880981445,29.979021072387695,675004.0,SPG,1d
2002-03-21 00:00:00+00:00,12.717705726623535,30.350278854370117,30.350278854370117,29.746984481811523,29.746984481811523,327428.0,SPG,1d
2002-03-22 00:00:00+00:00,12.713820457458496,30.34099769592285,30.610158920288086,29.979021072387695,29.979021072387695,422349.0,SPG,1d
2002-03-25 00:00:00+00:00,12.480467796325684,29.78411102294922,30.09039878845215,29.61704444885254,29.9511775970459,520825.0,SPG,1d
2002-03-26 00:00:00+00:00,12.612703323364258,30.099679946899414,30.211057662963867,29.607763290405273,29.607763290405273,1004371.0,SPG,1d
2002-03-27 00:00:00+00:00,12.764376640319824,30.461654663085938,30.489500045776367,30.053272247314453,30.071834564208984,882299.0,SPG,1d
2002-03-28 00:00:00+00:00,12.690485000610352,30.285308837890625,30.69369125366211,30.12752342224121,30.69369125366211,491627.0,SPG,1d
2002-04-01 00:00:00+00:00,12.737154006958008,30.396684646606445,30.470937728881836,30.183212280273438,30.257463455200195,314714.0,SPG,1d
2002-04-02 00:00:00+00:00,12.795499801635742,30.535907745361328,30.60087776184082,30.192493438720703,30.396684646606445,613052.0,SPG,1d
2002-04-03 00:00:00+00:00,12.826603889465332,30.610158920288086,30.86075782775879,30.489500045776367,30.767942428588867,663906.0,SPG,1d
2002-04-04 00:00:00+00:00,12.861611366271973,30.69369125366211,30.767942428588867,30.41524887084961,30.628721237182617,708404.0,SPG,1d
2002-04-05 00:00:00+00:00,12.966625213623047,30.944290161132812,31.0371036529541,30.610158920288086,30.628721237182617,518886.0,SPG,1d
2002-04-08 00:00:00+00:00,12.989957809448242,30.999977111816406,31.083511352539062,30.702972412109375,30.767942428588867,373757.0,SPG,1d
2002-04-09 00:00:00+00:00,13.145520210266113,31.371234893798828,31.510456085205078,30.999977111816406,31.092792510986328,483331.0,SPG,1d
2002-04-10 00:00:00+00:00,13.21163558959961,31.529020309448242,31.55686378479004,31.287702560424805,31.324827194213867,588595.0,SPG,1d
2002-04-11 00:00:00+00:00,13.122188568115234,31.315547943115234,31.547582626342773,31.232013702392578,31.547582626342773,630183.0,SPG,1d
2002-04-12 00:00:00+00:00,13.382763862609863,31.937402725219727,32.02093505859375,31.334110260009766,31.371234893798828,647637.0,SPG,1d
2002-04-15 00:00:00+00:00,13.24275016784668,31.603271484375,32.02093505859375,31.15776252746582,31.324827194213867,652593.0,SPG,1d
2002-04-16 00:00:00+00:00,13.14941692352295,31.380516052246094,31.74249267578125,31.055667877197266,31.72393035888672,610682.0,SPG,1d
2002-04-17 00:00:00+00:00,12.997735023498535,31.01854133605957,31.55686378479004,30.675128936767578,31.55686378479004,473095.0,SPG,1d
2002-04-18 00:00:00+00:00,13.028850555419922,31.092792510986328,31.29698371887207,30.86075782775879,31.046384811401367,529337.0,SPG,1d
2002-04-19 00:00:00+00:00,12.884944915771484,30.749380111694336,31.371234893798828,30.535907745361328,31.324827194213867,561551.0,SPG,1d
2002-04-22 00:00:00+00:00,12.853829383850098,30.675128936767578,31.092792510986328,30.628721237182617,30.814350128173828,563598.0,SPG,1d
2002-04-23 00:00:00+00:00,12.756603240966797,30.443092346191406,30.675128936767578,30.350278854370117,30.582313537597656,1087548.0,SPG,1d
2002-04-24 00:00:00+00:00,12.741045951843262,30.405967712402344,30.953571319580078,30.396684646606445,30.443092346191406,379791.0,SPG,1d
2002-04-25 00:00:00+00:00,12.799384117126465,30.545188903808594,30.721534729003906,30.378122329711914,30.41524887084961,207619.0,SPG,1d
2002-04-26 00:00:00+00:00,12.947173118591309,30.89788246154785,31.046384811401367,30.229618072509766,30.721534729003906,441958.0,SPG,1d
2002-04-29 00:00:00+00:00,13.00940227508545,31.046384811401367,31.046384811401367,30.83291244506836,30.89788246154785,304910.0,SPG,1d
2002-04-30 00:00:00+00:00,13.126073837280273,31.324827194213867,31.538301467895508,31.046384811401367,31.046384811401367,457042.0,SPG,1d
2002-05-01 00:00:00+00:00,13.203864097595215,31.510456085205078,31.510456085205078,31.13920021057129,31.27842140197754,687394.0,SPG,1d
2002-05-02 00:00:00+00:00,13.324423789978027,31.798181533813477,31.97452735900879,31.55686378479004,31.677522659301758,554009.0,SPG,1d
2002-05-03 00:00:00+00:00,13.347762107849121,31.853870391845703,31.918840408325195,31.352672576904297,31.78890037536621,527397.0,SPG,1d
2002-05-06 00:00:00+00:00,13.231085777282715,31.57542610168457,32.011653900146484,31.510456085205078,31.90027618408203,322580.0,SPG,1d
2002-05-07 00:00:00+00:00,13.161081314086914,31.408361434936523,31.57542610168457,31.18560791015625,31.57542610168457,536124.0,SPG,1d
2002-05-08 00:00:00+00:00,13.164970397949219,31.41764259338379,31.55686378479004,30.953571319580078,31.510456085205078,346714.0,SPG,1d
2002-05-09 00:00:00+00:00,13.013286590576172,31.055667877197266,31.41764259338379,31.046384811401367,31.18560791015625,312667.0,SPG,1d
2002-05-10 00:00:00+00:00,13.00940227508545,31.046384811401367,31.232013702392578,30.535907745361328,31.232013702392578,521579.0,SPG,1d
2002-05-13 00:00:00+00:00,13.06773853302002,31.18560791015625,31.41764259338379,30.907163619995117,31.046384811401367,330983.0,SPG,1d
2002-05-14 00:00:00+00:00,13.102744102478027,31.269140243530273,31.306264877319336,31.102073669433594,31.232013702392578,862583.0,SPG,1d
2002-05-15 00:00:00+00:00,13.202739715576172,30.953571319580078,30.990697860717773,30.628721237182617,30.85147476196289,727366.0,SPG,1d
2002-05-16 00:00:00+00:00,13.083968162536621,30.675128936767578,30.916444778442383,30.638002395629883,30.907163619995117,461998.0,SPG,1d
2002-05-17 00:00:00+00:00,13.060214042663574,30.61944007873535,30.702972412109375,30.489500045776367,30.638002395629883,475681.0,SPG,1d
2002-05-20 00:00:00+00:00,13.028545379638672,30.545188903808594,30.628721237182617,30.489500045776367,30.61944007873535,942096.0,SPG,1d
2002-05-21 00:00:00+00:00,12.969165802001953,30.405967712402344,30.61944007873535,30.36884117126465,30.545188903808594,443897.0,SPG,1d
2002-05-22 00:00:00+00:00,13.012710571289062,30.5080623626709,30.610158920288086,30.211057662963867,30.303871154785156,931537.0,SPG,1d
2002-05-23 00:00:00+00:00,13.297748565673828,31.17632484436035,31.445486068725586,30.396684646606445,30.5080623626709,467169.0,SPG,1d
2002-05-24 00:00:00+00:00,13.317541122436523,31.222732543945312,31.399080276489258,30.907163619995117,31.167043685913086,371818.0,SPG,1d
2002-05-28 00:00:00+00:00,13.384848594665527,31.380516052246094,31.473331451416016,31.306264877319336,31.324827194213867,607449.0,SPG,1d
2002-05-29 00:00:00+00:00,13.491728782653809,31.63111686706543,31.74249267578125,31.426923751831055,31.46405029296875,1463460.0,SPG,1d
2002-05-30 00:00:00+00:00,13.551114082336426,31.770336151123047,31.86315155029297,31.593990325927734,31.74249267578125,549592.0,SPG,1d
2002-05-31 00:00:00+00:00,13.487767219543457,31.62183380126953,32.104469299316406,31.45476722717285,31.92812156677246,881437.0,SPG,1d
2002-06-03 00:00:00+00:00,13.479849815368652,31.603271484375,31.97452735900879,31.57542610168457,31.83530616760254,562952.0,SPG,1d
2002-06-04 00:00:00+00:00,13.487767219543457,31.62183380126953,31.686803817749023,31.529020309448242,31.649677276611328,698384.0,SPG,1d
2002-06-05 00:00:00+00:00,13.539236068725586,31.74249267578125,31.74249267578125,31.55686378479004,31.640396118164062,598615.0,SPG,1d
2002-06-06 00:00:00+00:00,13.535277366638184,31.733211517333984,31.92812156677246,31.55686378479004,31.78890037536621,560151.0,SPG,1d
2002-06-07 00:00:00+00:00,13.471939086914062,31.584707260131836,31.733211517333984,31.194887161254883,31.733211517333984,405649.0,SPG,1d
2002-06-10 00:00:00+00:00,13.539236068725586,31.74249267578125,31.78890037536621,31.566144943237305,31.696086883544922,189087.0,SPG,1d
2002-06-11 00:00:00+00:00,13.638206481933594,31.97452735900879,32.206565856933594,31.649677276611328,31.649677276611328,1949376.0,SPG,1d
2002-06-12 00:00:00+00:00,13.64612102508545,31.993091583251953,32.429317474365234,31.937402725219727,32.16015625,2023826.0,SPG,1d
2002-06-13 00:00:00+00:00,13.749053001403809,32.23440933227539,32.308658599853516,31.92812156677246,32.00237274169922,447884.0,SPG,1d
2002-06-14 00:00:00+00:00,13.721341133117676,32.169437408447266,32.25297164916992,32.02093505859375,32.23440933227539,516407.0,SPG,1d
2002-06-17 00:00:00+00:00,13.899496078491211,32.58710479736328,32.624229431152344,32.14159393310547,32.206565856933594,706680.0,SPG,1d
2002-06-18 00:00:00+00:00,13.89553451538086,32.57781982421875,32.642791748046875,32.39219284057617,32.57781982421875,431076.0,SPG,1d
2002-06-19 00:00:00+00:00,13.891575813293457,32.568538665771484,32.84698486328125,32.47572708129883,32.58710479736328,429029.0,SPG,1d
2002-06-20 00:00:00+00:00,13.95492172241211,32.717044830322266,32.75416946411133,32.25297164916992,32.382911682128906,241127.0,SPG,1d
2002-06-21 00:00:00+00:00,14.172653198242188,33.22752380371094,33.413150787353516,32.986202239990234,33.22752380371094,2165291.0,SPG,1d
2002-06-24 00:00:00+00:00,14.204322814941406,33.30177307128906,33.40386962890625,33.181114196777344,33.36674118041992,773049.0,SPG,1d
2002-06-25 00:00:00+00:00,14.251832008361816,33.413150787353516,33.78440856933594,32.030216217041016,33.78440856933594,12824855.0,SPG,1d
2002-06-26 00:00:00+00:00,14.311212539672852,33.552371978759766,33.737998962402344,33.06973648071289,33.08829879760742,2661874.0,SPG,1d
2002-06-27 00:00:00+00:00,14.370589256286621,33.691593170166016,33.85865783691406,33.413150787353516,33.78440856933594,1396660.0,SPG,1d
2002-06-28 00:00:00+00:00,14.584366798400879,34.19279098510742,34.29488754272461,33.478118896484375,33.951473236083984,2106033.0,SPG,1d
2002-07-01 00:00:00+00:00,14.39038372039795,33.737998962402344,34.19279098510742,33.56165313720703,34.19279098510742,1736586.0,SPG,1d
2002-07-02 00:00:00+00:00,14.331001281738281,33.598777770996094,33.78440856933594,33.199676513671875,33.737998962402344,2895136.0,SPG,1d
2002-07-03 00:00:00+00:00,14.271620750427246,33.459556579589844,33.68231201171875,32.995487213134766,33.50596237182617,1141419.0,SPG,1d
2002-07-05 00:00:00+00:00,14.331001281738281,33.598777770996094,33.598777770996094,33.22752380371094,33.459556579589844,723595.0,SPG,1d
2002-07-08 00:00:00+00:00,14.311212539672852,33.552371978759766,33.737998962402344,33.36674118041992,33.64518737792969,1247329.0,SPG,1d
2002-07-09 00:00:00+00:00,14.204322814941406,33.30177307128906,33.58949661254883,33.30177307128906,33.5709342956543,702909.0,SPG,1d
2002-07-10 00:00:00+00:00,14.09347915649414,33.041893005371094,33.63590621948242,32.83769989013672,33.30177307128906,1526273.0,SPG,1d
2002-07-11 00:00:00+00:00,13.574868202209473,31.826026916503906,32.91195297241211,30.628721237182617,32.902671813964844,3246590.0,SPG,1d
2002-07-12 00:00:00+00:00,13.582786560058594,31.844587326049805,32.382911682128906,31.779617309570312,32.011653900146484,914514.0,SPG,1d
2002-07-15 00:00:00+00:00,13.495686531066895,31.640396118164062,31.8817138671875,30.944290161132812,31.8817138671875,1306049.0,SPG,1d
2002-07-16 00:00:00+00:00,13.638206481933594,31.97452735900879,32.661354064941406,31.408361434936523,31.408361434936523,1460874.0,SPG,1d
2002-07-17 00:00:00+00:00,13.519439697265625,31.696086883544922,32.707759857177734,31.658960342407227,32.206565856933594,1261982.0,SPG,1d
2002-07-18 00:00:00+00:00,13.182936668395996,30.907163619995117,31.92812156677246,30.675128936767578,31.74249267578125,866354.0,SPG,1d
2002-07-19 00:00:00+00:00,12.874152183532715,30.183212280273438,30.953571319580078,29.979021072387695,30.935007095336914,1172987.0,SPG,1d
2002-07-22 00:00:00+00:00,12.537649154663086,29.394290924072266,31.13920021057129,28.410459518432617,30.303871154785156,1234723.0,SPG,1d
2002-07-23 00:00:00+00:00,12.205113410949707,28.61465072631836,29.793392181396484,28.49399185180664,29.0972843170166,1152840.0,SPG,1d
2002-07-24 00:00:00+00:00,12.331789016723633,28.91165542602539,29.607763290405273,27.28740692138672,28.40117835998535,2718870.0,SPG,1d
2002-07-25 00:00:00+00:00,12.608911514282227,29.561355590820312,29.886207580566406,28.21554946899414,28.77243423461914,1794120.0,SPG,1d
2002-07-26 00:00:00+00:00,13.143348693847656,30.814350128173828,30.842193603515625,29.561355590820312,29.561355590820312,975927.0,SPG,1d
2002-07-29 00:00:00+00:00,13.855938911437988,32.485008239746094,32.53141403198242,30.638002395629883,30.999977111816406,876589.0,SPG,1d
2002-07-30 00:00:00+00:00,14.065755844116211,32.976924896240234,33.22752380371094,31.668241500854492,32.57781982421875,1017192.0,SPG,1d
2002-07-31 00:00:00+00:00,14.247869491577148,33.40386962890625,33.40386962890625,32.345787048339844,33.30177307128906,2022964.0,SPG,1d
2002-08-01 00:00:00+00:00,14.014296531677246,32.85626220703125,33.40386962890625,32.4385986328125,33.40386962890625,1228043.0,SPG,1d
2002-08-02 00:00:00+00:00,14.02617073059082,32.88410949707031,33.134708404541016,32.33650588989258,32.86554718017578,1109850.0,SPG,1d
2002-08-05 00:00:00+00:00,13.966793060302734,32.74488830566406,33.181114196777344,32.522132873535156,32.88410949707031,1023441.0,SPG,1d
2002-08-06 00:00:00+00:00,13.883649826049805,32.54997634887695,33.11614227294922,32.54069519042969,32.94907760620117,1440618.0,SPG,1d
2002-08-07 00:00:00+00:00,13.970752716064453,32.75416946411133,33.12542724609375,32.57781982421875,32.67063522338867,1365199.0,SPG,1d
2002-08-08 00:00:00+00:00,13.966793060302734,32.74488830566406,32.93051528930664,32.40147399902344,32.902671813964844,1152193.0,SPG,1d
2002-08-09 00:00:00+00:00,13.970752716064453,32.75416946411133,32.75416946411133,32.206565856933594,32.74488830566406,545821.0,SPG,1d
2002-08-12 00:00:00+00:00,14.144938468933105,33.16255187988281,33.17183303833008,32.345787048339844,32.75416946411133,954594.0,SPG,1d
2002-08-13 00:00:00+00:00,14.014296531677246,32.85626220703125,33.35746383666992,32.82841873168945,33.22752380371094,1119332.0,SPG,1d
2002-08-14 00:00:00+00:00,14.09183120727539,32.485008239746094,32.6891975402832,32.169437408447266,32.39219284057617,1002755.0,SPG,1d
2002-08-15 00:00:00+00:00,14.152227401733398,32.624229431152344,32.80985641479492,32.31793975830078,32.485008239746094,863014.0,SPG,1d
2002-08-16 00:00:00+00:00,14.212627410888672,32.763450622558594,33.22752380371094,32.345787048339844,32.485008239746094,749022.0,SPG,1d
2002-08-19 00:00:00+00:00,14.168335914611816,32.661354064941406,32.81913757324219,32.37363052368164,32.763450622558594,709266.0,SPG,1d
2002-08-20 00:00:00+00:00,14.14014720916748,32.59638214111328,32.79129409790039,32.33650588989258,32.65207290649414,609820.0,SPG,1d
2002-08-21 00:00:00+00:00,14.156254768371582,32.63351058959961,32.902671813964844,32.447879791259766,32.67063522338867,686424.0,SPG,1d
2002-08-22 00:00:00+00:00,14.09183120727539,32.485008239746094,32.717044830322266,32.35506820678711,32.67063522338867,1111467.0,SPG,1d
2002-08-23 00:00:00+00:00,14.06767749786377,32.429317474365234,32.522132873535156,32.37363052368164,32.485008239746094,435385.0,SPG,1d
2002-08-26 00:00:00+00:00,14.132102012634277,32.57781982421875,32.624229431152344,32.40147399902344,32.4664421081543,748915.0,SPG,1d
2002-08-27 00:00:00+00:00,14.17236042022705,32.67063522338867,32.763450622558594,32.39219284057617,32.60566711425781,977436.0,SPG,1d
2002-08-28 00:00:00+00:00,14.397829055786133,33.19039535522461,33.45027542114258,32.53141403198242,32.57781982421875,824981.0,SPG,1d
2002-08-29 00:00:00+00:00,14.216646194458008,32.77273178100586,33.19039535522461,32.57781982421875,33.19039535522461,796106.0,SPG,1d
2002-08-30 00:00:00+00:00,14.329384803771973,33.03261184692383,33.31105422973633,32.800575256347656,32.85626220703125,558966.0,SPG,1d
2002-09-03 00:00:00+00:00,14.132102012634277,32.57781982421875,33.16255187988281,32.53141403198242,33.16255187988281,896306.0,SPG,1d
2002-09-04 00:00:00+00:00,14.071703910827637,32.4385986328125,32.89339065551758,32.37363052368164,32.58710479736328,608958.0,SPG,1d
2002-09-05 00:00:00+00:00,14.039496421813965,32.364349365234375,32.522132873535156,32.364349365234375,32.4385986328125,694182.0,SPG,1d
2002-09-06 00:00:00+00:00,14.051573753356934,32.39219284057617,32.57781982421875,32.29937744140625,32.364349365234375,866030.0,SPG,1d
2002-09-09 00:00:00+00:00,14.059624671936035,32.4107551574707,32.485008239746094,32.150875091552734,32.308658599853516,398753.0,SPG,1d
2002-09-10 00:00:00+00:00,14.079760551452637,32.4571647644043,32.568538665771484,32.29937744140625,32.429317474365234,611759.0,SPG,1d
2002-09-11 00:00:00+00:00,14.047545433044434,32.382911682128906,32.624229431152344,32.32722473144531,32.485008239746094,2791380.0,SPG,1d
2002-09-12 00:00:00+00:00,13.999228477478027,32.27153396606445,32.47572708129883,31.92812156677246,32.364349365234375,2934785.0,SPG,1d
2002-09-13 00:00:00+00:00,14.204572677612305,32.74488830566406,33.06973648071289,32.27153396606445,32.27153396606445,860751.0,SPG,1d
2002-09-16 00:00:00+00:00,14.281068801879883,32.921234130859375,33.02333068847656,32.67063522338867,32.67063522338867,392396.0,SPG,1d
2002-09-17 00:00:00+00:00,14.264962196350098,32.88410949707031,33.31105422973633,32.6891975402832,33.041893005371094,699246.0,SPG,1d
2002-09-18 00:00:00+00:00,14.23677921295166,32.81913757324219,33.03261184692383,32.67063522338867,32.88410949707031,677051.0,SPG,1d
2002-09-19 00:00:00+00:00,14.268986701965332,32.89339065551758,33.2460823059082,32.79129409790039,32.82841873168945,765722.0,SPG,1d
2002-09-20 00:00:00+00:00,14.486404418945312,33.394588470458984,33.5430908203125,33.02333068847656,33.08829879760742,1205741.0,SPG,1d
2002-09-23 00:00:00+00:00,14.446144104003906,33.30177307128906,33.413150787353516,33.09758377075195,33.31105422973633,618978.0,SPG,1d
2002-09-24 00:00:00+00:00,14.365619659423828,33.11614227294922,33.2924919128418,32.726322174072266,33.22752380371094,1497614.0,SPG,1d
2002-09-25 00:00:00+00:00,14.426016807556152,33.255367279052734,33.35746383666992,32.85626220703125,33.134708404541016,997476.0,SPG,1d
2002-09-26 00:00:00+00:00,14.667590141296387,33.812252044677734,33.85865783691406,33.08829879760742,33.320335388183594,735878.0,SPG,1d
2002-09-27 00:00:00+00:00,14.54277229309082,33.52452850341797,33.7936897277832,33.5152473449707,33.7936897277832,483977.0,SPG,1d
2002-09-30 00:00:00+00:00,14.385750770568848,33.16255187988281,33.691593170166016,33.10686111450195,33.691593170166016,1471648.0,SPG,1d
2002-10-01 00:00:00+00:00,14.212627410888672,32.763450622558594,33.23680114746094,32.31793975830078,33.17183303833008,1470463.0,SPG,1d
2002-10-02 00:00:00+00:00,14.011306762695312,32.29937744140625,32.726322174072266,32.150875091552734,32.57781982421875,800523.0,SPG,1d
2002-10-03 00:00:00+00:00,14.095858573913574,32.49428939819336,32.642791748046875,32.00237274169922,32.25297164916992,1324904.0,SPG,1d
2002-10-04 00:00:00+00:00,13.568421363830566,31.27842140197754,32.782012939453125,31.213451385498047,32.49428939819336,1357118.0,SPG,1d
2002-10-07 00:00:00+00:00,13.016830444335938,30.006864547729492,31.361953735351562,29.80267333984375,31.259857177734375,1670971.0,SPG,1d
2002-10-08 00:00:00+00:00,13.065143585205078,30.118242263793945,30.192493438720703,29.24578857421875,29.979021072387695,1560212.0,SPG,1d
2002-10-09 00:00:00+00:00,12.638362884521484,29.134410858154297,29.886207580566406,28.995189666748047,29.886207580566406,1567969.0,SPG,1d
2002-10-10 00:00:00+00:00,13.04500961303711,30.071834564208984,30.20177459716797,28.77243423461914,28.95806312561035,1557519.0,SPG,1d
2002-10-11 00:00:00+00:00,13.423481941223145,30.944290161132812,31.0649471282959,29.700578689575195,30.071834564208984,1267369.0,SPG,1d
2002-10-14 00:00:00+00:00,13.125535011291504,30.257463455200195,31.148481369018555,30.257463455200195,30.86075782775879,570386.0,SPG,1d
2002-10-15 00:00:00+00:00,13.568421363830566,31.27842140197754,31.74249267578125,30.489500045776367,30.814350128173828,1201431.0,SPG,1d
2002-10-16 00:00:00+00:00,13.516082763671875,31.15776252746582,31.55686378479004,30.675128936767578,31.27842140197754,592366.0,SPG,1d
2002-10-17 00:00:00+00:00,13.721421241760254,31.63111686706543,31.918840408325195,31.27842140197754,31.38979721069336,760443.0,SPG,1d
2002-10-18 00:00:00+00:00,13.677128791809082,31.529020309448242,32.067344665527344,31.222732543945312,31.63111686706543,703771.0,SPG,1d
2002-10-21 00:00:00+00:00,13.661030769348145,31.491893768310547,31.658960342407227,31.213451385498047,31.501174926757812,325273.0,SPG,1d
2002-10-22 00:00:00+00:00,13.359066009521484,30.795787811279297,31.426923751831055,30.665847778320312,31.352672576904297,543343.0,SPG,1d
2002-10-23 00:00:00+00:00,13.302694320678711,30.665847778320312,31.092792510986328,30.303871154785156,30.814350128173828,458981.0,SPG,1d
2002-10-24 00:00:00+00:00,13.564399719238281,31.269140243530273,31.334110260009766,30.69369125366211,30.69369125366211,869909.0,SPG,1d
2002-10-25 00:00:00+00:00,13.657001495361328,31.48261260986328,31.519737243652344,31.194887161254883,31.29698371887207,600446.0,SPG,1d
2002-10-28 00:00:00+00:00,13.516082763671875,31.15776252746582,31.677522659301758,31.11135482788086,31.55686378479004,595598.0,SPG,1d
2002-10-29 00:00:00+00:00,13.4556884765625,31.01854133605957,31.18560791015625,30.638002395629883,31.01854133605957,582022.0,SPG,1d
2002-10-30 00:00:00+00:00,13.652975082397461,31.473331451416016,31.473331451416016,30.953571319580078,30.953571319580078,581268.0,SPG,1d
2002-10-31 00:00:00+00:00,13.749603271484375,31.696086883544922,32.085906982421875,31.29698371887207,31.97452735900879,845667.0,SPG,1d
2002-11-01 00:00:00+00:00,13.8180513381958,31.853870391845703,32.02093505859375,31.62183380126953,31.696086883544922,587086.0,SPG,1d
2002-11-04 00:00:00+00:00,13.971051216125488,32.206565856933594,32.4571647644043,31.696086883544922,31.74249267578125,934877.0,SPG,1d
2002-11-05 00:00:00+00:00,13.890521049499512,32.02093505859375,32.33650588989258,32.02093505859375,32.206565856933594,567477.0,SPG,1d
2002-11-06 00:00:00+00:00,13.962996482849121,32.1879997253418,32.33650588989258,31.97452735900879,32.03949737548828,625766.0,SPG,1d
2002-11-07 00:00:00+00:00,13.838184356689453,31.90027618408203,32.16015625,31.83530616760254,32.09518814086914,586763.0,SPG,1d
2002-11-08 00:00:00+00:00,13.8180513381958,31.853870391845703,32.02093505859375,31.63111686706543,31.90027618408203,360289.0,SPG,1d
2002-11-11 00:00:00+00:00,13.769735336303711,31.74249267578125,32.09518814086914,31.529020309448242,31.83530616760254,519209.0,SPG,1d
2002-11-12 00:00:00+00:00,13.890521049499512,32.02093505859375,32.29937744140625,31.74249267578125,31.74249267578125,1005448.0,SPG,1d
2002-11-13 00:00:00+00:00,13.559751510620117,30.721534729003906,31.74249267578125,30.628721237182617,31.510456085205078,1724303.0,SPG,1d
2002-11-14 00:00:00+00:00,13.834227561950684,31.34339141845703,31.41764259338379,30.628721237182617,30.721534729003906,1663106.0,SPG,1d
2002-11-15 00:00:00+00:00,13.78097152709961,31.222732543945312,31.43620491027832,31.148481369018555,31.18560791015625,970432.0,SPG,1d
2002-11-18 00:00:00+00:00,13.776869773864746,31.213451385498047,31.43620491027832,31.092792510986328,31.371234893798828,716484.0,SPG,1d
2002-11-19 00:00:00+00:00,13.789170265197754,31.241294860839844,31.315547943115234,30.999977111816406,30.999977111816406,892750.0,SPG,1d
2002-11-20 00:00:00+00:00,13.813746452331543,31.29698371887207,31.46405029296875,31.102073669433594,31.41764259338379,1141311.0,SPG,1d
2002-11-21 00:00:00+00:00,13.785070419311523,31.232013702392578,31.324827194213867,31.009260177612305,31.324827194213867,1078605.0,SPG,1d
2002-11-22 00:00:00+00:00,13.948929786682129,31.603271484375,31.603271484375,31.01854133605957,31.120637893676758,1429521.0,SPG,1d
2002-11-25 00:00:00+00:00,13.948929786682129,31.603271484375,31.78890037536621,31.055667877197266,31.696086883544922,971617.0,SPG,1d
2002-11-26 00:00:00+00:00,13.846515655517578,31.371234893798828,31.844587326049805,31.324827194213867,31.55686378479004,875188.0,SPG,1d
2002-11-27 00:00:00+00:00,13.805547714233398,31.27842140197754,31.640396118164062,31.15776252746582,31.603271484375,674680.0,SPG,1d
2002-11-29 00:00:00+00:00,13.813746452331543,31.29698371887207,31.38979721069336,31.194887161254883,31.27842140197754,299523.0,SPG,1d
2002-12-02 00:00:00+00:00,13.920258522033691,31.538301467895508,31.55686378479004,31.11135482788086,31.529020309448242,923349.0,SPG,1d
2002-12-03 00:00:00+00:00,13.805547714233398,31.27842140197754,31.46405029296875,31.13920021057129,31.306264877319336,866246.0,SPG,1d
2002-12-04 00:00:00+00:00,13.744098663330078,31.13920021057129,31.27842140197754,30.97213363647461,31.20417022705078,961813.0,SPG,1d
2002-12-05 00:00:00+00:00,13.858805656433105,31.399080276489258,31.491893768310547,30.999977111816406,31.046384811401367,934770.0,SPG,1d
2002-12-06 00:00:00+00:00,13.74819564819336,31.148481369018555,31.510456085205078,31.055667877197266,31.27842140197754,600446.0,SPG,1d
2002-12-09 00:00:00+00:00,13.846515655517578,31.371234893798828,31.48261260986328,30.907163619995117,30.953571319580078,644836.0,SPG,1d
2002-12-10 00:00:00+00:00,13.920258522033691,31.538301467895508,31.55686378479004,31.259857177734375,31.41764259338379,867108.0,SPG,1d
2002-12-11 00:00:00+00:00,13.674459457397461,30.981414794921875,31.491893768310547,30.97213363647461,31.38979721069336,646775.0,SPG,1d
2002-12-12 00:00:00+00:00,13.69494342803955,31.027822494506836,31.13920021057129,30.721534729003906,30.86075782775879,2590010.0,SPG,1d
2002-12-13 00:00:00+00:00,13.744098663330078,31.13920021057129,31.34339141845703,30.87932014465332,30.953571319580078,2830598.0,SPG,1d
2002-12-16 00:00:00+00:00,13.830131530761719,31.334110260009766,31.408361434936523,30.953571319580078,31.18560791015625,895659.0,SPG,1d
2002-12-17 00:00:00+00:00,13.756396293640137,31.167043685913086,31.45476722717285,31.027822494506836,31.213451385498047,652378.0,SPG,1d
2002-12-18 00:00:00+00:00,13.686753273010254,31.009260177612305,31.232013702392578,30.907163619995117,31.18560791015625,673926.0,SPG,1d
2002-12-19 00:00:00+00:00,13.70313835144043,31.046384811401367,31.287702560424805,30.916444778442383,31.009260177612305,518562.0,SPG,1d
2002-12-20 00:00:00+00:00,13.719521522521973,31.083511352539062,31.27842140197754,31.083511352539062,31.27842140197754,804186.0,SPG,1d
2002-12-23 00:00:00+00:00,13.821939468383789,31.315547943115234,31.315547943115234,30.990697860717773,31.13920021057129,516731.0,SPG,1d
2002-12-24 00:00:00+00:00,13.867003440856934,31.41764259338379,31.510456085205078,31.27842140197754,31.27842140197754,138448.0,SPG,1d
2002-12-26 00:00:00+00:00,13.817842483520508,31.306264877319336,31.686803817749023,31.222732543945312,31.41764259338379,714653.0,SPG,1d
2002-12-27 00:00:00+00:00,13.805547714233398,31.27842140197754,31.43620491027832,31.11135482788086,31.20417022705078,265153.0,SPG,1d
2002-12-30 00:00:00+00:00,13.985798835754395,31.686803817749023,31.686803817749023,31.148481369018555,31.34339141845703,559073.0,SPG,1d
2002-12-31 00:00:00+00:00,13.957121849060059,31.62183380126953,32.04877853393555,31.426923751831055,31.62183380126953,645482.0,SPG,1d
2003-01-02 00:00:00+00:00,14.182441711425781,32.1323127746582,32.1323127746582,31.72393035888672,31.770336151123047,508542.0,SPG,1d
2003-01-03 00:00:00+00:00,14.231602668762207,32.243690490722656,32.382911682128906,31.965246200561523,32.25297164916992,812159.0,SPG,1d
2003-01-06 00:00:00+00:00,14.399558067321777,32.624229431152344,32.65207290649414,32.150875091552734,32.243690490722656,722302.0,SPG,1d
2003-01-07 00:00:00+00:00,14.17424488067627,32.11375045776367,32.37363052368164,31.8909969329834,32.29937744140625,838233.0,SPG,1d
2003-01-08 00:00:00+00:00,13.916156768798828,31.529020309448242,32.11375045776367,31.445486068725586,32.11375045776367,651947.0,SPG,1d
2003-01-09 00:00:00+00:00,14.01447868347168,31.751773834228516,31.779617309570312,31.352672576904297,31.538301467895508,556380.0,SPG,1d
2003-01-10 00:00:00+00:00,13.809652328491211,31.287702560424805,31.696086883544922,31.232013702392578,31.696086883544922,520609.0,SPG,1d
2003-01-13 00:00:00+00:00,13.649883270263672,30.92572784423828,31.501174926757812,30.795787811279297,31.371234893798828,722410.0,SPG,1d
2003-01-14 00:00:00+00:00,13.617109298706055,30.85147476196289,30.944290161132812,30.777223587036133,30.907163619995117,432584.0,SPG,1d
2003-01-15 00:00:00+00:00,13.563851356506348,30.730817794799805,30.990697860717773,30.470937728881836,30.814350128173828,698060.0,SPG,1d
2003-01-16 00:00:00+00:00,13.383601188659668,30.322433471679688,30.935007095336914,30.322433471679688,30.749380111694336,554871.0,SPG,1d
2003-01-17 00:00:00+00:00,13.232025146484375,29.979021072387695,30.303871154785156,29.886207580566406,30.257463455200195,613914.0,SPG,1d
2003-01-21 00:00:00+00:00,13.182867050170898,29.867643356323242,30.081117630004883,29.811954498291016,29.979021072387695,737817.0,SPG,1d
2003-01-22 00:00:00+00:00,13.375407218933105,30.303871154785156,30.452373504638672,29.746984481811523,29.839799880981445,867970.0,SPG,1d
2003-01-23 00:00:00+00:00,13.428661346435547,30.424530029296875,30.4802188873291,30.257463455200195,30.303871154785156,657442.0,SPG,1d
2003-01-24 00:00:00+00:00,13.199259757995605,29.904769897460938,30.489500045776367,29.904769897460938,30.350278854370117,564245.0,SPG,1d
2003-01-27 00:00:00+00:00,13.023096084594727,29.50566864013672,29.756267547607422,29.422134399414062,29.422134399414062,773911.0,SPG,1d
2003-01-28 00:00:00+00:00,13.166486740112305,29.83051872253418,29.83051872253418,29.52423095703125,29.552074432373047,571140.0,SPG,1d
2003-01-29 00:00:00+00:00,13.27708911895752,30.081117630004883,30.211057662963867,29.57063865661621,29.69129753112793,398430.0,SPG,1d
2003-01-30 00:00:00+00:00,13.113225936889648,29.70985984802246,30.238901138305664,29.70985984802246,30.164648056030273,361043.0,SPG,1d
2003-01-31 00:00:00+00:00,13.395888328552246,30.350278854370117,30.405967712402344,29.607763290405273,29.607763290405273,582346.0,SPG,1d
2003-02-03 00:00:00+00:00,13.412284851074219,30.38740348815918,30.489500045776367,30.20177459716797,30.350278854370117,985516.0,SPG,1d
2003-02-04 00:00:00+00:00,13.600719451904297,30.814350128173828,30.842193603515625,30.359560012817383,30.443092346191406,972372.0,SPG,1d
2003-02-05 00:00:00+00:00,13.690848350524902,31.01854133605957,31.287702560424805,30.842193603515625,30.907163619995117,608527.0,SPG,1d
2003-02-06 00:00:00+00:00,13.809652328491211,31.287702560424805,31.48261260986328,31.074230194091797,31.287702560424805,708619.0,SPG,1d
2003-02-07 00:00:00+00:00,14.006285667419434,31.733211517333984,32.067344665527344,31.46405029296875,31.510456085205078,1344297.0,SPG,1d
2003-02-10 00:00:00+00:00,14.01447868347168,31.751773834228516,31.90027618408203,31.603271484375,31.78890037536621,1130429.0,SPG,1d
2003-02-11 00:00:00+00:00,13.969411849975586,31.649677276611328,31.965246200561523,31.603271484375,31.83530616760254,675219.0,SPG,1d
2003-02-12 00:00:00+00:00,13.994002342224121,31.705366134643555,31.8817138671875,31.519737243652344,31.696086883544922,896521.0,SPG,1d
2003-02-13 00:00:00+00:00,13.938230514526367,30.981414794921875,31.315547943115234,30.85147476196289,31.306264877319336,1144005.0,SPG,1d
2003-02-14 00:00:00+00:00,13.988338470458984,31.092792510986328,31.269140243530273,30.888601303100586,31.074230194091797,974742.0,SPG,1d
2003-02-18 00:00:00+00:00,14.272281646728516,31.72393035888672,31.779617309570312,31.250577926635742,31.27842140197754,720148.0,SPG,1d
2003-02-19 00:00:00+00:00,14.405898094177246,32.02093505859375,32.067344665527344,31.72393035888672,31.72393035888672,584931.0,SPG,1d
2003-02-20 00:00:00+00:00,14.401721954345703,32.011653900146484,32.067344665527344,31.761056900024414,32.02093505859375,523411.0,SPG,1d
2003-02-21 00:00:00+00:00,14.506119728088379,32.243690490722656,32.447879791259766,31.86315155029297,32.23440933227539,670910.0,SPG,1d
2003-02-24 00:00:00+00:00,14.472709655761719,32.169437408447266,32.31793975830078,31.965246200561523,32.11375045776367,673280.0,SPG,1d
2003-02-25 00:00:00+00:00,14.526995658874512,32.290096282958984,32.39219284057617,32.030216217041016,32.1323127746582,726181.0,SPG,1d
2003-02-26 00:00:00+00:00,14.397547721862793,32.00237274169922,32.28081512451172,32.00237274169922,32.27153396606445,735124.0,SPG,1d
2003-02-27 00:00:00+00:00,14.531166076660156,32.29937744140625,32.345787048339844,32.085906982421875,32.14159393310547,628675.0,SPG,1d
2003-02-28 00:00:00+00:00,14.464360237121582,32.150875091552734,32.568538665771484,32.11375045776367,32.37363052368164,784254.0,SPG,1d
2003-03-03 00:00:00+00:00,14.531166076660156,32.29937744140625,32.58710479736328,32.206565856933594,32.345787048339844,934123.0,SPG,1d
2003-03-04 00:00:00+00:00,14.405898094177246,32.02093505859375,32.42003631591797,32.00237274169922,32.32722473144531,705710.0,SPG,1d
2003-03-05 00:00:00+00:00,14.514463424682617,32.26225280761719,32.26225280761719,31.78890037536621,31.78890037536621,610574.0,SPG,1d
2003-03-06 00:00:00+00:00,14.401721954345703,32.011653900146484,32.26225280761719,31.95596694946289,32.26225280761719,789426.0,SPG,1d
2003-03-07 00:00:00+00:00,14.397547721862793,32.00237274169922,32.067344665527344,31.83530616760254,31.8817138671875,600985.0,SPG,1d
2003-03-10 00:00:00+00:00,14.243050575256348,31.658960342407227,31.97452735900879,31.658960342407227,31.97452735900879,528582.0,SPG,1d
2003-03-11 00:00:00+00:00,14.276457786560059,31.733211517333984,32.011653900146484,31.686803817749023,31.751773834228516,650654.0,SPG,1d
2003-03-12 00:00:00+00:00,14.263936042785645,31.705366134643555,31.8909969329834,31.696086883544922,31.733211517333984,3605694.0,SPG,1d
2003-03-13 00:00:00+00:00,14.489418029785156,32.206565856933594,32.27153396606445,31.937402725219727,31.937402725219727,3348298.0,SPG,1d
2003-03-14 00:00:00+00:00,14.552051544189453,32.345787048339844,32.429317474365234,32.07662582397461,32.29937744140625,1057380.0,SPG,1d
2003-03-17 00:00:00+00:00,14.994661331176758,33.32961654663086,33.32961654663086,32.16015625,32.345787048339844,1017192.0,SPG,1d
2003-03-18 00:00:00+00:00,15.119935989379883,33.60805892944336,33.71943664550781,33.2924919128418,33.32961654663086,1099184.0,SPG,1d
2003-03-19 00:00:00+00:00,15.282784461975098,33.970035552978516,34.15566635131836,33.64518737792969,33.673030853271484,944251.0,SPG,1d
2003-03-20 00:00:00+00:00,15.366293907165527,34.15566635131836,34.27632141113281,33.43171310424805,33.88650131225586,723272.0,SPG,1d
2003-03-21 00:00:00+00:00,15.332893371582031,34.08141326904297,34.508358001708984,33.877220153808594,34.508358001708984,1717192.0,SPG,1d
2003-03-24 00:00:00+00:00,14.927857398986816,33.181114196777344,34.090694427490234,32.986202239990234,34.090694427490234,834893.0,SPG,1d
2003-03-25 00:00:00+00:00,15.211799621582031,33.812252044677734,33.812252044677734,33.041893005371094,33.041893005371094,691919.0,SPG,1d
2003-03-26 00:00:00+00:00,15.266082763671875,33.93291091918945,33.93291091918945,33.37602233886719,33.598777770996094,622102.0,SPG,1d
2003-03-27 00:00:00+00:00,15.203446388244629,33.7936897277832,33.86793899536133,33.50596237182617,33.830814361572266,805587.0,SPG,1d
2003-03-28 00:00:00+00:00,15.16586685180664,33.71015548706055,33.877220153808594,33.598777770996094,33.737998962402344,723811.0,SPG,1d
2003-03-31 00:00:00+00:00,14.961262702941895,33.255367279052734,33.61734390258789,33.16255187988281,33.598777770996094,1306372.0,SPG,1d
2003-04-01 00:00:00+00:00,15.303666114807129,34.016441345214844,34.016441345214844,33.273929595947266,33.338897705078125,664553.0,SPG,1d
2003-04-02 00:00:00+00:00,15.520792007446289,34.49907684326172,34.582611083984375,34.183509826660156,34.20207214355469,980991.0,SPG,1d
2003-04-03 00:00:00+00:00,15.424756050109863,34.285606384277344,34.51763916015625,34.15566635131836,34.49907684326172,785870.0,SPG,1d
2003-04-04 00:00:00+00:00,15.387166976928711,34.20207214355469,34.51763916015625,34.11853790283203,34.387699127197266,625227.0,SPG,1d
2003-04-07 00:00:00+00:00,15.470696449279785,34.387699127197266,34.76823806762695,34.23919677734375,34.34129333496094,875835.0,SPG,1d
2003-04-08 00:00:00+00:00,15.395515441894531,34.22063446044922,34.461952209472656,34.19279098510742,34.45267105102539,496367.0,SPG,1d
2003-04-09 00:00:00+00:00,15.441452026367188,34.322731018066406,34.45267105102539,34.23919677734375,34.45267105102539,850515.0,SPG,1d
2003-04-10 00:00:00+00:00,15.320362091064453,34.05356979370117,34.34129333496094,33.94219207763672,34.34129333496094,660997.0,SPG,1d
2003-04-11 00:00:00+00:00,15.337071418762207,34.090694427490234,34.43410873413086,33.92362976074219,34.23919677734375,604540.0,SPG,1d
2003-04-14 00:00:00+00:00,15.504094123840332,34.461952209472656,34.461952209472656,34.044288635253906,34.27632141113281,505418.0,SPG,1d
2003-04-15 00:00:00+00:00,15.4832181930542,34.41554641723633,34.461952209472656,34.21135330200195,34.461952209472656,473311.0,SPG,1d
2003-04-16 00:00:00+00:00,15.499916076660156,34.45267105102539,34.49907684326172,34.248477935791016,34.387699127197266,873141.0,SPG,1d
2003-04-17 00:00:00+00:00,15.608482360839844,34.69398880004883,34.79608154296875,34.34129333496094,34.387699127197266,735124.0,SPG,1d
2003-04-21 00:00:00+00:00,15.616829872131348,34.71255111694336,34.94458770751953,34.55476760864258,34.89817810058594,781992.0,SPG,1d
2003-04-22 00:00:00+00:00,15.859018325805664,35.25087356567383,35.38081359863281,34.59189224243164,34.6568603515625,980452.0,SPG,1d
2003-04-23 00:00:00+00:00,15.846492767333984,35.22303009033203,35.334407806396484,35.03739929199219,35.22303009033203,414376.0,SPG,1d
2003-04-24 00:00:00+00:00,15.587591171264648,34.647579193115234,35.09309005737305,34.6290168762207,34.80536651611328,848684.0,SPG,1d
2003-04-25 00:00:00+00:00,15.462334632873535,34.369136810302734,34.80536651611328,34.304168701171875,34.80536651611328,583854.0,SPG,1d
2003-04-28 00:00:00+00:00,15.391351699829102,34.21135330200195,34.61045455932617,34.0999755859375,34.34129333496094,579544.0,SPG,1d
2003-04-29 00:00:00+00:00,15.53332233428955,34.526920318603516,34.786800384521484,34.20207214355469,34.248477935791016,1014176.0,SPG,1d
2003-04-30 00:00:00+00:00,15.332893371582031,34.08141326904297,34.57332992553711,33.691593170166016,34.526920318603516,1059212.0,SPG,1d
2003-05-01 00:00:00+00:00,15.458154678344727,34.35985565185547,34.49907684326172,33.92362976074219,34.0999755859375,923241.0,SPG,1d
2003-05-02 00:00:00+00:00,15.470696449279785,34.387699127197266,34.80536651611328,34.29488754272461,34.33201217651367,960628.0,SPG,1d
2003-05-05 00:00:00+00:00,15.658588409423828,34.80536651611328,34.81464767456055,34.34129333496094,34.369136810302734,1023010.0,SPG,1d
2003-05-06 00:00:00+00:00,15.867368698120117,35.26943588256836,35.50147247314453,34.786800384521484,34.80536651611328,677051.0,SPG,1d
2003-05-07 00:00:00+00:00,15.884078025817871,35.30656051635742,35.4550666809082,35.02811813354492,35.26943588256836,1275127.0,SPG,1d
2003-05-08 00:00:00+00:00,16.071983337402344,35.72422790527344,35.93769836425781,35.297279357910156,35.42721939086914,855041.0,SPG,1d
2003-05-09 00:00:00+00:00,16.305810928344727,36.243988037109375,36.3460807800293,35.7891960144043,35.91913604736328,831661.0,SPG,1d
2003-05-12 00:00:00+00:00,16.305810928344727,36.243988037109375,36.42961502075195,35.93769836425781,36.243988037109375,891350.0,SPG,1d
2003-05-13 00:00:00+00:00,16.276578903198242,36.17901611328125,36.5688362121582,36.05835723876953,36.28111267089844,1132476.0,SPG,1d
2003-05-14 00:00:00+00:00,16.156177520751953,35.31584167480469,36.262550354003906,35.13021469116211,35.87273025512695,953625.0,SPG,1d
2003-05-15 00:00:00+00:00,16.139198303222656,35.278717041015625,35.30656051635742,35.05596160888672,35.26943588256836,644297.0,SPG,1d
2003-05-16 00:00:00+00:00,16.16468048095703,35.334407806396484,35.39009475708008,35.05596160888672,35.278717041015625,996937.0,SPG,1d
2003-05-19 00:00:00+00:00,16.130706787109375,35.260154724121094,35.34368896484375,35.195186614990234,35.34368896484375,675542.0,SPG,1d
2003-05-20 00:00:00+00:00,16.36424446105957,35.770633697509766,35.77991485595703,35.24159240722656,35.26943588256836,1304109.0,SPG,1d
2003-05-21 00:00:00+00:00,16.355741500854492,35.752071380615234,35.87273025512695,35.39009475708008,35.770633697509766,716269.0,SPG,1d
2003-05-22 00:00:00+00:00,16.512863159179688,36.09548568725586,36.104766845703125,35.68709945678711,35.752071380615234,1052963.0,SPG,1d
2003-05-23 00:00:00+00:00,16.589282989501953,36.262550354003906,36.28111267089844,35.87273025512695,36.05835723876953,579975.0,SPG,1d
2003-05-27 00:00:00+00:00,16.51710319519043,36.104766845703125,36.262550354003906,35.91913604736328,36.262550354003906,674573.0,SPG,1d
2003-05-28 00:00:00+00:00,16.168922424316406,35.34368896484375,36.33679962158203,35.334407806396484,36.33679962158203,935093.0,SPG,1d
2003-05-29 00:00:00+00:00,15.710351943969727,34.34129333496094,35.46434783935547,33.64518737792969,35.399375915527344,1424026.0,SPG,1d
2003-05-30 00:00:00+00:00,15.973607063293457,34.91674041748047,34.926021575927734,34.45267105102539,34.526920318603516,1266292.0,SPG,1d
2003-06-02 00:00:00+00:00,16.10098648071289,35.195186614990234,35.44578170776367,35.06524658203125,35.14877700805664,799230.0,SPG,1d
2003-06-03 00:00:00+00:00,16.30479621887207,35.64069366455078,35.677818298339844,34.99099349975586,35.30656051635742,486455.0,SPG,1d
2003-06-04 00:00:00+00:00,16.410947799682617,35.87273025512695,35.91913604736328,35.59428787231445,35.68709945678711,867323.0,SPG,1d
2003-06-05 00:00:00+00:00,16.33876609802246,35.71494674682617,36.030513763427734,35.40865707397461,35.80775833129883,729198.0,SPG,1d
2003-06-06 00:00:00+00:00,16.538330078125,36.15117263793945,36.243988037109375,35.74279022216797,35.74279022216797,722949.0,SPG,1d
2003-06-09 00:00:00+00:00,16.398210525512695,35.844886779785156,36.123329162597656,35.80775833129883,36.05835723876953,537633.0,SPG,1d
2003-06-10 00:00:00+00:00,16.750627517700195,36.6152458190918,36.67093276977539,35.82632064819336,35.82632064819336,823364.0,SPG,1d
2003-06-11 00:00:00+00:00,16.950193405151367,37.05147171020508,37.079315185546875,36.33679962158203,36.5688362121582,2746021.0,SPG,1d
2003-06-12 00:00:00+00:00,16.76337242126465,36.643089294433594,37.16284942626953,36.503868103027344,37.10715866088867,2625242.0,SPG,1d
2003-06-13 00:00:00+00:00,16.500118255615234,36.0676383972168,36.85655975341797,36.0676383972168,36.800872802734375,604864.0,SPG,1d
2003-06-16 00:00:00+00:00,16.665712356567383,36.42961502075195,36.42961502075195,36.104766845703125,36.29967498779297,845883.0,SPG,1d
2003-06-17 00:00:00+00:00,16.52134132385254,36.114044189453125,36.71733856201172,36.05835723876953,36.43889617919922,649146.0,SPG,1d
2003-06-18 00:00:00+00:00,16.602020263671875,36.2903938293457,36.2903938293457,35.7335090637207,36.039794921875,700646.0,SPG,1d
2003-06-19 00:00:00+00:00,16.495866775512695,36.05835723876953,36.45745849609375,35.909854888916016,36.243988037109375,800092.0,SPG,1d
2003-06-20 00:00:00+00:00,16.508604049682617,36.08620071411133,36.3182373046875,36.0119514465332,36.17901611328125,1176112.0,SPG,1d
2003-06-23 00:00:00+00:00,16.347257614135742,35.7335090637207,36.049076080322266,35.557159423828125,36.030513763427734,709589.0,SPG,1d
2003-06-24 00:00:00+00:00,16.393957138061523,35.83560562133789,35.909854888916016,35.59428787231445,35.80775833129883,1038633.0,SPG,1d
2003-06-25 00:00:00+00:00,16.49162483215332,36.049076080322266,36.37392807006836,35.74279022216797,35.82632064819336,668108.0,SPG,1d
2003-06-26 00:00:00+00:00,16.759119033813477,36.63380813598633,36.643089294433594,36.049076080322266,36.049076080322266,712390.0,SPG,1d
2003-06-27 00:00:00+00:00,16.72940444946289,36.5688362121582,36.884403228759766,36.47602081298828,36.680213928222656,511882.0,SPG,1d
2003-06-30 00:00:00+00:00,16.572298049926758,36.225425720214844,36.8472785949707,36.123329162597656,36.800872802734375,1199600.0,SPG,1d
2003-07-01 00:00:00+00:00,16.750627517700195,36.6152458190918,36.6152458190918,35.817039489746094,36.33679962158203,876050.0,SPG,1d
2003-07-02 00:00:00+00:00,17.026622772216797,37.218536376953125,37.28350830078125,36.65237045288086,36.65237045288086,880899.0,SPG,1d
2003-07-03 00:00:00+00:00,17.154006958007812,37.496978759765625,37.51554489135742,37.060752868652344,37.1721305847168,391104.0,SPG,1d
2003-07-07 00:00:00+00:00,17.311115264892578,37.84039306640625,37.86823654174805,37.357757568359375,37.357757568359375,642573.0,SPG,1d
2003-07-08 00:00:00+00:00,17.3026065826416,37.82183074951172,37.90536117553711,37.4505729675293,37.84039306640625,667246.0,SPG,1d
2003-07-09 00:00:00+00:00,17.145511627197266,37.478416442871094,37.793983459472656,37.30207061767578,37.78470230102539,534508.0,SPG,1d
2003-07-10 00:00:00+00:00,16.869518280029297,36.875125885009766,37.54338836669922,36.865840911865234,37.478416442871094,592473.0,SPG,1d
2003-07-11 00:00:00+00:00,17.111541748046875,37.4041633605957,37.58051300048828,37.079315185546875,37.079315185546875,615315.0,SPG,1d
2003-07-14 00:00:00+00:00,17.243173599243164,37.691890716552734,37.896080017089844,37.478416442871094,37.636199951171875,905033.0,SPG,1d
2003-07-15 00:00:00+00:00,17.429990768432617,38.10027313232422,38.19308853149414,37.59907531738281,37.86823654174805,547114.0,SPG,1d
2003-07-16 00:00:00+00:00,17.196470260620117,37.58979415893555,38.23949432373047,37.54338836669922,37.96105194091797,1010405.0,SPG,1d
2003-07-17 00:00:00+00:00,17.07333755493164,37.32063293457031,37.710453033447266,37.10715866088867,37.496978759765625,749777.0,SPG,1d
2003-07-18 00:00:00+00:00,17.298370361328125,37.81254959106445,37.82183074951172,37.26494216918945,37.4041633605957,504448.0,SPG,1d
2003-07-21 00:00:00+00:00,17.221939086914062,37.64548110961914,37.9517707824707,37.376319885253906,37.81254959106445,308789.0,SPG,1d
2003-07-22 00:00:00+00:00,17.2813777923584,37.775421142578125,37.970333099365234,37.62691879272461,37.64548110961914,588918.0,SPG,1d
2003-07-23 00:00:00+00:00,17.170991897583008,37.53410339355469,37.81254959106445,37.357757568359375,37.81254959106445,361690.0,SPG,1d
2003-07-24 00:00:00+00:00,17.429990768432617,38.10027313232422,38.128116607666016,37.56195068359375,37.58979415893555,650439.0,SPG,1d
2003-07-25 00:00:00+00:00,17.722972869873047,38.740692138671875,38.77781677246094,38.13739776611328,38.19308853149414,637833.0,SPG,1d
2003-07-28 00:00:00+00:00,17.413015365600586,38.063148498535156,38.70356750488281,38.053863525390625,38.51793670654297,557349.0,SPG,1d
2003-07-29 00:00:00+00:00,17.650787353515625,38.582908630371094,38.79637908935547,38.183807373046875,38.23949432373047,873572.0,SPG,1d
2003-07-30 00:00:00+00:00,17.918291091918945,39.16763687133789,39.42751693725586,38.79637908935547,38.79637908935547,739972.0,SPG,1d
2003-07-31 00:00:00+00:00,17.981979370117188,39.30685806274414,39.631710052490234,38.99129104614258,39.39967346191406,880899.0,SPG,1d
2003-08-01 00:00:00+00:00,17.99047088623047,39.32542037963867,39.39967346191406,39.07482147216797,39.316139221191406,678451.0,SPG,1d
2003-08-04 00:00:00+00:00,18.024442672729492,39.39967346191406,39.455360412597656,38.98200988769531,39.26045227050781,722841.0,SPG,1d
2003-08-05 00:00:00+00:00,17.9522647857666,39.24188995361328,39.38111114501953,39.02841567993164,39.279014587402344,498307.0,SPG,1d
2003-08-06 00:00:00+00:00,17.994718551635742,39.33470153808594,39.418235778808594,38.98200988769531,39.16763687133789,562413.0,SPG,1d
2003-08-07 00:00:00+00:00,18.109359741210938,39.58530044555664,39.76165008544922,39.21404266357422,39.42751693725586,461028.0,SPG,1d
2003-08-08 00:00:00+00:00,18.10087776184082,39.56673812866211,39.70595932006836,39.42751693725586,39.696678161621094,478698.0,SPG,1d
2003-08-11 00:00:00+00:00,18.041425704956055,39.436798095703125,39.715240478515625,39.42751693725586,39.65955352783203,438510.0,SPG,1d
2003-08-12 00:00:00+00:00,18.04566764831543,39.44607925415039,39.594581604003906,39.16763687133789,39.53889465332031,451224.0,SPG,1d
2003-08-13 00:00:00+00:00,18.031208038330078,38.81494140625,39.0655403137207,38.70356750488281,39.00985336303711,841250.0,SPG,1d
2003-08-14 00:00:00+00:00,18.281288146972656,39.353267669677734,39.353267669677734,38.805660247802734,38.84278869628906,986809.0,SPG,1d
2003-08-15 00:00:00+00:00,18.087261199951172,38.93560028076172,39.353267669677734,38.93560028076172,39.353267669677734,277759.0,SPG,1d
2003-08-18 00:00:00+00:00,18.29852867126465,39.3903923034668,39.492488861083984,38.88919448852539,38.88919448852539,378821.0,SPG,1d
2003-08-19 00:00:00+00:00,18.26834487915039,39.32542037963867,39.60386276245117,39.10266876220703,39.53889465332031,533754.0,SPG,1d
2003-08-20 00:00:00+00:00,18.552907943725586,39.93799591064453,39.9472770690918,39.13051223754883,39.33470153808594,448530.0,SPG,1d
2003-08-21 00:00:00+00:00,18.475305557250977,39.770931243896484,40.002967834472656,39.650272369384766,39.91943359375,430968.0,SPG,1d
2003-08-22 00:00:00+00:00,18.16918182373047,39.1119499206543,39.854461669921875,39.10266876220703,39.854461669921875,443251.0,SPG,1d
2003-08-25 00:00:00+00:00,18.0096492767334,38.76853561401367,39.21404266357422,38.63859558105469,39.21404266357422,398753.0,SPG,1d
2003-08-26 00:00:00+00:00,18.13899803161621,39.04697799682617,39.12123107910156,38.527217864990234,38.76853561401367,401662.0,SPG,1d
2003-08-27 00:00:00+00:00,18.31577491760254,39.42751693725586,39.557456970214844,38.91703796386719,38.95416259765625,440234.0,SPG,1d
2003-08-28 00:00:00+00:00,18.29852867126465,39.3903923034668,39.492488861083984,39.139793395996094,39.44607925415039,366107.0,SPG,1d
2003-08-29 00:00:00+00:00,18.41493797302246,39.6409912109375,39.75236511230469,39.353267669677734,39.39967346191406,366107.0,SPG,1d
2003-09-02 00:00:00+00:00,18.574480056762695,39.98440170288086,39.993682861328125,39.54817581176758,39.84518051147461,662937.0,SPG,1d
2003-09-03 00:00:00+00:00,18.746932983398438,40.35565948486328,40.40206527709961,39.90087127685547,40.067935943603516,761090.0,SPG,1d
2003-09-04 00:00:00+00:00,18.79867172241211,40.467037200927734,40.59697723388672,40.262847900390625,40.35565948486328,894690.0,SPG,1d
2003-09-05 00:00:00+00:00,18.8417911529541,40.559852600097656,40.64338684082031,40.207157135009766,40.467037200927734,537740.0,SPG,1d
2003-09-08 00:00:00+00:00,18.893531799316406,40.67123031616211,40.801170349121094,40.29997253417969,40.559852600097656,421918.0,SPG,1d
2003-09-09 00:00:00+00:00,18.871976852416992,40.624820709228516,40.67123031616211,40.25356674194336,40.606258392333984,414160.0,SPG,1d
2003-09-10 00:00:00+00:00,18.548603057861328,39.928714752197266,40.58769607543945,39.81733703613281,40.51344680786133,423965.0,SPG,1d
2003-09-11 00:00:00+00:00,18.6951961517334,40.24428176879883,40.467037200927734,39.715240478515625,40.049373626708984,1304648.0,SPG,1d
2003-09-12 00:00:00+00:00,18.751243591308594,40.36494064331055,40.37422180175781,39.6409912109375,39.910152435302734,947376.0,SPG,1d
2003-09-15 00:00:00+00:00,18.78142738342285,40.42991256713867,40.559852600097656,39.96583938598633,40.262847900390625,532461.0,SPG,1d
2003-09-16 00:00:00+00:00,18.64776611328125,40.14218521118164,40.420631408691406,39.82661819458008,40.346378326416016,537740.0,SPG,1d
2003-09-17 00:00:00+00:00,18.393375396728516,39.594581604003906,39.86374282836914,39.39967346191406,39.53889465332031,792550.0,SPG,1d
2003-09-18 00:00:00+00:00,18.341644287109375,39.48320770263672,39.80805587768555,39.455360412597656,39.72452163696289,634600.0,SPG,1d
2003-09-19 00:00:00+00:00,18.53135871887207,39.8915901184082,39.90087127685547,39.56673812866211,39.631710052490234,803432.0,SPG,1d
2003-09-22 00:00:00+00:00,18.43219566345215,39.67811584472656,39.8915901184082,39.53889465332031,39.8915901184082,570817.0,SPG,1d
2003-09-23 00:00:00+00:00,18.604658126831055,40.049373626708984,40.09577941894531,39.631710052490234,39.72452163696289,924426.0,SPG,1d
2003-09-24 00:00:00+00:00,18.389070510864258,39.58530044555664,40.17931365966797,39.576019287109375,40.002967834472656,611867.0,SPG,1d
2003-09-25 00:00:00+00:00,18.427886962890625,39.6688346862793,39.93799591064453,39.44607925415039,39.696678161621094,579544.0,SPG,1d
2003-09-26 00:00:00+00:00,18.53135871887207,39.8915901184082,39.90087127685547,39.50177001953125,39.67811584472656,452840.0,SPG,1d
2003-09-29 00:00:00+00:00,18.725370407104492,40.30925369262695,40.36494064331055,39.88230514526367,39.93799591064453,536986.0,SPG,1d
2003-09-30 00:00:00+00:00,18.790058135986328,40.4484748840332,40.606258392333984,39.91943359375,40.188594818115234,973449.0,SPG,1d
2003-10-01 00:00:00+00:00,18.992700576782227,40.884700775146484,40.884700775146484,40.4484748840332,40.4484748840332,833815.0,SPG,1d
2003-10-02 00:00:00+00:00,19.272953033447266,41.48799514770508,41.48799514770508,40.884700775146484,40.977516174316406,857411.0,SPG,1d
2003-10-03 00:00:00+00:00,19.527341842651367,42.03559875488281,42.27691650390625,41.59937286376953,41.62721633911133,685993.0,SPG,1d
2003-10-06 00:00:00+00:00,19.768789291381836,42.55535888671875,42.55535888671875,41.87781524658203,41.87781524658203,614560.0,SPG,1d
2003-10-07 00:00:00+00:00,19.492849349975586,41.96134948730469,42.46254348754883,41.90565872192383,42.46254348754883,809143.0,SPG,1d
2003-10-08 00:00:00+00:00,19.523025512695312,42.02631759643555,42.31404113769531,41.72003173828125,42.007755279541016,836617.0,SPG,1d
2003-10-09 00:00:00+00:00,19.691186904907227,42.3882942199707,42.60176467895508,42.03559875488281,42.146976470947266,691165.0,SPG,1d
2003-10-10 00:00:00+00:00,19.540273666381836,42.06344223022461,42.481109619140625,41.99847412109375,42.3882942199707,422025.0,SPG,1d
2003-10-13 00:00:00+00:00,19.592016220092773,42.17481994628906,42.267635345458984,41.97063064575195,42.04487991333008,304587.0,SPG,1d
2003-10-14 00:00:00+00:00,19.466983795166016,41.90565872192383,42.08200454711914,41.72003173828125,41.99847412109375,531491.0,SPG,1d
2003-10-15 00:00:00+00:00,19.385066986083984,41.729312896728516,41.849971771240234,41.571529388427734,41.72003173828125,1185162.0,SPG,1d
2003-10-16 00:00:00+00:00,19.527341842651367,42.03559875488281,42.03559875488281,41.534400939941406,41.69218444824219,703879.0,SPG,1d
2003-10-17 00:00:00+00:00,19.419544219970703,41.80356216430664,42.360450744628906,41.655059814453125,42.23051071166992,596137.0,SPG,1d
2003-10-20 00:00:00+00:00,19.35056495666504,41.655059814453125,42.02631759643555,41.55296325683594,41.8870964050293,413191.0,SPG,1d
2003-10-21 00:00:00+00:00,19.178110122680664,41.2838020324707,41.76643753051758,41.255958557128906,41.655059814453125,604325.0,SPG,1d
2003-10-22 00:00:00+00:00,19.09618377685547,41.10745620727539,41.3302116394043,40.84757614135742,41.255958557128906,677913.0,SPG,1d
2003-10-23 00:00:00+00:00,19.01425552368164,40.93111038208008,41.06105041503906,40.606258392333984,41.06105041503906,589995.0,SPG,1d
2003-10-24 00:00:00+00:00,19.0444278717041,40.99607849121094,41.098175048828125,40.699073791503906,41.023921966552734,912144.0,SPG,1d
2003-10-27 00:00:00+00:00,19.363492965698242,41.68290328979492,42.30475997924805,41.098175048828125,41.116737365722656,1079683.0,SPG,1d
2003-10-28 00:00:00+00:00,19.242767333984375,41.42302322387695,41.97991180419922,40.93111038208008,41.8592529296875,780914.0,SPG,1d
2003-10-29 00:00:00+00:00,19.51009750366211,41.99847412109375,42.32332229614258,41.42302322387695,41.42302322387695,696660.0,SPG,1d
2003-10-30 00:00:00+00:00,19.648067474365234,42.29547882080078,42.4439811706543,42.01703643798828,42.09128952026367,1467662.0,SPG,1d
2003-10-31 00:00:00+00:00,19.436790466308594,41.84069061279297,42.46254348754883,41.52511978149414,42.32332229614258,661967.0,SPG,1d
2003-11-03 00:00:00+00:00,19.661006927490234,42.32332229614258,42.34188461303711,41.76643753051758,41.84069061279297,754948.0,SPG,1d
2003-11-04 00:00:00+00:00,19.768789291381836,42.55535888671875,42.60176467895508,41.76643753051758,42.32332229614258,1009543.0,SPG,1d
2003-11-05 00:00:00+00:00,19.96280860900879,42.9730224609375,43.019432067871094,42.332603454589844,42.50895309448242,800415.0,SPG,1d
2003-11-06 00:00:00+00:00,20.359479904174805,43.8269157409668,43.83619689941406,42.88949203491211,42.982303619384766,1000708.0,SPG,1d
2003-11-07 00:00:00+00:00,20.4284725189209,43.97541809082031,44.272422790527344,43.8269157409668,43.8269157409668,686101.0,SPG,1d
2003-11-10 00:00:00+00:00,20.350862503051758,43.808353424072266,44.133201599121094,43.63200378417969,44.086795806884766,545713.0,SPG,1d
2003-11-11 00:00:00+00:00,20.195636749267578,43.474220275878906,43.808353424072266,43.390689849853516,43.808353424072266,352963.0,SPG,1d
2003-11-12 00:00:00+00:00,20.482633590698242,43.48350143432617,43.576316833496094,42.86164855957031,43.09368133544922,736417.0,SPG,1d
2003-11-13 00:00:00+00:00,20.631290435791016,43.799072265625,44.272422790527344,43.158653259277344,43.529911041259766,375050.0,SPG,1d
2003-11-14 00:00:00+00:00,20.77992820739746,44.11463928222656,45.098472595214844,43.808353424072266,44.03110885620117,561551.0,SPG,1d
2003-11-17 00:00:00+00:00,20.701244354248047,43.947574615478516,44.086795806884766,43.529911041259766,44.086795806884766,542912.0,SPG,1d
2003-11-18 00:00:00+00:00,20.583194732666016,43.69697570800781,44.0775146484375,43.576316833496094,43.993980407714844,605079.0,SPG,1d
2003-11-19 00:00:00+00:00,20.482633590698242,43.48350143432617,43.854759216308594,43.48350143432617,43.854759216308594,673172.0,SPG,1d
2003-11-20 00:00:00+00:00,20.403949737548828,43.316436767578125,43.62272262573242,42.9915885925293,43.48350143432617,671556.0,SPG,1d
2003-11-21 00:00:00+00:00,20.084796905517578,42.638893127441406,43.455657958984375,42.46254348754883,43.34428024291992,769709.0,SPG,1d
2003-11-24 00:00:00+00:00,20.1940975189209,42.87092971801758,43.16793441772461,42.57392120361328,42.83380126953125,560797.0,SPG,1d
2003-11-25 00:00:00+00:00,20.460777282714844,43.437095642089844,43.49278259277344,42.86164855957031,42.87092971801758,555733.0,SPG,1d
2003-11-26 00:00:00+00:00,20.73621940612793,44.02182388305664,44.02182388305664,43.44637680053711,43.576316833496094,362121.0,SPG,1d
2003-11-28 00:00:00+00:00,20.744949340820312,44.04038619995117,44.31883239746094,43.929012298583984,44.02182388305664,165492.0,SPG,1d
2003-12-01 00:00:00+00:00,20.91983413696289,44.411643981933594,45.042781829833984,44.133201599121094,44.133201599121094,809358.0,SPG,1d
2003-12-02 00:00:00+00:00,20.740589141845703,44.03110885620117,44.33739471435547,43.90116882324219,44.068233489990234,924534.0,SPG,1d
2003-12-03 00:00:00+00:00,20.954814910888672,44.485897064208984,44.504459381103516,44.02182388305664,44.09607696533203,527289.0,SPG,1d
2003-12-04 00:00:00+00:00,20.858623504638672,44.28170394897461,44.45805358886719,44.133201599121094,44.45805358886719,594844.0,SPG,1d
2003-12-05 00:00:00+00:00,20.845518112182617,44.25386047363281,44.485897064208984,44.086795806884766,44.17961120605469,385932.0,SPG,1d
2003-12-08 00:00:00+00:00,20.548221588134766,43.62272262573242,44.226016998291016,43.576316833496094,44.19817352294922,1635308.0,SPG,1d
2003-12-09 00:00:00+00:00,20.548221588134766,43.62272262573242,43.715538024902344,43.49278259277344,43.69697570800781,559289.0,SPG,1d
2003-12-10 00:00:00+00:00,20.504497528076172,43.529911041259766,43.669132232666016,43.251468658447266,43.64128875732422,434416.0,SPG,1d
2003-12-11 00:00:00+00:00,20.539470672607422,43.60416030883789,43.62272262573242,43.41853332519531,43.529911041259766,444113.0,SPG,1d
2003-12-12 00:00:00+00:00,20.548221588134766,43.62272262573242,43.62272262573242,43.5206298828125,43.60416030883789,348114.0,SPG,1d
2003-12-15 00:00:00+00:00,20.34273338317871,43.18649673461914,43.62272262573242,43.18649673461914,43.62272262573242,666923.0,SPG,1d
2003-12-16 00:00:00+00:00,20.548221588134766,43.62272262573242,43.62272262573242,43.20505905151367,43.37212371826172,497660.0,SPG,1d
2003-12-17 00:00:00+00:00,20.487014770507812,43.49278259277344,43.613441467285156,43.26074981689453,43.53919219970703,1002216.0,SPG,1d
2003-12-18 00:00:00+00:00,20.39521026611328,43.297874450683594,43.529911041259766,43.2236213684082,43.437095642089844,662506.0,SPG,1d
2003-12-19 00:00:00+00:00,20.412689208984375,43.334999084472656,43.34428024291992,43.195777893066406,43.251468658447266,613698.0,SPG,1d
2003-12-22 00:00:00+00:00,20.329626083374023,43.158653259277344,43.297874450683594,43.019432067871094,43.251468658447266,893074.0,SPG,1d
2003-12-23 00:00:00+00:00,20.2421817779541,42.9730224609375,43.474220275878906,42.880210876464844,43.297874450683594,795244.0,SPG,1d
2003-12-24 00:00:00+00:00,20.255313873291016,43.00086975097656,43.00086975097656,42.898773193359375,42.9730224609375,316115.0,SPG,1d
2003-12-26 00:00:00+00:00,20.229068756103516,42.9451789855957,43.019432067871094,42.917335510253906,43.00086975097656,240157.0,SPG,1d
2003-12-29 00:00:00+00:00,20.2421817779541,42.9730224609375,43.09368133544922,42.79667663574219,42.9730224609375,616715.0,SPG,1d
2003-12-30 00:00:00+00:00,20.268417358398438,43.02871322631836,43.18649673461914,42.85236358642578,43.056556701660156,699461.0,SPG,1d
2003-12-31 00:00:00+00:00,20.259662628173828,43.01014709472656,43.34428024291992,42.75027084350586,43.158653259277344,614453.0,SPG,1d
2004-01-02 00:00:00+00:00,20.198461532592773,42.880210876464844,43.195777893066406,42.60176467895508,43.04727554321289,573511.0,SPG,1d
2004-01-05 00:00:00+00:00,20.504497528076172,43.529911041259766,43.81763458251953,43.06583786010742,43.251468658447266,1168785.0,SPG,1d
2004-01-06 00:00:00+00:00,20.84988784790039,44.26314163208008,44.3838005065918,43.62272262573242,43.62272262573242,859889.0,SPG,1d
2004-01-07 00:00:00+00:00,20.701244354248047,43.947574615478516,44.31883239746094,43.752662658691406,44.26314163208008,1356795.0,SPG,1d
2004-01-08 00:00:00+00:00,20.924213409423828,44.42092514038086,44.42092514038086,43.993980407714844,44.086795806884766,834031.0,SPG,1d
2004-01-09 00:00:00+00:00,21.072851181030273,44.73649597167969,44.82002639770508,44.21673583984375,44.59727478027344,744174.0,SPG,1d
2004-01-12 00:00:00+00:00,20.985414505004883,44.550865173339844,45.14487838745117,44.54158401489258,44.96853256225586,1166092.0,SPG,1d
2004-01-13 00:00:00+00:00,21.37889862060547,45.38619613647461,45.38619613647461,44.59727478027344,45.29338073730469,972803.0,SPG,1d
2004-01-14 00:00:00+00:00,21.6849308013916,46.03589630126953,46.12871170043945,45.24697494506836,45.29338073730469,679960.0,SPG,1d
2004-01-15 00:00:00+00:00,21.470706939697266,45.58110427856445,46.08230209350586,45.58110427856445,46.08230209350586,682546.0,SPG,1d
2004-01-16 00:00:00+00:00,21.418243408203125,45.469730377197266,45.933799743652344,45.24697494506836,45.7667350769043,602601.0,SPG,1d
2004-01-20 00:00:00+00:00,21.30894660949707,45.237693786621094,45.460445404052734,45.03350067138672,45.36763381958008,530522.0,SPG,1d
2004-01-21 00:00:00+00:00,21.357040405273438,45.33979034423828,45.33979034423828,45.098472595214844,45.24697494506836,623072.0,SPG,1d
2004-01-22 00:00:00+00:00,21.435731887817383,45.50685501098633,45.75745391845703,45.12631607055664,45.33979034423828,939941.0,SPG,1d
2004-01-23 00:00:00+00:00,21.72865104675293,46.12871170043945,46.22152328491211,45.52541732788086,45.54397964477539,655502.0,SPG,1d
2004-01-26 00:00:00+00:00,22.0871639251709,46.88978576660156,46.88978576660156,45.96164321899414,46.03589630126953,749777.0,SPG,1d
2004-01-27 00:00:00+00:00,22.297008514404297,47.335296630859375,47.558048248291016,46.6020622253418,46.92691421508789,767770.0,SPG,1d
2004-01-28 00:00:00+00:00,22.331987380981445,47.409549713134766,48.152061462402344,47.24248123168945,47.42810821533203,1146160.0,SPG,1d
2004-01-29 00:00:00+00:00,22.68610382080078,48.16134262084961,48.16134262084961,47.214637756347656,47.52092361450195,805264.0,SPG,1d
2004-01-30 00:00:00+00:00,22.756061553955078,48.309844970703125,48.55116271972656,47.60445785522461,48.12421798706055,739433.0,SPG,1d
2004-02-02 00:00:00+00:00,23.236984252929688,49.33080291748047,49.340084075927734,48.47691345214844,48.5418815612793,899215.0,SPG,1d
2004-02-03 00:00:00+00:00,23.048988342285156,48.93170166015625,49.79487609863281,48.86673355102539,49.3215217590332,1386532.0,SPG,1d
2004-02-04 00:00:00+00:00,22.73419952392578,48.2634391784668,49.12661361694336,47.72511672973633,48.8203239440918,1470678.0,SPG,1d
2004-02-05 00:00:00+00:00,22.891592025756836,48.597572326660156,48.662540435791016,47.79008483886719,48.2634391784668,787917.0,SPG,1d
2004-02-06 00:00:00+00:00,23.529891967773438,49.952659606933594,49.98050308227539,48.031402587890625,48.72751235961914,1102955.0,SPG,1d
2004-02-09 00:00:00+00:00,23.47744369506836,49.84128189086914,49.952659606933594,49.52571487426758,49.952659606933594,643543.0,SPG,1d
2004-02-10 00:00:00+00:00,23.958358764648438,50.862239837646484,50.862239837646484,49.850563049316406,50.07331848144531,1074080.0,SPG,1d
2004-02-11 00:00:00+00:00,24.264385223388672,51.511940002441406,51.68828582763672,50.388885498046875,50.97361755371094,1094551.0,SPG,1d
2004-02-12 00:00:00+00:00,23.839454650878906,49.971221923828125,50.90864562988281,49.10804748535156,50.862239837646484,1364768.0,SPG,1d
2004-02-13 00:00:00+00:00,23.653491973876953,49.58140182495117,50.305355072021484,49.26583480834961,49.971221923828125,620271.0,SPG,1d
2004-02-17 00:00:00+00:00,23.81731414794922,49.9248161315918,49.98050308227539,49.674217224121094,49.91553497314453,501324.0,SPG,1d
2004-02-18 00:00:00+00:00,23.600357055664062,49.47002410888672,50.07331848144531,49.45146179199219,50.026912689208984,709912.0,SPG,1d
2004-02-19 00:00:00+00:00,23.719905853271484,49.72062301635742,49.767032623291016,49.36792755126953,49.59068298339844,550993.0,SPG,1d
2004-02-20 00:00:00+00:00,23.66677474975586,49.60924530029297,49.79487609863281,49.33080291748047,49.79487609863281,402632.0,SPG,1d
2004-02-23 00:00:00+00:00,23.657928466796875,49.59068298339844,49.767032623291016,49.14517593383789,49.63709259033203,594197.0,SPG,1d
2004-02-24 00:00:00+00:00,23.53836441040039,49.340084075927734,49.72990417480469,49.015235900878906,49.59068298339844,861505.0,SPG,1d
2004-02-25 00:00:00+00:00,23.799606323242188,49.887691497802734,49.887691497802734,49.349365234375,49.572120666503906,595167.0,SPG,1d
2004-02-26 00:00:00+00:00,23.923593521118164,50.1475715637207,50.19397735595703,49.56283950805664,49.84128189086914,704202.0,SPG,1d
2004-02-27 00:00:00+00:00,24.127275466918945,50.57451629638672,50.57451629638672,50.026912689208984,50.1475715637207,613160.0,SPG,1d
2004-03-01 00:00:00+00:00,24.242399215698242,50.815834045410156,50.955055236816406,50.648765563964844,50.676612854003906,754086.0,SPG,1d
2004-03-02 00:00:00+00:00,24.499202728271484,51.354156494140625,51.354156494140625,50.815834045410156,50.82511520385742,602278.0,SPG,1d
2004-03-03 00:00:00+00:00,24.53020477294922,51.419124603271484,51.68828582763672,51.140682220458984,51.68828582763672,714330.0,SPG,1d
2004-03-04 00:00:00+00:00,24.59661293029785,51.558345794677734,51.558345794677734,51.12211990356445,51.46553421020508,471695.0,SPG,1d
2004-03-05 00:00:00+00:00,24.924285888671875,52.245174407958984,52.25445556640625,51.40056228637695,51.511940002441406,647206.0,SPG,1d
2004-03-08 00:00:00+00:00,24.884428024291992,52.16164016723633,52.4215202331543,51.8460693359375,52.245174407958984,468893.0,SPG,1d
2004-03-09 00:00:00+00:00,24.981840133666992,52.36582946777344,52.4215202331543,51.976009368896484,52.19876480102539,369986.0,SPG,1d
2004-03-10 00:00:00+00:00,24.485916137695312,51.32630920410156,52.33798599243164,51.19636917114258,52.23588943481445,771648.0,SPG,1d
2004-03-11 00:00:00+00:00,24.2468204498291,50.82511520385742,51.558345794677734,50.82511520385742,51.30774688720703,699353.0,SPG,1d
2004-03-12 00:00:00+00:00,24.50806427001953,51.372718811035156,51.372718811035156,50.787986755371094,50.92721176147461,701077.0,SPG,1d
2004-03-15 00:00:00+00:00,24.499202728271484,51.354156494140625,51.53050231933594,50.91792678833008,51.372718811035156,616715.0,SPG,1d
2004-03-16 00:00:00+00:00,24.68517303466797,51.74397659301758,51.87391662597656,51.27062225341797,51.58618927001953,897922.0,SPG,1d
2004-03-17 00:00:00+00:00,25.008405685424805,52.4215202331543,52.467926025390625,51.66044235229492,51.80894470214844,1412067.0,SPG,1d
2004-03-18 00:00:00+00:00,25.238656997680664,52.90415573120117,52.90415573120117,52.22660827636719,52.31942367553711,736417.0,SPG,1d
2004-03-19 00:00:00+00:00,25.207658767700195,52.83918380737305,53.13618850708008,52.59786605834961,52.802059173583984,747191.0,SPG,1d
2004-03-22 00:00:00+00:00,25.30506706237793,53.04337692260742,53.16403579711914,52.4215202331543,52.70924377441406,774450.0,SPG,1d
2004-03-23 00:00:00+00:00,25.526464462280273,53.5074462890625,53.52600860595703,52.88559341430664,53.24756622314453,791150.0,SPG,1d
2004-03-24 00:00:00+00:00,25.282936096191406,52.99696731567383,53.60026168823242,52.90415573120117,53.5074462890625,782638.0,SPG,1d
2004-03-25 00:00:00+00:00,25.575170516967773,53.60954284667969,53.7580451965332,53.04337692260742,53.04337692260742,991981.0,SPG,1d
2004-03-26 00:00:00+00:00,25.282936096191406,52.99696731567383,53.38678741455078,52.88559341430664,53.18259811401367,895336.0,SPG,1d
2004-03-29 00:00:00+00:00,25.42461585998535,53.293975830078125,53.53529357910156,53.034095764160156,53.034095764160156,857842.0,SPG,1d
2004-03-30 00:00:00+00:00,25.792133331298828,54.064334869384766,54.22211837768555,53.05265808105469,53.30325698852539,728982.0,SPG,1d
2004-03-31 00:00:00+00:00,25.87627410888672,54.24068069458008,54.407745361328125,53.67451477050781,54.110740661621094,1267154.0,SPG,1d
2004-04-01 00:00:00+00:00,26.048952102661133,54.602657318115234,54.602657318115234,53.98080062866211,54.203556060791016,1271356.0,SPG,1d
2004-04-02 00:00:00+00:00,25.59288787841797,53.64666748046875,54.602657318115234,53.64666748046875,54.602657318115234,1026027.0,SPG,1d
2004-04-05 00:00:00+00:00,24.71616554260254,51.80894470214844,53.655948638916016,51.45624923706055,53.655948638916016,1931922.0,SPG,1d
2004-04-06 00:00:00+00:00,23.62249183654785,49.51643371582031,51.697566986083984,49.51643371582031,51.419124603271484,2796552.0,SPG,1d
2004-04-07 00:00:00+00:00,23.910293579101562,50.11972427368164,51.22421646118164,48.96882629394531,49.74846649169922,3223964.0,SPG,1d
2004-04-08 00:00:00+00:00,23.423242568969727,49.0987663269043,50.29607009887695,48.95954513549805,50.07331848144531,1275342.0,SPG,1d
2004-04-12 00:00:00+00:00,21.979764938354492,46.073020935058594,48.4861946105957,44.73649597167969,48.4861946105957,5597844.0,SPG,1d
2004-04-13 00:00:00+00:00,21.709671020507812,45.50685501098633,46.47212219238281,44.272422790527344,45.66463851928711,4582375.0,SPG,1d
2004-04-14 00:00:00+00:00,21.714107513427734,45.516136169433594,46.17511749267578,44.782901763916016,45.03350067138672,2239525.0,SPG,1d
2004-04-15 00:00:00+00:00,22.249874114990234,46.639190673828125,46.639190673828125,45.43260192871094,45.748172760009766,1580575.0,SPG,1d
2004-04-16 00:00:00+00:00,22.55095863342285,47.27032470703125,47.68798828125,46.704158782958984,46.87122344970703,1294736.0,SPG,1d
2004-04-19 00:00:00+00:00,22.559818267822266,47.28889083862305,47.558048248291016,46.212242126464844,47.01044464111328,1069663.0,SPG,1d
2004-04-20 00:00:00+00:00,21.69638442993164,45.47901153564453,47.39098358154297,45.47901153564453,47.28889083862305,1167708.0,SPG,1d
2004-04-21 00:00:00+00:00,21.7318115234375,45.553260803222656,45.794578552246094,45.15415954589844,45.61823272705078,1492335.0,SPG,1d
2004-04-22 00:00:00+00:00,21.913358688354492,45.933799743652344,46.33290100097656,45.200565338134766,45.43260192871094,1170617.0,SPG,1d
2004-04-23 00:00:00+00:00,21.891218185424805,45.887393951416016,46.43499755859375,45.395477294921875,46.43499755859375,1047145.0,SPG,1d
2004-04-26 00:00:00+00:00,22.028472900390625,46.17511749267578,46.76913070678711,45.68320083618164,45.91523742675781,678344.0,SPG,1d
2004-04-27 00:00:00+00:00,22.30742645263672,46.75984573364258,46.88978576660156,46.22152328491211,46.2679328918457,867539.0,SPG,1d
2004-04-28 00:00:00+00:00,22.117029190063477,46.36074447631836,46.917633056640625,46.22152328491211,46.75984573364258,630829.0,SPG,1d
2004-04-29 00:00:00+00:00,21.501558303833008,45.07062530517578,46.73200225830078,44.67152786254883,46.34218215942383,1024088.0,SPG,1d
2004-04-30 00:00:00+00:00,21.34659767150879,44.74577713012695,45.608951568603516,44.45805358886719,45.15415954589844,1318547.0,SPG,1d
2004-05-03 00:00:00+00:00,21.69638442993164,45.47901153564453,45.47901153564453,44.207454681396484,44.73649597167969,1128167.0,SPG,1d
2004-05-04 00:00:00+00:00,21.483863830566406,45.03350067138672,45.831703186035156,44.9406852722168,45.47901153564453,1306372.0,SPG,1d
2004-05-05 00:00:00+00:00,20.94365119934082,43.90116882324219,45.36763381958008,43.90116882324219,45.24697494506836,1283638.0,SPG,1d
2004-05-06 00:00:00+00:00,21.173906326293945,44.3838005065918,44.52302169799805,43.334999084472656,43.90116882324219,1175250.0,SPG,1d
2004-05-07 00:00:00+00:00,20.270627975463867,42.49039077758789,43.854759216308594,42.4161376953125,43.62272262573242,1496752.0,SPG,1d
2004-05-10 00:00:00+00:00,20.301620483398438,42.55535888671875,42.9451789855957,41.20027160644531,42.46254348754883,1885916.0,SPG,1d
2004-05-11 00:00:00+00:00,20.376890182495117,42.71314239501953,43.67841339111328,42.30475997924805,42.50895309448242,1494813.0,SPG,1d
2004-05-12 00:00:00+00:00,20.226354598999023,42.39757537841797,42.694580078125,41.66434097290039,42.694580078125,1474018.0,SPG,1d
2004-05-13 00:00:00+00:00,20.28494644165039,41.868534088134766,42.55535888671875,41.34877395629883,41.673622131347656,1104356.0,SPG,1d
2004-05-14 00:00:00+00:00,20.83804702758789,43.01014709472656,43.38140869140625,41.794281005859375,41.99847412109375,1149392.0,SPG,1d
2004-05-17 00:00:00+00:00,21.19330596923828,43.74338150024414,44.346675872802734,42.36973190307617,42.880210876464844,1139480.0,SPG,1d
2004-05-18 00:00:00+00:00,21.50358009338379,44.3838005065918,44.430206298828125,43.669132232666016,43.808353424072266,769062.0,SPG,1d
2004-05-19 00:00:00+00:00,20.78409194946289,42.898773193359375,45.01493835449219,42.87092971801758,44.365238189697266,1551700.0,SPG,1d
2004-05-20 00:00:00+00:00,21.355182647705078,44.0775146484375,44.161048889160156,43.07511901855469,43.11224365234375,867431.0,SPG,1d
2004-05-21 00:00:00+00:00,21.31920051574707,44.00326156616211,44.782901763916016,43.74338150024414,44.086795806884766,1010620.0,SPG,1d
2004-05-24 00:00:00+00:00,21.683446884155273,44.75505828857422,44.87571716308594,44.207454681396484,44.45805358886719,752686.0,SPG,1d
2004-05-25 00:00:00+00:00,22.380441665649414,46.19367980957031,46.19367980957031,44.690086364746094,44.82931137084961,986270.0,SPG,1d
2004-05-26 00:00:00+00:00,22.582805633544922,46.61134338378906,47.24248123168945,45.673919677734375,46.19367980957031,1234077.0,SPG,1d
2004-05-27 00:00:00+00:00,22.920068740844727,47.30745315551758,47.30745315551758,46.629905700683594,46.96403884887695,989179.0,SPG,1d
2004-05-28 00:00:00+00:00,23.18985939025879,47.86433792114258,48.05924987792969,47.24248123168945,47.32601547241211,1429413.0,SPG,1d
2004-06-01 00:00:00+00:00,22.573810577392578,46.59278106689453,47.86433792114258,46.27721405029297,47.86433792114258,1176004.0,SPG,1d
2004-06-02 00:00:00+00:00,23.15839958190918,47.79936981201172,47.79936981201172,46.704158782958984,46.87122344970703,896952.0,SPG,1d
2004-06-03 00:00:00+00:00,22.960525512695312,47.39098358154297,48.031402587890625,47.24248123168945,47.873619079589844,620271.0,SPG,1d
2004-06-04 00:00:00+00:00,23.113422393798828,47.7065544128418,48.226314544677734,47.52092361450195,47.79936981201172,556487.0,SPG,1d
2004-06-07 00:00:00+00:00,23.31578254699707,48.12421798706055,48.2634391784668,47.613739013671875,47.873619079589844,412329.0,SPG,1d
2004-06-08 00:00:00+00:00,23.045970916748047,47.56733322143555,48.2634391784668,47.53020477294922,48.13349914550781,583531.0,SPG,1d
2004-06-09 00:00:00+00:00,22.888578414916992,47.24248123168945,48.05924987792969,47.23320007324219,47.57661437988281,892643.0,SPG,1d
2004-06-10 00:00:00+00:00,22.794158935546875,47.04757308959961,47.493080139160156,46.88978576660156,47.42810821533203,878636.0,SPG,1d
2004-06-14 00:00:00+00:00,22.425418853759766,46.286495208740234,46.87122344970703,45.952362060546875,46.87122344970703,975604.0,SPG,1d
2004-06-15 00:00:00+00:00,22.99651336669922,47.46523666381836,47.69727325439453,46.47212219238281,46.47212219238281,952547.0,SPG,1d
2004-06-16 00:00:00+00:00,23.045970916748047,47.56733322143555,47.678707122802734,46.899070739746094,47.43739318847656,750962.0,SPG,1d
2004-06-17 00:00:00+00:00,23.30678939819336,48.105655670166016,48.16134262084961,47.27960968017578,47.56733322143555,715515.0,SPG,1d
2004-06-18 00:00:00+00:00,23.51813507080078,48.5418815612793,48.662540435791016,47.892181396484375,47.90146255493164,1164583.0,SPG,1d
2004-06-21 00:00:00+00:00,23.374238967895508,48.244876861572266,48.2634391784668,47.41883087158203,48.031402587890625,4322179.0,SPG,1d
2004-06-22 00:00:00+00:00,23.30678939819336,48.105655670166016,48.328407287597656,47.64158248901367,48.244876861572266,1710728.0,SPG,1d
2004-06-23 00:00:00+00:00,23.360736846923828,48.21703338623047,48.328407287597656,47.9385871887207,48.105655670166016,1816099.0,SPG,1d
2004-06-24 00:00:00+00:00,23.203365325927734,47.892181396484375,48.42122268676758,47.79008483886719,48.2077522277832,1051454.0,SPG,1d
2004-06-25 00:00:00+00:00,23.428205490112305,48.35625457763672,48.35625457763672,47.910743713378906,47.9849967956543,1458073.0,SPG,1d
2004-06-28 00:00:00+00:00,23.572101593017578,48.65325927734375,48.72751235961914,47.9385871887207,48.309844970703125,945652.0,SPG,1d
2004-06-29 00:00:00+00:00,22.897571563720703,47.261043548583984,48.65325927734375,47.25176239013672,48.65325927734375,1378775.0,SPG,1d
2004-06-30 00:00:00+00:00,23.122419357299805,47.72511672973633,47.79936981201172,46.8805046081543,47.474517822265625,1196798.0,SPG,1d
2004-07-01 00:00:00+00:00,23.001005172729492,47.474517822265625,47.9385871887207,47.01044464111328,47.72511672973633,899430.0,SPG,1d
2004-07-02 00:00:00+00:00,23.4776611328125,48.45834732055664,48.45834732055664,47.52092361450195,47.7065544128418,1308203.0,SPG,1d
2004-07-06 00:00:00+00:00,23.405712127685547,48.309844970703125,48.47691345214844,47.6601448059082,48.45834732055664,851485.0,SPG,1d
2004-07-07 00:00:00+00:00,23.572101593017578,48.65325927734375,48.75535583496094,48.170623779296875,48.384098052978516,867539.0,SPG,1d
2004-07-08 00:00:00+00:00,23.15839958190918,47.79936981201172,48.8203239440918,47.79936981201172,48.77391815185547,830152.0,SPG,1d
2004-07-09 00:00:00+00:00,23.149391174316406,47.78080368041992,48.12421798706055,47.48379898071289,47.9849967956543,885639.0,SPG,1d
2004-07-12 00:00:00+00:00,23.441688537597656,48.384098052978516,48.588287353515625,47.474517822265625,47.910743713378906,652593.0,SPG,1d
2004-07-13 00:00:00+00:00,23.203365325927734,47.892181396484375,48.43978500366211,47.84577560424805,48.384098052978516,532138.0,SPG,1d
2004-07-14 00:00:00+00:00,23.446184158325195,48.39337921142578,48.39337921142578,47.90146255493164,47.90146255493164,519101.0,SPG,1d
2004-07-15 00:00:00+00:00,23.630556106567383,48.77391815185547,48.93170166015625,48.384098052978516,48.449066162109375,768201.0,SPG,1d
2004-07-16 00:00:00+00:00,23.702497482299805,48.922420501708984,49.432899475097656,48.77391815185547,49.00595474243164,760659.0,SPG,1d
2004-07-19 00:00:00+00:00,23.98130226135254,49.497867584228516,49.59068298339844,48.91313934326172,49.0987663269043,654640.0,SPG,1d
2004-07-20 00:00:00+00:00,23.810422897338867,49.14517593383789,49.74846649169922,49.00595474243164,49.60924530029297,953517.0,SPG,1d
2004-07-21 00:00:00+00:00,23.419204711914062,48.33769226074219,49.37721252441406,48.21703338623047,49.37721252441406,792981.0,SPG,1d
2004-07-22 00:00:00+00:00,22.704214096069336,46.861942291259766,48.2634391784668,46.861942291259766,48.12421798706055,852347.0,SPG,1d
2004-07-23 00:00:00+00:00,22.461387634277344,46.36074447631836,46.96403884887695,46.36074447631836,46.73200225830078,853532.0,SPG,1d
2004-07-26 00:00:00+00:00,22.11513900756836,45.64607620239258,46.40715408325195,45.59038543701172,46.31433868408203,775096.0,SPG,1d
2004-07-27 00:00:00+00:00,22.19158363342285,45.80385971069336,46.03589630126953,45.45116424560547,45.64607620239258,916669.0,SPG,1d
2004-07-28 00:00:00+00:00,22.474884033203125,46.38859176635742,46.64847183227539,45.15415954589844,45.57182312011719,1056195.0,SPG,1d
2004-07-29 00:00:00+00:00,22.821136474609375,47.1032600402832,47.335296630859375,46.45355987548828,46.45355987548828,960412.0,SPG,1d
2004-07-30 00:00:00+00:00,23.207860946655273,47.90146255493164,47.9571533203125,47.140384674072266,47.140384674072266,1288487.0,SPG,1d
2004-08-02 00:00:00+00:00,23.832910537719727,49.19158172607422,49.275115966796875,47.80864715576172,47.873619079589844,1184947.0,SPG,1d
2004-08-03 00:00:00+00:00,24.23761558532715,50.026912689208984,50.13828659057617,49.015235900878906,49.19158172607422,1546206.0,SPG,1d
2004-08-04 00:00:00+00:00,24.359025955200195,50.27751159667969,51.0107421875,49.42361831665039,49.70206069946289,723811.0,SPG,1d
2004-08-05 00:00:00+00:00,23.855390548706055,49.23798751831055,50.231101989746094,48.72751235961914,50.231101989746094,904171.0,SPG,1d
2004-08-06 00:00:00+00:00,23.832910537719727,49.19158172607422,50.21253967285156,48.95026397705078,49.33080291748047,791796.0,SPG,1d
2004-08-09 00:00:00+00:00,23.95431900024414,49.44218063354492,49.79487609863281,48.86673355102539,49.37721252441406,496475.0,SPG,1d
2004-08-10 00:00:00+00:00,24.021772384643555,49.58140182495117,49.850563049316406,49.50715255737305,49.74846649169922,661967.0,SPG,1d
2004-08-11 00:00:00+00:00,23.96331787109375,49.46074295043945,49.74846649169922,49.19158172607422,49.58140182495117,442281.0,SPG,1d
2004-08-12 00:00:00+00:00,23.8958683013916,49.3215217590332,49.47002410888672,48.90385818481445,49.256553649902344,622102.0,SPG,1d
2004-08-13 00:00:00+00:00,23.982585906982422,48.848167419433594,49.10804748535156,48.28200149536133,48.77391815185547,516407.0,SPG,1d
2004-08-16 00:00:00+00:00,24.265106201171875,49.42361831665039,49.42361831665039,48.5418815612793,48.63469696044922,383885.0,SPG,1d
2004-08-17 00:00:00+00:00,24.292457580566406,49.479305267333984,50.10116195678711,49.275115966796875,49.42361831665039,795675.0,SPG,1d
2004-08-18 00:00:00+00:00,24.584087371826172,50.07331848144531,50.110443115234375,49.340084075927734,49.479305267333984,888117.0,SPG,1d
2004-08-19 00:00:00+00:00,24.11017608642578,49.10804748535156,49.98050308227539,48.922420501708984,49.98050308227539,607665.0,SPG,1d
2004-08-20 00:00:00+00:00,24.761808395385742,50.43529510498047,50.43529510498047,49.414337158203125,49.414337158203125,1204771.0,SPG,1d
2004-08-23 00:00:00+00:00,25.003311157226562,50.92721176147461,51.075714111328125,50.21253967285156,50.444576263427734,1156934.0,SPG,1d
2004-08-24 00:00:00+00:00,25.445323944091797,51.827510833740234,51.827510833740234,50.97361755371094,51.02930450439453,1661166.0,SPG,1d
2004-08-25 00:00:00+00:00,25.404315948486328,51.74397659301758,51.76253890991211,51.42840576171875,51.558345794677734,1224596.0,SPG,1d
2004-08-26 00:00:00+00:00,25.404315948486328,51.74397659301758,51.93888473510742,51.651161193847656,51.74397659301758,1325334.0,SPG,1d
2004-08-27 00:00:00+00:00,25.226600646972656,51.38199996948242,51.74397659301758,51.30774688720703,51.74397659301758,937571.0,SPG,1d
2004-08-30 00:00:00+00:00,25.390636444091797,51.716129302978516,51.771820068359375,51.214935302734375,51.511940002441406,596675.0,SPG,1d
2004-08-31 00:00:00+00:00,25.49545669555664,51.929603576660156,52.115234375,51.54906463623047,51.8182258605957,1228690.0,SPG,1d
2004-09-01 00:00:00+00:00,25.267616271972656,51.46553421020508,52.16164016723633,51.233497619628906,51.976009368896484,1030121.0,SPG,1d
2004-09-02 00:00:00+00:00,25.372421264648438,51.67900466918945,51.790382385253906,51.18709182739258,51.511940002441406,761521.0,SPG,1d
2004-09-03 00:00:00+00:00,25.58658790588379,52.115234375,52.263736724853516,51.64188003540039,51.67900466918945,682869.0,SPG,1d
2004-09-07 00:00:00+00:00,25.791643142700195,52.53289794921875,52.53289794921875,51.976009368896484,52.07810592651367,604648.0,SPG,1d
2004-09-08 00:00:00+00:00,25.768863677978516,52.486488342285156,52.681400299072266,52.263736724853516,52.57930374145508,535586.0,SPG,1d
2004-09-09 00:00:00+00:00,24.92586326599121,50.76942443847656,52.449363708496094,50.59307861328125,52.449363708496094,2039664.0,SPG,1d
2004-09-10 00:00:00+00:00,24.807382583618164,50.528106689453125,50.7601432800293,50.19397735595703,50.7601432800293,1062121.0,SPG,1d
2004-09-13 00:00:00+00:00,24.7116756439209,50.33319854736328,50.528106689453125,49.60924530029297,50.528106689453125,1415299.0,SPG,1d
2004-09-14 00:00:00+00:00,24.57953453063965,50.06403732299805,50.39816665649414,49.93409729003906,50.33319854736328,2001416.0,SPG,1d
2004-09-15 00:00:00+00:00,24.492948532104492,49.887691497802734,50.21253967285156,49.73918533325195,50.07331848144531,1551485.0,SPG,1d
2004-09-16 00:00:00+00:00,24.816484451293945,50.54667282104492,50.54667282104492,49.99906539916992,50.026912689208984,1193458.0,SPG,1d
2004-09-17 00:00:00+00:00,24.843833923339844,50.602359771728516,50.61164093017578,50.33319854736328,50.54667282104492,2078559.0,SPG,1d
2004-09-20 00:00:00+00:00,24.565866470336914,50.03619384765625,50.4817008972168,50.00834655761719,50.4817008972168,890595.0,SPG,1d
2004-09-21 00:00:00+00:00,24.58864402770996,50.08259963989258,50.28679275512695,49.79487609863281,50.03619384765625,1580683.0,SPG,1d
2004-09-22 00:00:00+00:00,24.625106811523438,50.15685272216797,50.444576263427734,49.887691497802734,49.93409729003906,1563337.0,SPG,1d
2004-09-23 00:00:00+00:00,24.36991310119629,49.63709259033203,50.21253967285156,49.54427719116211,50.15685272216797,919686.0,SPG,1d
2004-09-24 00:00:00+00:00,24.424602508544922,49.74846649169922,49.8784065246582,49.479305267333984,49.6463737487793,683084.0,SPG,1d
2004-09-27 00:00:00+00:00,24.424602508544922,49.74846649169922,49.813438415527344,49.553558349609375,49.757747650146484,651516.0,SPG,1d
2004-09-28 00:00:00+00:00,24.50206756591797,49.906253814697266,49.906253814697266,49.46074295043945,49.74846649169922,1012236.0,SPG,1d
2004-09-29 00:00:00+00:00,24.265106201171875,49.42361831665039,49.93409729003906,49.24727249145508,49.813438415527344,1203155.0,SPG,1d
2004-09-30 00:00:00+00:00,24.43826675415039,49.77631378173828,49.79487609863281,49.349365234375,49.54427719116211,1401077.0,SPG,1d
2004-10-01 00:00:00+00:00,24.957752227783203,50.83439636230469,51.04786682128906,49.60924530029297,49.77631378173828,1377697.0,SPG,1d
2004-10-04 00:00:00+00:00,25.016979217529297,50.955055236816406,51.32630920410156,50.89008331298828,51.04786682128906,1153378.0,SPG,1d
2004-10-05 00:00:00+00:00,25.135469436645508,51.19636917114258,51.25205993652344,50.63020324707031,50.815834045410156,1050161.0,SPG,1d
2004-10-06 00:00:00+00:00,25.431655883789062,51.79966354370117,51.85535430908203,51.2613410949707,51.279903411865234,1229983.0,SPG,1d
2004-10-07 00:00:00+00:00,25.18559455871582,51.298465728759766,51.836788177490234,51.22421646118164,51.836788177490234,807419.0,SPG,1d
2004-10-08 00:00:00+00:00,25.381532669067383,51.697566986083984,51.88319778442383,51.34487533569336,51.38199996948242,971294.0,SPG,1d
2004-10-11 00:00:00+00:00,25.445323944091797,51.827510833740234,51.976009368896484,51.372718811035156,51.74397659301758,881545.0,SPG,1d
2004-10-12 00:00:00+00:00,25.58203125,52.10594940185547,52.115234375,51.511940002441406,51.511940002441406,1479513.0,SPG,1d
2004-10-13 00:00:00+00:00,25.623048782348633,52.189483642578125,52.263736724853516,51.929603576660156,52.208045959472656,1821810.0,SPG,1d
2004-10-14 00:00:00+00:00,25.98658561706543,52.51433563232422,52.82990264892578,52.10594940185547,52.16164016723633,3248745.0,SPG,1d
2004-10-15 00:00:00+00:00,26.213274002075195,52.588584899902344,52.65355682373047,52.245174407958984,52.44008255004883,1407865.0,SPG,1d
2004-10-18 00:00:00+00:00,26.527875900268555,53.219722747802734,53.433197021484375,52.70924377441406,52.76493453979492,1365307.0,SPG,1d
2004-10-19 00:00:00+00:00,26.39371681213379,52.9505615234375,53.66523361206055,52.90415573120117,53.275413513183594,1060505.0,SPG,1d
2004-10-20 00:00:00+00:00,26.42146873474121,53.006248474121094,53.173316955566406,51.88319778442383,52.99696731567383,1407865.0,SPG,1d
2004-10-21 00:00:00+00:00,26.749948501586914,53.66523361206055,53.73948287963867,52.62571334838867,53.006248474121094,1286332.0,SPG,1d
2004-10-22 00:00:00+00:00,26.634275436401367,53.433197021484375,54.02720642089844,53.19187927246094,53.66523361206055,1160597.0,SPG,1d
2004-10-25 00:00:00+00:00,26.449230194091797,53.06193923950195,53.36822509765625,52.820621490478516,53.22900390625,837910.0,SPG,1d
2004-10-26 00:00:00+00:00,26.92111587524414,54.008644104003906,54.008644104003906,52.88559341430664,53.13618850708008,1109635.0,SPG,1d
2004-10-27 00:00:00+00:00,26.907238006591797,53.98080062866211,54.342777252197266,53.67451477050781,53.925113677978516,1067723.0,SPG,1d
2004-10-28 00:00:00+00:00,26.995140075683594,54.15714645385742,54.29636764526367,53.87870407104492,53.990081787109375,1484685.0,SPG,1d
2004-10-29 00:00:00+00:00,26.981271743774414,54.129302978515625,54.43559265136719,53.98080062866211,54.15714645385742,945975.0,SPG,1d
2004-11-01 00:00:00+00:00,27.582693099975586,55.33588790893555,55.437984466552734,54.24068069458008,54.389183044433594,1307126.0,SPG,1d
2004-11-02 00:00:00+00:00,27.43001937866211,55.02960205078125,55.79996109008789,54.99247741699219,55.64217758178711,1424780.0,SPG,1d
2004-11-03 00:00:00+00:00,27.68910789489746,55.54936218261719,55.98558807373047,55.35445022583008,55.82780456542969,1175465.0,SPG,1d
2004-11-04 00:00:00+00:00,27.888042449951172,55.948463439941406,56.069122314453125,55.41014099121094,55.54936218261719,1708788.0,SPG,1d
2004-11-05 00:00:00+00:00,26.694427490234375,53.553855895996094,55.98558807373047,53.2568473815918,55.98558807373047,2505325.0,SPG,1d
2004-11-08 00:00:00+00:00,27.152423858642578,54.47271728515625,54.621219635009766,53.52600860595703,53.73948287963867,990365.0,SPG,1d
2004-11-09 00:00:00+00:00,27.018281936645508,54.203556060791016,54.57481384277344,54.008644104003906,54.47271728515625,919901.0,SPG,1d
2004-11-10 00:00:00+00:00,27.258859634399414,54.686187744140625,55.20594787597656,54.064334869384766,54.43559265136719,945328.0,SPG,1d
2004-11-11 00:00:00+00:00,27.679855346679688,55.530799865722656,55.530799865722656,54.899662017822266,54.92750549316406,1198307.0,SPG,1d
2004-11-12 00:00:00+00:00,28.549617767333984,57.27570724487305,57.29426956176758,55.40085983276367,55.61433029174805,2088687.0,SPG,1d
2004-11-15 00:00:00+00:00,28.841745376586914,57.61912155151367,57.749061584472656,57.27570724487305,57.27570724487305,1499984.0,SPG,1d
2004-11-16 00:00:00+00:00,28.502601623535156,56.94157791137695,57.9161262512207,56.783790588378906,57.61912155151367,1539633.0,SPG,1d
2004-11-17 00:00:00+00:00,27.68956756591797,55.317325592041016,57.3592414855957,55.05744552612305,57.09008026123047,1395259.0,SPG,1d
2004-11-18 00:00:00+00:00,27.926515579223633,55.790679931640625,56.2547492980957,54.621219635009766,55.33588790893555,1179667.0,SPG,1d
2004-11-19 00:00:00+00:00,27.71744155883789,55.373016357421875,55.68858337402344,54.946067810058594,55.68858337402344,2264629.0,SPG,1d
2004-11-22 00:00:00+00:00,27.65240478515625,55.24307632446289,55.68858337402344,55.04816436767578,55.224510192871094,1300446.0,SPG,1d
2004-11-23 00:00:00+00:00,28.260995864868164,56.45894241333008,56.51462936401367,55.30804443359375,55.595767974853516,1243558.0,SPG,1d
2004-11-24 00:00:00+00:00,28.776714324951172,57.48918151855469,57.77690505981445,56.52391052246094,56.52391052246094,1054148.0,SPG,1d
2004-11-26 00:00:00+00:00,28.5537052154541,57.04367446899414,57.814029693603516,57.04367446899414,57.40564727783203,394336.0,SPG,1d
2004-11-29 00:00:00+00:00,28.53975486755371,57.01582717895508,57.452056884765625,56.61672592163086,57.052955627441406,1190441.0,SPG,1d
2004-11-30 00:00:00+00:00,28.841745376586914,57.61912155151367,57.61912155151367,56.65385055541992,57.12720489501953,907188.0,SPG,1d
2004-12-01 00:00:00+00:00,29.478240966796875,58.89067840576172,59.16912078857422,57.22930145263672,57.77690505981445,1254117.0,SPG,1d
2004-12-02 00:00:00+00:00,29.055461883544922,58.04606628417969,58.89067840576172,57.49846267700195,58.89067840576172,1400969.0,SPG,1d
2004-12-03 00:00:00+00:00,29.617626190185547,59.16912078857422,59.16912078857422,58.2409782409668,58.2409782409668,996183.0,SPG,1d
2004-12-06 00:00:00+00:00,29.733766555786133,59.40115737915039,59.92091751098633,58.686485290527344,59.122711181640625,1292796.0,SPG,1d
2004-12-07 00:00:00+00:00,29.292415618896484,58.5194206237793,59.40115737915039,58.5194206237793,59.40115737915039,992627.0,SPG,1d
2004-12-08 00:00:00+00:00,29.399267196655273,58.73289489746094,59.104148864746094,58.1945686340332,58.5194206237793,1349792.0,SPG,1d
2004-12-09 00:00:00+00:00,29.812744140625,59.55894088745117,59.55894088745117,58.33378982543945,58.65864181518555,898784.0,SPG,1d
2004-12-10 00:00:00+00:00,29.970714569091797,59.874507904052734,60.63558578491211,59.25265121459961,60.63558578491211,610897.0,SPG,1d
2004-12-13 00:00:00+00:00,30.189062118530273,60.31073760986328,60.524208068847656,59.874507904052734,59.874507904052734,800092.0,SPG,1d
2004-12-14 00:00:00+00:00,29.966060638427734,59.86522674560547,60.28289031982422,59.6331901550293,59.81882095336914,1064060.0,SPG,1d
2004-12-15 00:00:00+00:00,30.105438232421875,60.14366912841797,60.51492691040039,59.49396896362305,60.05085754394531,693535.0,SPG,1d
2004-12-16 00:00:00+00:00,29.75698471069336,59.44756317138672,60.26432800292969,59.44756317138672,60.14366912841797,1225027.0,SPG,1d
2004-12-17 00:00:00+00:00,30.045040130615234,60.02301025390625,60.19007873535156,58.760738372802734,59.456844329833984,1340634.0,SPG,1d
2004-12-20 00:00:00+00:00,30.128662109375,60.19007873535156,60.42211151123047,59.62390899658203,60.05085754394531,725750.0,SPG,1d
2004-12-21 00:00:00+00:00,30.3609619140625,60.65414810180664,60.88618469238281,60.14366912841797,60.32929992675781,831553.0,SPG,1d
2004-12-22 00:00:00+00:00,30.15190315246582,60.23648452758789,61.136783599853516,60.09726333618164,60.663429260253906,1160705.0,SPG,1d
2004-12-23 00:00:00+00:00,29.673368453979492,59.28049850463867,60.700557708740234,59.02989959716797,60.42211151123047,1305510.0,SPG,1d
2004-12-27 00:00:00+00:00,29.63155746459961,59.196964263916016,59.56822204589844,58.78858184814453,59.21552658081055,529552.0,SPG,1d
2004-12-28 00:00:00+00:00,29.826675415039062,59.58678436279297,59.6053466796875,59.18768310546875,59.21552658081055,741804.0,SPG,1d
2004-12-29 00:00:00+00:00,30.1983585357666,60.32929992675781,60.42211151123047,59.521812438964844,59.5775032043457,631153.0,SPG,1d
2004-12-30 00:00:00+00:00,30.1983585357666,60.32929992675781,60.60774230957031,60.208641052246094,60.32929992675781,774773.0,SPG,1d
2004-12-31 00:00:00+00:00,30.045040130615234,60.02301025390625,60.72840118408203,60.02301025390625,60.37570571899414,785332.0,SPG,1d
2005-01-03 00:00:00+00:00,29.710538864135742,59.3547477722168,60.88618469238281,59.21552658081055,60.88618469238281,1449561.0,SPG,1d
2005-01-04 00:00:00+00:00,29.38532257080078,58.705047607421875,60.17151641845703,58.67720413208008,59.54037857055664,1046929.0,SPG,1d
2005-01-05 00:00:00+00:00,28.084470748901367,56.10624694824219,58.93708419799805,56.10624694824219,58.844268798828125,2466215.0,SPG,1d
2005-01-06 00:00:00+00:00,28.335350036621094,56.607444763183594,56.93229675292969,55.93918228149414,56.05984115600586,1563983.0,SPG,1d
2005-01-07 00:00:00+00:00,28.46080207824707,56.8580436706543,57.84187698364258,56.49606704711914,57.452056884765625,969355.0,SPG,1d
2005-01-10 00:00:00+00:00,28.43755531311035,56.81163787841797,57.108642578125,56.208343505859375,56.84876251220703,870124.0,SPG,1d
2005-01-11 00:00:00+00:00,28.205272674560547,56.347564697265625,56.96942138671875,56.05984115600586,56.8302001953125,1035832.0,SPG,1d
2005-01-12 00:00:00+00:00,28.07053565979004,56.07840347290039,56.347564697265625,54.85325622558594,56.347564697265625,1546421.0,SPG,1d
2005-01-13 00:00:00+00:00,28.395748138427734,56.72810363769531,58.18528747558594,56.09696578979492,56.09696578979492,1409266.0,SPG,1d
2005-01-14 00:00:00+00:00,28.85569190979004,57.64696502685547,57.76762390136719,56.71882247924805,56.71882247924805,838772.0,SPG,1d
2005-01-18 00:00:00+00:00,29.18553924560547,58.305946350097656,58.305946350097656,57.18289566040039,57.56343460083008,743420.0,SPG,1d
2005-01-19 00:00:00+00:00,29.222726821899414,58.38019943237305,59.113433837890625,58.12031936645508,58.445167541503906,961059.0,SPG,1d
2005-01-20 00:00:00+00:00,29.074054718017578,58.083194732666016,58.38019943237305,57.72121810913086,58.287384033203125,1099292.0,SPG,1d
2005-01-21 00:00:00+00:00,28.82781410217285,57.591278076171875,58.500858306884766,57.591278076171875,57.9625358581543,1059319.0,SPG,1d
2005-01-24 00:00:00+00:00,28.409683227539062,56.75594711303711,58.148162841796875,56.75594711303711,57.869720458984375,1015468.0,SPG,1d
2005-01-25 00:00:00+00:00,27.86146354675293,55.66073989868164,57.257144927978516,55.66073989868164,57.22930145263672,1384916.0,SPG,1d
2005-01-26 00:00:00+00:00,27.87540626525879,55.68858337402344,55.874210357666016,55.233795166015625,55.61433029174805,1106295.0,SPG,1d
2005-01-27 00:00:00+00:00,27.424747467041016,54.78828430175781,55.68858337402344,54.667625427246094,55.50295639038086,890488.0,SPG,1d
2005-01-28 00:00:00+00:00,27.657052993774414,55.252357482910156,55.298763275146484,54.56553268432617,55.178104400634766,1034323.0,SPG,1d
2005-01-31 00:00:00+00:00,27.550193786621094,55.038883209228516,55.86492919921875,54.10145950317383,55.4751091003418,1137971.0,SPG,1d
2005-02-01 00:00:00+00:00,27.898624420166016,55.734989166259766,55.911338806152344,54.92750549316406,55.298763275146484,1677759.0,SPG,1d
2005-02-02 00:00:00+00:00,28.479368209838867,56.89516830444336,56.92301559448242,55.60504913330078,55.68858337402344,1136032.0,SPG,1d
2005-02-03 00:00:00+00:00,28.5537052154541,57.04367446899414,57.377803802490234,56.52391052246094,56.89516830444336,1034000.0,SPG,1d
2005-02-04 00:00:00+00:00,29.12049674987793,58.17600631713867,58.47301483154297,57.470619201660156,57.9161262512207,1829136.0,SPG,1d
2005-02-07 00:00:00+00:00,29.069406509399414,58.073909759521484,58.621517181396484,58.073909759521484,58.352352142333984,934662.0,SPG,1d
2005-02-08 00:00:00+00:00,29.35280418395996,58.640079498291016,58.90924072265625,58.31522750854492,58.426605224609375,1649853.0,SPG,1d
2005-02-09 00:00:00+00:00,29.617626190185547,59.16912078857422,59.16912078857422,58.41732406616211,58.640079498291016,865061.0,SPG,1d
2005-02-10 00:00:00+00:00,29.914949417114258,59.76313018798828,59.948760986328125,58.97420883178711,59.16912078857422,1112867.0,SPG,1d
2005-02-11 00:00:00+00:00,30.161191940307617,60.25504684448242,60.32001876831055,59.50325012207031,59.86522674560547,902878.0,SPG,1d
2005-02-14 00:00:00+00:00,30.23551368713379,60.40354919433594,60.79336929321289,60.06013870239258,60.31073760986328,963214.0,SPG,1d
2005-02-15 00:00:00+00:00,30.29128074645996,60.51492691040039,60.561336517333984,59.893070220947266,60.4128303527832,1060828.0,SPG,1d
2005-02-16 00:00:00+00:00,30.13813591003418,59.51253128051758,60.17151641845703,59.0763053894043,59.95804214477539,1270925.0,SPG,1d
2005-02-17 00:00:00+00:00,30.105234146118164,59.44756317138672,59.78169631958008,59.336185455322266,59.67959976196289,734585.0,SPG,1d
2005-02-18 00:00:00+00:00,29.766820907592773,58.779300689697266,59.44756317138672,58.39876174926758,59.44756317138672,942096.0,SPG,1d
2005-02-22 00:00:00+00:00,29.08057403564453,57.42420959472656,58.426605224609375,57.14576721191406,58.287384033203125,1318008.0,SPG,1d
2005-02-23 00:00:00+00:00,29.235681533813477,57.730499267578125,57.99966049194336,57.32211685180664,57.572715759277344,1515391.0,SPG,1d
2005-02-24 00:00:00+00:00,29.089984893798828,57.44277572631836,57.87900161743164,57.01582717895508,57.82331466674805,985193.0,SPG,1d
2005-02-25 00:00:00+00:00,29.766820907592773,58.779300689697266,58.844268798828125,57.29426956176758,57.312835693359375,1156072.0,SPG,1d
2005-02-28 00:00:00+00:00,29.12286949157715,57.50774383544922,58.7978630065918,57.44277572631836,58.7978630065918,1383623.0,SPG,1d
2005-03-01 00:00:00+00:00,29.216876983642578,57.69337463378906,57.9625358581543,57.3870849609375,57.517024993896484,1255949.0,SPG,1d
2005-03-02 00:00:00+00:00,29.179285049438477,57.61912155151367,57.87900161743164,56.904449462890625,57.66552734375,1092181.0,SPG,1d
2005-03-03 00:00:00+00:00,29.179285049438477,57.61912155151367,57.869720458984375,57.1364860534668,57.674808502197266,871310.0,SPG,1d
2005-03-04 00:00:00+00:00,29.73390769958496,58.71432876586914,58.899959564208984,57.97181701660156,58.38019943237305,852563.0,SPG,1d
2005-03-07 00:00:00+00:00,29.870220184326172,58.98349380493164,59.49396896362305,58.48229217529297,58.7978630065918,753332.0,SPG,1d
2005-03-08 00:00:00+00:00,29.442485809326172,58.13888168334961,58.93708419799805,57.888282775878906,58.93708419799805,866246.0,SPG,1d
2005-03-09 00:00:00+00:00,28.45073699951172,56.18050003051758,57.92540740966797,56.069122314453125,57.9161262512207,1475635.0,SPG,1d
2005-03-10 00:00:00+00:00,29.0429744720459,57.34996032714844,57.34996032714844,56.33828353881836,56.41253662109375,1286763.0,SPG,1d
2005-03-11 00:00:00+00:00,28.46953773498535,56.21762466430664,57.312835693359375,56.10624694824219,57.257144927978516,819378.0,SPG,1d
2005-03-14 00:00:00+00:00,28.9395694732666,57.14576721191406,57.26642608642578,55.994869232177734,56.12480926513672,757857.0,SPG,1d
2005-03-15 00:00:00+00:00,28.836156845092773,56.94157791137695,57.9161262512207,56.626007080078125,57.21073913574219,724996.0,SPG,1d
2005-03-16 00:00:00+00:00,28.36614990234375,56.01343536376953,56.904449462890625,55.93918228149414,56.89516830444336,629644.0,SPG,1d
2005-03-17 00:00:00+00:00,28.98185920715332,57.22930145263672,57.34996032714844,56.19906234741211,56.19906234741211,994351.0,SPG,1d
2005-03-18 00:00:00+00:00,29.212173461914062,57.68408966064453,57.749061584472656,57.22002029418945,57.3592414855957,1801231.0,SPG,1d
2005-03-21 00:00:00+00:00,29.033567428588867,57.331398010253906,57.72121810913086,57.238582611083984,57.68408966064453,1060720.0,SPG,1d
2005-03-22 00:00:00+00:00,28.281538009643555,55.84636688232422,58.32450866699219,55.83708572387695,57.452056884765625,1269309.0,SPG,1d
2005-03-23 00:00:00+00:00,28.159324645996094,55.60504913330078,56.41253662109375,55.20594787597656,55.68858337402344,1315099.0,SPG,1d
2005-03-24 00:00:00+00:00,28.286231994628906,55.855648040771484,56.77450942993164,55.82780456542969,55.82780456542969,809681.0,SPG,1d
2005-03-28 00:00:00+00:00,28.1217098236084,55.530799865722656,56.189781188964844,55.4751091003418,55.948463439941406,737063.0,SPG,1d
2005-03-29 00:00:00+00:00,28.394338607788086,56.069122314453125,56.49606704711914,55.456546783447266,55.577205657958984,996290.0,SPG,1d
2005-03-30 00:00:00+00:00,28.68575096130371,56.644569396972656,56.644569396972656,55.96702575683594,56.087684631347656,1121702.0,SPG,1d
2005-03-31 00:00:00+00:00,28.474245071411133,56.226905822753906,56.93229675292969,56.15265655517578,56.63528823852539,1231599.0,SPG,1d
2005-04-01 00:00:00+00:00,28.323835372924805,55.929901123046875,57.34996032714844,55.493675231933594,57.26642608642578,1568724.0,SPG,1d
2005-04-04 00:00:00+00:00,28.11231231689453,55.512237548828125,55.96702575683594,55.02960205078125,55.96702575683594,1407003.0,SPG,1d
2005-04-05 00:00:00+00:00,27.99951934814453,55.28948211669922,55.670021057128906,55.04816436767578,55.54936218261719,818624.0,SPG,1d
2005-04-06 00:00:00+00:00,28.178115844726562,55.64217758178711,55.96702575683594,55.18738555908203,55.50295639038086,653994.0,SPG,1d
2005-04-07 00:00:00+00:00,28.46483039855957,56.208343505859375,56.37540817260742,55.48439025878906,55.54936218261719,770786.0,SPG,1d
2005-04-08 00:00:00+00:00,28.31913185119629,55.92061996459961,56.329002380371094,55.874210357666016,56.19906234741211,533969.0,SPG,1d
2005-04-11 00:00:00+00:00,28.286231994628906,55.855648040771484,56.04127883911133,55.75355529785156,55.96702575683594,517700.0,SPG,1d
2005-04-12 00:00:00+00:00,28.82205581665039,56.91373062133789,57.099361419677734,55.50295639038086,55.76283645629883,1023657.0,SPG,1d
2005-04-13 00:00:00+00:00,29.089984893798828,57.44277572631836,57.66552734375,56.978702545166016,56.978702545166016,979914.0,SPG,1d
2005-04-14 00:00:00+00:00,29.019481658935547,57.30355453491211,57.54486846923828,57.173614501953125,57.26642608642578,1329321.0,SPG,1d
2005-04-15 00:00:00+00:00,28.911373138427734,57.09008026123047,57.62840270996094,56.93229675292969,57.40564727783203,963968.0,SPG,1d
2005-04-18 00:00:00+00:00,29.033567428588867,57.331398010253906,57.48918151855469,56.63528823852539,57.26642608642578,842004.0,SPG,1d
2005-04-19 00:00:00+00:00,29.066482543945312,57.396366119384766,57.47990036010742,57.09008026123047,57.26642608642578,1101554.0,SPG,1d
2005-04-20 00:00:00+00:00,29.005367279052734,57.27570724487305,57.535587310791016,56.94157791137695,57.396366119384766,872387.0,SPG,1d
2005-04-21 00:00:00+00:00,29.273296356201172,57.80474853515625,57.80474853515625,57.14576721191406,57.49846267700195,1011051.0,SPG,1d
2005-04-22 00:00:00+00:00,29.55999755859375,58.37091827392578,58.584388732910156,57.69337463378906,57.730499267578125,1041003.0,SPG,1d
2005-04-25 00:00:00+00:00,29.86551856994629,58.97420883178711,59.15983963012695,58.343074798583984,58.705047607421875,949315.0,SPG,1d
2005-04-26 00:00:00+00:00,29.870220184326172,58.98349380493164,59.34546661376953,58.73289489746094,58.97420883178711,859997.0,SPG,1d
2005-04-27 00:00:00+00:00,30.203950881958008,59.64247131347656,59.76313018798828,58.75145721435547,59.02989959716797,820994.0,SPG,1d
2005-04-28 00:00:00+00:00,30.11463737487793,59.46612548828125,59.56822204589844,58.93708419799805,59.34546661376953,958473.0,SPG,1d
2005-04-29 00:00:00+00:00,31.054691314697266,61.322410583496094,61.322410583496094,59.456844329833984,60.00444793701172,1601908.0,SPG,1d
2005-05-02 00:00:00+00:00,31.068784713745117,61.350257873535156,61.767921447753906,60.923309326171875,61.767921447753906,1490503.0,SPG,1d
2005-05-03 00:00:00+00:00,31.059383392333984,61.33169174194336,61.489479064941406,60.88618469238281,61.350257873535156,1238710.0,SPG,1d
2005-05-04 00:00:00+00:00,31.397811889648438,61.99995422363281,62.83528518676758,60.941871643066406,61.34097671508789,1058350.0,SPG,1d
2005-05-05 00:00:00+00:00,31.557613372802734,62.31552505493164,62.82600402832031,61.814327239990234,61.99995422363281,1291827.0,SPG,1d
2005-05-06 00:00:00+00:00,31.115793228149414,61.44306945800781,62.092769622802734,61.07181167602539,62.092769622802734,1565384.0,SPG,1d
2005-05-09 00:00:00+00:00,31.975942611694336,63.141571044921875,63.16941833496094,61.31312942504883,61.44306945800781,1494813.0,SPG,1d
2005-05-10 00:00:00+00:00,31.928932189941406,63.04875946044922,63.141571044921875,62.3712158203125,63.141571044921875,1094120.0,SPG,1d
2005-05-11 00:00:00+00:00,32.14985656738281,63.4849853515625,63.57780075073242,62.3804931640625,63.04875946044922,1063090.0,SPG,1d
2005-05-12 00:00:00+00:00,31.961849212646484,63.11372756958008,64.0418701171875,63.076602935791016,63.67061233520508,1517223.0,SPG,1d
2005-05-13 00:00:00+00:00,31.66915512084961,61.84217071533203,62.82600402832031,61.489479064941406,62.78887939453125,1317146.0,SPG,1d
2005-05-16 00:00:00+00:00,32.068397521972656,62.62181091308594,62.62181091308594,61.96282958984375,62.0742073059082,891026.0,SPG,1d
2005-05-17 00:00:00+00:00,32.334571838378906,63.141571044921875,63.29935836791992,62.33408737182617,62.59396743774414,1174927.0,SPG,1d
2005-05-18 00:00:00+00:00,32.65777587890625,63.772708892822266,63.80983352661133,63.30863952636719,63.53139114379883,1526704.0,SPG,1d
2005-05-19 00:00:00+00:00,32.9857292175293,64.41313171386719,64.42240905761719,63.80983352661133,64.00474548339844,1025381.0,SPG,1d
2005-05-20 00:00:00+00:00,33.442020416259766,65.30414581298828,65.38768005371094,63.99546432495117,64.5987548828125,1361859.0,SPG,1d
2005-05-23 00:00:00+00:00,33.27089309692383,64.97001647949219,65.50833892822266,64.84007263183594,65.34127044677734,906757.0,SPG,1d
2005-05-24 00:00:00+00:00,32.74332046508789,63.93977355957031,64.51522064208984,63.5128288269043,64.50594329833984,1554071.0,SPG,1d
2005-05-25 00:00:00+00:00,32.38209915161133,63.2343864440918,63.846961975097656,63.03947830200195,63.707740783691406,1088194.0,SPG,1d
2005-05-26 00:00:00+00:00,32.21098709106445,62.90025329589844,63.7355842590332,62.566123962402344,63.34576416015625,817762.0,SPG,1d
2005-05-27 00:00:00+00:00,32.30603790283203,63.08588409423828,63.29935836791992,62.844566345214844,63.29935836791992,763999.0,SPG,1d
2005-05-31 00:00:00+00:00,32.66252517700195,63.78199005126953,64.01403045654297,63.11372756958008,63.13228988647461,1174711.0,SPG,1d
2005-06-01 00:00:00+00:00,33.22813034057617,64.88648223876953,64.89575958251953,63.7912712097168,63.99546432495117,877882.0,SPG,1d
2005-06-02 00:00:00+00:00,33.19961929321289,64.83079528808594,64.95145416259766,64.45953369140625,64.77510070800781,678451.0,SPG,1d
2005-06-03 00:00:00+00:00,33.342220306396484,65.10923767089844,66.01881408691406,64.6451644897461,64.97001647949219,965907.0,SPG,1d
2005-06-06 00:00:00+00:00,33.63213348388672,65.67539978027344,66.07450103759766,65.25773620605469,65.34127044677734,689549.0,SPG,1d
2005-06-07 00:00:00+00:00,33.9791145324707,66.35294342041016,67.05833435058594,65.78678131103516,65.90744018554688,1125365.0,SPG,1d
2005-06-08 00:00:00+00:00,34.207237243652344,66.79845428466797,67.29965209960938,66.45503997802734,66.45503997802734,867970.0,SPG,1d
2005-06-09 00:00:00+00:00,34.07891082763672,66.54785919189453,66.83557891845703,66.11163330078125,66.79845428466797,805910.0,SPG,1d
2005-06-10 00:00:00+00:00,33.96007537841797,66.3158187866211,67.05833435058594,65.9260025024414,67.01193237304688,547760.0,SPG,1d
2005-06-13 00:00:00+00:00,34.09791564941406,66.5849838256836,66.65923309326172,65.89815521240234,66.19515991210938,662721.0,SPG,1d
2005-06-14 00:00:00+00:00,34.60649108886719,67.57809448242188,67.5966567993164,66.40863800048828,66.5849838256836,721979.0,SPG,1d
2005-06-15 00:00:00+00:00,34.55419921875,67.47599792480469,67.57809448242188,66.93767547607422,67.57809448242188,757857.0,SPG,1d
2005-06-16 00:00:00+00:00,34.60174560546875,67.56881713867188,67.6987533569336,66.64067077636719,67.47599792480469,972587.0,SPG,1d
2005-06-17 00:00:00+00:00,35.0912971496582,68.5248031616211,68.73827362060547,67.75444030761719,68.12570190429688,1467446.0,SPG,1d
2005-06-20 00:00:00+00:00,34.87742233276367,68.10713958740234,68.68258666992188,68.10713958740234,68.45055389404297,614345.0,SPG,1d
2005-06-21 00:00:00+00:00,34.43062973022461,67.23468017578125,68.11641693115234,67.19755554199219,68.11641693115234,997045.0,SPG,1d
2005-06-22 00:00:00+00:00,34.425872802734375,67.22540283203125,67.85653686523438,67.0304946899414,67.56881713867188,669186.0,SPG,1d
2005-06-23 00:00:00+00:00,34.23101043701172,66.84486389160156,67.40174865722656,66.73348236083984,67.18827819824219,674465.0,SPG,1d
2005-06-24 00:00:00+00:00,34.10268020629883,66.59426879882812,67.28108978271484,66.18588256835938,66.68708038330078,880468.0,SPG,1d
2005-06-27 00:00:00+00:00,34.06464767456055,66.52001190185547,67.00264739990234,66.50144958496094,66.59426879882812,668755.0,SPG,1d
2005-06-28 00:00:00+00:00,34.411617279052734,67.19755554199219,67.19755554199219,66.2044448852539,66.52001190185547,826273.0,SPG,1d
2005-06-29 00:00:00+00:00,34.40687942504883,67.18827819824219,68.01432037353516,67.02120971679688,67.18827819824219,690950.0,SPG,1d
2005-06-30 00:00:00+00:00,34.45439529418945,67.28108978271484,67.3646240234375,66.2508544921875,67.19755554199219,1254871.0,SPG,1d
2005-07-01 00:00:00+00:00,34.939208984375,68.22779846191406,68.22779846191406,66.96552276611328,67.33677673339844,949207.0,SPG,1d
2005-07-05 00:00:00+00:00,35.13407897949219,68.60833740234375,68.86821746826172,67.56881713867188,68.22779846191406,953732.0,SPG,1d
2005-07-06 00:00:00+00:00,34.94871520996094,68.2463607788086,69.0724105834961,68.23707580566406,68.61761474609375,838341.0,SPG,1d
2005-07-07 00:00:00+00:00,35.100807189941406,68.54336547851562,68.54336547851562,67.33677673339844,67.33677673339844,710774.0,SPG,1d
2005-07-08 00:00:00+00:00,35.89931106567383,70.10264587402344,70.43677520751953,68.21851348876953,68.54336547851562,1195829.0,SPG,1d
2005-07-11 00:00:00+00:00,36.57422637939453,71.42060852050781,71.79186248779297,70.16761779785156,70.16761779785156,1288594.0,SPG,1d
2005-07-12 00:00:00+00:00,36.52670669555664,71.32779693603516,71.92180633544922,71.01222229003906,71.42060852050781,769493.0,SPG,1d
2005-07-13 00:00:00+00:00,36.47917175292969,71.23497772216797,71.64336395263672,70.86372375488281,71.51342010498047,558750.0,SPG,1d
2005-07-14 00:00:00+00:00,35.95634078979492,70.21401977539062,71.34635925292969,69.79635620117188,71.1885757446289,1428444.0,SPG,1d
2005-07-15 00:00:00+00:00,36.350852966308594,70.98438262939453,71.1978530883789,69.83348083496094,70.21401977539062,1010189.0,SPG,1d
2005-07-18 00:00:00+00:00,36.488677978515625,71.2535400390625,72.0239028930664,70.66881561279297,70.99365997314453,1044559.0,SPG,1d
2005-07-19 00:00:00+00:00,36.621761322021484,71.51342010498047,72.28378295898438,71.12360382080078,71.2535400390625,673711.0,SPG,1d
2005-07-20 00:00:00+00:00,36.83563232421875,71.93108367919922,72.1352767944336,71.05863189697266,71.42060852050781,760766.0,SPG,1d
2005-07-21 00:00:00+00:00,36.108436584472656,70.51102447509766,71.99605560302734,70.15833282470703,71.83827209472656,1169324.0,SPG,1d
2005-07-22 00:00:00+00:00,36.5076904296875,71.29066467285156,71.2999496459961,70.32540130615234,70.51102447509766,614884.0,SPG,1d
2005-07-25 00:00:00+00:00,36.70255661010742,71.67120361328125,71.97749328613281,71.12360382080078,71.33707427978516,563598.0,SPG,1d
2005-07-26 00:00:00+00:00,36.92120361328125,72.09815216064453,72.627197265625,71.49485778808594,71.7547378540039,836401.0,SPG,1d
2005-07-27 00:00:00+00:00,37.401248931884766,73.03557586669922,73.10983276367188,71.83827209472656,72.627197265625,1100477.0,SPG,1d
2005-07-28 00:00:00+00:00,37.81475830078125,73.84306335449219,74.05653381347656,73.09126281738281,73.1283950805664,1076774.0,SPG,1d
2005-07-29 00:00:00+00:00,37.900306701660156,74.01012420654297,74.5206069946289,73.36970520019531,73.84306335449219,1243343.0,SPG,1d
2005-08-01 00:00:00+00:00,37.64364242553711,73.50892639160156,74.37210083007812,73.32330322265625,74.0194091796875,982930.0,SPG,1d
2005-08-02 00:00:00+00:00,38.156982421875,74.51132202148438,74.74336242675781,73.2397689819336,73.4068374633789,1001893.0,SPG,1d
2005-08-03 00:00:00+00:00,38.27579879760742,74.74336242675781,75.15174102783203,73.60174560546875,74.0194091796875,1004910.0,SPG,1d
2005-08-04 00:00:00+00:00,37.60088348388672,73.42539978027344,74.65054321289062,73.4161148071289,74.2978515625,1312513.0,SPG,1d
2005-08-05 00:00:00+00:00,36.10367965698242,70.50174713134766,73.42539978027344,70.408935546875,73.42539978027344,1902724.0,SPG,1d
2005-08-08 00:00:00+00:00,34.50666809082031,67.38318634033203,70.14905548095703,66.96552276611328,69.61073303222656,2708957.0,SPG,1d
2005-08-09 00:00:00+00:00,35.29567337036133,68.92390441894531,69.33229064941406,67.3646240234375,67.38318634033203,2193089.0,SPG,1d
2005-08-10 00:00:00+00:00,35.566593170166016,69.45294189453125,70.42749786376953,69.14665985107422,69.14665985107422,1801015.0,SPG,1d
2005-08-11 00:00:00+00:00,36.04665756225586,70.39037322998047,70.62240600585938,69.19306182861328,69.45294189453125,792335.0,SPG,1d
2005-08-12 00:00:00+00:00,36.298553466796875,70.88228607177734,71.36492156982422,70.24186706542969,70.24186706542969,1271787.0,SPG,1d
2005-08-15 00:00:00+00:00,36.55018997192383,70.66881561279297,71.22570037841797,69.82420349121094,70.07479858398438,707003.0,SPG,1d
2005-08-16 00:00:00+00:00,36.62220764160156,70.80803680419922,71.23497772216797,70.45533752441406,70.45533752441406,789749.0,SPG,1d
2005-08-17 00:00:00+00:00,36.29096603393555,70.16761779785156,70.81731414794922,69.65713500976562,70.72450256347656,1021287.0,SPG,1d
2005-08-18 00:00:00+00:00,36.11814880371094,69.83348083496094,70.38108825683594,69.68498229980469,70.16761779785156,913114.0,SPG,1d
2005-08-19 00:00:00+00:00,36.031761169433594,69.66641998291016,70.26042938232422,69.48078918457031,70.26042938232422,1005017.0,SPG,1d
2005-08-22 00:00:00+00:00,36.2093620300293,70.00983428955078,70.29755401611328,69.49935150146484,69.64785766601562,685347.0,SPG,1d
2005-08-23 00:00:00+00:00,36.295772552490234,70.17689514160156,70.53887176513672,69.70354461669922,70.01911163330078,626951.0,SPG,1d
2005-08-24 00:00:00+00:00,36.329376220703125,70.24186706542969,71.22570037841797,70.1397705078125,70.21401977539062,679637.0,SPG,1d
2005-08-25 00:00:00+00:00,36.36297607421875,70.30683898925781,70.7523422241211,69.74066925048828,70.35324096679688,601739.0,SPG,1d
2005-08-26 00:00:00+00:00,35.820533752441406,69.2580337524414,70.7430648803711,69.2487564086914,70.39965057373047,825519.0,SPG,1d
2005-08-29 00:00:00+00:00,35.68132019042969,68.98887634277344,69.20234680175781,68.22779846191406,69.19306182861328,790719.0,SPG,1d
2005-08-30 00:00:00+00:00,35.7917366027832,69.20234680175781,69.20234680175781,68.21851348876953,68.99815368652344,1005987.0,SPG,1d
2005-08-31 00:00:00+00:00,36.51658248901367,70.60384368896484,70.67809295654297,68.90534210205078,69.20234680175781,1294413.0,SPG,1d
2005-09-01 00:00:00+00:00,36.72300338745117,71.00294494628906,72.06102752685547,70.28827667236328,70.67809295654297,1284823.0,SPG,1d
2005-09-02 00:00:00+00:00,36.82381820678711,71.1978530883789,71.99605560302734,70.63168334960938,71.4670181274414,836293.0,SPG,1d
2005-09-06 00:00:00+00:00,37.50067138671875,72.50653839111328,73.00773620605469,71.06791687011719,71.26282501220703,1010728.0,SPG,1d
2005-09-07 00:00:00+00:00,37.39506149291992,72.3023452758789,72.6828842163086,71.70833587646484,72.49725341796875,976681.0,SPG,1d
2005-09-08 00:00:00+00:00,37.447872161865234,72.4044418334961,72.60863494873047,71.88468170166016,72.0703125,830906.0,SPG,1d
2005-09-09 00:00:00+00:00,37.548675537109375,72.59934997558594,73.16551971435547,72.3023452758789,72.50653839111328,919686.0,SPG,1d
2005-09-12 00:00:00+00:00,36.94862747192383,71.43917083740234,72.59934997558594,71.33707427978516,72.59934997558594,1528428.0,SPG,1d
2005-09-13 00:00:00+00:00,36.60298538208008,70.77090454101562,71.81043243408203,70.65025329589844,71.43917083740234,1000600.0,SPG,1d
2005-09-14 00:00:00+00:00,36.41099166870117,70.39965057373047,71.2535400390625,70.1397705078125,70.9101333618164,921625.0,SPG,1d
2005-09-15 00:00:00+00:00,36.48298263549805,70.53887176513672,70.73377990722656,70.16761779785156,70.39965057373047,954271.0,SPG,1d
2005-09-16 00:00:00+00:00,36.055763244628906,69.71282196044922,70.418212890625,69.61073303222656,70.35324096679688,4398568.0,SPG,1d
2005-09-19 00:00:00+00:00,35.64291000366211,68.91461944580078,69.68498229980469,68.74755859375,69.61073303222656,1546098.0,SPG,1d
2005-09-20 00:00:00+00:00,35.354888916015625,68.35773468017578,69.33229064941406,68.03288269042969,68.96102905273438,1292473.0,SPG,1d
2005-09-21 00:00:00+00:00,34.34680938720703,66.40863800048828,68.43199157714844,66.29725646972656,68.31133270263672,2332615.0,SPG,1d
2005-09-22 00:00:00+00:00,34.51482391357422,66.73348236083984,66.91911315917969,65.45265197753906,66.40863800048828,2576219.0,SPG,1d
2005-09-23 00:00:00+00:00,34.711631774902344,67.11402130126953,67.63378143310547,66.39935302734375,66.82630157470703,1689610.0,SPG,1d
2005-09-26 00:00:00+00:00,34.620445251464844,66.93767547607422,67.33677673339844,66.66851806640625,66.91911315917969,1127736.0,SPG,1d
2005-09-27 00:00:00+00:00,34.740455627441406,67.16971588134766,67.33677673339844,66.529296875,66.94696044921875,1173957.0,SPG,1d
2005-09-28 00:00:00+00:00,34.68283462524414,67.05833435058594,67.76372528076172,66.45503997802734,67.54096984863281,1189364.0,SPG,1d
2005-09-29 00:00:00+00:00,35.412513732910156,68.4691162109375,68.60833740234375,66.71492004394531,66.96552276611328,1358196.0,SPG,1d
2005-09-30 00:00:00+00:00,35.580509185791016,68.79396057128906,69.51791381835938,68.33917236328125,68.45055389404297,933154.0,SPG,1d
2005-10-03 00:00:00+00:00,35.68132019042969,68.98887634277344,69.26731872558594,67.73587799072266,68.7011489868164,1114268.0,SPG,1d
2005-10-04 00:00:00+00:00,34.740455627441406,67.16971588134766,69.19306182861328,67.07689666748047,68.99815368652344,1267154.0,SPG,1d
2005-10-05 00:00:00+00:00,33.90516662597656,65.55474090576172,67.10474395751953,65.35983276367188,67.10474395751953,1920501.0,SPG,1d
2005-10-06 00:00:00+00:00,33.799564361572266,65.35055541992188,65.87031555175781,64.50594329833984,65.55474090576172,1479729.0,SPG,1d
2005-10-07 00:00:00+00:00,33.28592300415039,64.35743713378906,65.66612243652344,64.0975570678711,65.35055541992188,1639079.0,SPG,1d
2005-10-10 00:00:00+00:00,32.85388946533203,63.52210998535156,64.3667221069336,63.25294876098633,64.3667221069336,952224.0,SPG,1d
2005-10-11 00:00:00+00:00,32.796287536621094,63.41073226928711,64.12540435791016,62.658939361572266,63.58708190917969,1216946.0,SPG,1d
2005-10-12 00:00:00+00:00,32.16263198852539,62.185585021972656,63.29935836791992,61.767921447753906,62.9281005859375,1807264.0,SPG,1d
2005-10-13 00:00:00+00:00,31.96101951599121,61.7957649230957,62.55684280395508,61.02540588378906,62.185585021972656,1536617.0,SPG,1d
2005-10-14 00:00:00+00:00,32.60426712036133,63.03947830200195,63.10444641113281,62.167022705078125,62.3712158203125,1337509.0,SPG,1d
2005-10-17 00:00:00+00:00,32.63788604736328,63.10444641113281,63.429298400878906,62.68678283691406,63.03947830200195,1112867.0,SPG,1d
2005-10-18 00:00:00+00:00,32.28743362426758,62.426902770996094,63.11372756958008,62.12061309814453,63.020912170410156,961705.0,SPG,1d
2005-10-19 00:00:00+00:00,32.62347412109375,63.076602935791016,63.11372756958008,61.350257873535156,62.185585021972656,1567000.0,SPG,1d
2005-10-20 00:00:00+00:00,32.25383758544922,62.36193084716797,63.475704193115234,62.250553131103516,62.9281005859375,1355933.0,SPG,1d
2005-10-21 00:00:00+00:00,32.59465789794922,63.020912170410156,63.494266510009766,62.185585021972656,62.36193084716797,1219532.0,SPG,1d
2005-10-24 00:00:00+00:00,33.13230514526367,64.06043243408203,64.33887481689453,63.11372756958008,63.11372756958008,813021.0,SPG,1d
2005-10-25 00:00:00+00:00,33.25232696533203,64.29247283935547,64.94216918945312,63.53139114379883,63.911930084228516,1306695.0,SPG,1d
2005-10-26 00:00:00+00:00,32.76266860961914,63.34576416015625,64.35743713378906,63.262229919433594,63.949058532714844,1232353.0,SPG,1d
2005-10-27 00:00:00+00:00,32.513065338134766,62.863128662109375,63.64276885986328,62.66822052001953,63.34576416015625,690088.0,SPG,1d
2005-10-28 00:00:00+00:00,34.01078796386719,65.7589340209961,66.0280990600586,63.65205001831055,63.763427734375,2244805.0,SPG,1d
2005-10-31 00:00:00+00:00,34.380409240722656,66.47360229492188,67.00264739990234,65.89815521240234,65.99097442626953,1515391.0,SPG,1d
2005-11-01 00:00:00+00:00,33.645965576171875,65.05355072021484,66.27869415283203,64.63587951660156,66.26941680908203,2278205.0,SPG,1d
2005-11-02 00:00:00+00:00,33.88597106933594,65.51761627197266,65.53617858886719,64.46881866455078,65.1463623046875,1213391.0,SPG,1d
2005-11-03 00:00:00+00:00,33.91958236694336,65.58258819580078,66.56642150878906,65.4248046875,65.80534362792969,1068154.0,SPG,1d
2005-11-04 00:00:00+00:00,33.794761657714844,65.34127044677734,65.80534362792969,64.5987548828125,65.7589340209961,1116530.0,SPG,1d
2005-11-07 00:00:00+00:00,33.92437744140625,65.59187316894531,65.99097442626953,65.12779998779297,65.34127044677734,969570.0,SPG,1d
2005-11-08 00:00:00+00:00,34.00117874145508,65.74037170410156,65.86103057861328,64.74726104736328,65.16492462158203,1007819.0,SPG,1d
2005-11-09 00:00:00+00:00,34.48602294921875,66.67779541015625,67.65235137939453,65.52690124511719,65.6475601196289,1280945.0,SPG,1d
2005-11-10 00:00:00+00:00,35.64772415161133,68.92390441894531,69.17449951171875,66.97480010986328,67.29037475585938,2308049.0,SPG,1d
2005-11-11 00:00:00+00:00,36.338966369628906,70.26042938232422,70.30683898925781,68.81253051757812,68.96102905273438,1537048.0,SPG,1d
2005-11-14 00:00:00+00:00,36.21979904174805,69.33229064941406,70.11192321777344,69.18378448486328,69.84276580810547,1191411.0,SPG,1d
2005-11-15 00:00:00+00:00,36.23434066772461,69.3601303100586,69.88917541503906,69.11881256103516,69.19306182861328,895659.0,SPG,1d
2005-11-16 00:00:00+00:00,36.5591926574707,69.98198699951172,70.07479858398438,69.14665985107422,69.3601303100586,1033785.0,SPG,1d
2005-11-17 00:00:00+00:00,36.971317291259766,70.77090454101562,71.09575653076172,69.94486236572266,70.05623626708984,1198307.0,SPG,1d
2005-11-18 00:00:00+00:00,37.43195724487305,71.65264129638672,71.7454605102539,70.6409683227539,71.23497772216797,1604710.0,SPG,1d
2005-11-21 00:00:00+00:00,37.43681716918945,71.66192626953125,71.93108367919922,71.14216613769531,71.65264129638672,1230198.0,SPG,1d
2005-11-22 00:00:00+00:00,37.77621841430664,72.3116226196289,72.36731719970703,71.1978530883789,71.67120361328125,1091965.0,SPG,1d
2005-11-23 00:00:00+00:00,37.84410858154297,72.44156646728516,72.54366302490234,71.86611938476562,72.11671447753906,1105756.0,SPG,1d
2005-11-25 00:00:00+00:00,37.83924102783203,72.43228149414062,72.67359924316406,72.17240142822266,72.67359924316406,330229.0,SPG,1d
2005-11-28 00:00:00+00:00,37.28651428222656,71.37419891357422,72.60863494873047,71.28138732910156,72.5807876586914,1729152.0,SPG,1d
2005-11-29 00:00:00+00:00,37.519229888916016,71.81970977783203,72.24665832519531,71.65264129638672,72.16312408447266,1024734.0,SPG,1d
2005-11-30 00:00:00+00:00,37.485294342041016,71.7547378540039,72.42300415039062,71.67120361328125,72.10743713378906,1134631.0,SPG,1d
2005-12-01 00:00:00+00:00,38.1398811340332,73.00773620605469,73.01701354980469,71.98677825927734,71.98677825927734,1000492.0,SPG,1d
2005-12-02 00:00:00+00:00,37.97987365722656,72.70144653320312,73.00773620605469,72.25593566894531,72.77569580078125,625550.0,SPG,1d
2005-12-05 00:00:00+00:00,37.65015411376953,72.0703125,72.53437805175781,71.78258514404297,72.48797607421875,1104571.0,SPG,1d
2005-12-06 00:00:00+00:00,37.65015411376953,72.0703125,72.77569580078125,72.0703125,72.627197265625,758935.0,SPG,1d
2005-12-07 00:00:00+00:00,37.31074142456055,71.42060852050781,72.37659454345703,71.21641540527344,72.0703125,940695.0,SPG,1d
2005-12-08 00:00:00+00:00,37.41741180419922,71.62480163574219,72.39515686035156,71.40204620361328,71.60623931884766,1659011.0,SPG,1d
2005-12-09 00:00:00+00:00,37.79561233520508,72.3487548828125,72.46941375732422,71.68977355957031,71.79186248779297,1106510.0,SPG,1d
2005-12-12 00:00:00+00:00,37.7228889465332,72.20953369140625,72.81282043457031,71.7547378540039,72.53437805175781,792658.0,SPG,1d
2005-12-13 00:00:00+00:00,38.13018035888672,72.98916625976562,72.99845123291016,72.0331802368164,72.25593566894531,1105110.0,SPG,1d
2005-12-14 00:00:00+00:00,38.42595672607422,73.55533599853516,73.75025177001953,72.5807876586914,72.94276428222656,874973.0,SPG,1d
2005-12-15 00:00:00+00:00,38.49382400512695,73.6852798461914,74.2421646118164,73.34186553955078,73.55533599853516,1468955.0,SPG,1d
2005-12-16 00:00:00+00:00,38.25624465942383,73.23048400878906,73.9729995727539,73.16551971435547,73.90803527832031,1448699.0,SPG,1d
2005-12-19 00:00:00+00:00,37.51439666748047,71.81043243408203,73.18408203125,71.68977355957031,73.09126281738281,788995.0,SPG,1d
2005-12-20 00:00:00+00:00,37.30105209350586,71.40204620361328,72.10743713378906,71.0215072631836,71.71761322021484,860966.0,SPG,1d
2005-12-21 00:00:00+00:00,37.81985855102539,72.39515686035156,72.4044418334961,71.60623931884766,71.63407897949219,556164.0,SPG,1d
2005-12-22 00:00:00+00:00,38.008968353271484,72.75713348388672,72.9056396484375,71.34635925292969,72.25593566894531,781561.0,SPG,1d
2005-12-23 00:00:00+00:00,37.989559173583984,72.72000885009766,73.32330322265625,72.55294036865234,72.81282043457031,567369.0,SPG,1d
2005-12-27 00:00:00+00:00,38.11077880859375,72.95204162597656,73.53677368164062,72.55294036865234,72.72000885009766,587733.0,SPG,1d
2005-12-28 00:00:00+00:00,37.790767669677734,72.33946990966797,72.98916625976562,71.8568344116211,72.95204162597656,799230.0,SPG,1d
2005-12-29 00:00:00+00:00,37.325286865234375,71.44845581054688,72.81282043457031,71.31851196289062,72.48797607421875,614776.0,SPG,1d
2005-12-30 00:00:00+00:00,37.15559005737305,71.12360382080078,71.87539672851562,71.08647918701172,71.28138732910156,568447.0,SPG,1d
2006-01-03 00:00:00+00:00,38.02835464477539,72.79425811767578,72.86851501464844,70.73377990722656,71.28138732910156,1641126.0,SPG,1d
2006-01-04 00:00:00+00:00,38.12531661987305,72.97988891601562,73.36970520019531,72.73857116699219,72.95204162597656,1278143.0,SPG,1d
2006-01-05 00:00:00+00:00,38.54716873168945,73.7873764038086,74.36282348632812,73.03557586669922,73.09126281738281,1200785.0,SPG,1d
2006-01-06 00:00:00+00:00,39.065982818603516,74.78048706054688,74.87329864501953,73.7966537475586,74.0658187866211,997152.0,SPG,1d
2006-01-09 00:00:00+00:00,39.381141662597656,75.38378143310547,75.39305877685547,74.6319808959961,74.80833435058594,949530.0,SPG,1d
2006-01-10 00:00:00+00:00,39.79814529418945,76.1819839477539,76.21910858154297,74.93827056884766,75.1795883178711,1418208.0,SPG,1d
2006-01-11 00:00:00+00:00,39.875701904296875,76.33048248291016,76.95233917236328,75.87569427490234,76.1819839477539,3382776.0,SPG,1d
2006-01-12 00:00:00+00:00,39.71571350097656,76.02420043945312,76.52539825439453,75.70862579345703,76.52539825439453,1628413.0,SPG,1d
2006-01-13 00:00:00+00:00,39.065982818603516,74.78048706054688,75.93138122558594,74.66910552978516,75.92210388183594,1142604.0,SPG,1d
2006-01-17 00:00:00+00:00,39.080528259277344,74.80833435058594,75.00324249267578,74.2514419555664,74.50204467773438,781130.0,SPG,1d
2006-01-18 00:00:00+00:00,39.19203567504883,75.02180480957031,75.22599792480469,74.44635772705078,74.80833435058594,793843.0,SPG,1d
2006-01-19 00:00:00+00:00,39.73995590209961,76.07060241699219,76.27479553222656,74.89186096191406,75.02180480957031,1437278.0,SPG,1d
2006-01-20 00:00:00+00:00,39.153255462646484,74.94755554199219,76.15413665771484,74.78976440429688,76.03347778320312,1183546.0,SPG,1d
2006-01-23 00:00:00+00:00,39.594478607177734,75.79216003417969,75.98707580566406,74.95683288574219,75.01251983642578,795136.0,SPG,1d
2006-01-24 00:00:00+00:00,39.720550537109375,76.03347778320312,76.5718002319336,75.76432037353516,75.79216003417969,1914145.0,SPG,1d
2006-01-25 00:00:00+00:00,39.38599395751953,75.39305877685547,76.5718002319336,75.08677673339844,76.0056381225586,977651.0,SPG,1d
2006-01-26 00:00:00+00:00,39.550838470458984,75.70862579345703,75.78288269042969,74.89186096191406,75.39305877685547,1673126.0,SPG,1d
2006-01-27 00:00:00+00:00,40.743621826171875,77.99185943603516,78.6879653930664,76.2840805053711,77.22150421142578,2194058.0,SPG,1d
2006-01-30 00:00:00+00:00,40.24421691894531,77.03587341308594,78.10324096679688,76.98946380615234,77.99185943603516,1109204.0,SPG,1d
2006-01-31 00:00:00+00:00,40.166648864746094,76.88736724853516,77.27719116210938,76.34904479980469,76.5718002319336,1112005.0,SPG,1d
2006-02-01 00:00:00+00:00,40.49150466918945,77.50922393798828,77.53707122802734,76.41401672363281,76.47898864746094,961597.0,SPG,1d
2006-02-02 00:00:00+00:00,40.219974517822266,76.98946380615234,77.4071273803711,76.54396057128906,76.89665222167969,918285.0,SPG,1d
2006-02-03 00:00:00+00:00,39.521759033203125,75.65293884277344,76.33976745605469,75.17030334472656,76.10773468017578,1083238.0,SPG,1d
2006-02-06 00:00:00+00:00,39.6817626953125,75.959228515625,76.0149154663086,75.28168487548828,75.46731567382812,933154.0,SPG,1d
2006-02-07 00:00:00+00:00,39.371437072753906,75.36521911621094,76.10773468017578,75.1795883178711,75.7364730834961,1390949.0,SPG,1d
2006-02-08 00:00:00+00:00,39.12900924682617,74.9011459350586,75.59725189208984,74.44635772705078,75.59725189208984,1001893.0,SPG,1d
2006-02-09 00:00:00+00:00,39.09507369995117,74.83617401123047,75.4580307006836,74.36282348632812,74.80833435058594,1000169.0,SPG,1d
2006-02-10 00:00:00+00:00,38.745975494384766,74.16791534423828,75.64366149902344,73.93587493896484,74.845458984375,797183.0,SPG,1d
2006-02-13 00:00:00+00:00,39.03202438354492,74.71551513671875,75.04036712646484,74.43707275390625,75.04036712646484,1001031.0,SPG,1d
2006-02-14 00:00:00+00:00,39.4393196105957,75.49515533447266,75.49515533447266,73.91731262207031,74.80833435058594,1646406.0,SPG,1d
2006-02-15 00:00:00+00:00,39.43875503540039,74.73407745361328,75.3466567993164,74.49275970458984,74.77120208740234,1161459.0,SPG,1d
2006-02-16 00:00:00+00:00,40.349788665771484,76.4604263305664,76.4604263305664,74.6227035522461,74.6227035522461,1106726.0,SPG,1d
2006-02-17 00:00:00+00:00,40.84938049316406,77.4071273803711,77.4071273803711,76.05204010009766,76.4604263305664,1059104.0,SPG,1d
2006-02-21 00:00:00+00:00,40.888572692871094,77.48138427734375,78.37239837646484,77.11012268066406,77.36072540283203,1011697.0,SPG,1d
2006-02-22 00:00:00+00:00,41.505706787109375,78.65084075927734,78.86431884765625,76.2933578491211,77.48138427734375,1717623.0,SPG,1d
2006-02-23 00:00:00+00:00,41.36857604980469,78.39096069335938,78.81790924072266,77.87120056152344,78.65084075927734,886609.0,SPG,1d
2006-02-24 00:00:00+00:00,40.98652267456055,77.66700744628906,78.48377990722656,77.33287811279297,78.39096069335938,757965.0,SPG,1d
2006-02-27 00:00:00+00:00,40.88367462158203,77.47209930419922,78.1218032836914,77.063720703125,77.6762924194336,702801.0,SPG,1d
2006-02-28 00:00:00+00:00,40.638771057128906,77.0080337524414,77.65773010253906,76.64605712890625,77.24006652832031,1149607.0,SPG,1d
2006-03-01 00:00:00+00:00,40.92775344848633,77.55563354492188,77.68557739257812,76.87808990478516,77.1286849975586,952332.0,SPG,1d
2006-03-02 00:00:00+00:00,40.69265365600586,77.11012268066406,77.4071273803711,76.66461944580078,77.32360076904297,1195182.0,SPG,1d
2006-03-03 00:00:00+00:00,40.153873443603516,76.08916473388672,76.89665222167969,76.05204010009766,76.5718002319336,1015576.0,SPG,1d
2006-03-06 00:00:00+00:00,41.069793701171875,77.82479858398438,78.177490234375,75.96851348876953,76.32120513916016,1188610.0,SPG,1d
2006-03-07 00:00:00+00:00,40.281211853027344,76.33048248291016,77.91761016845703,76.26551818847656,77.82479858398438,771002.0,SPG,1d
2006-03-08 00:00:00+00:00,40.25184631347656,76.27479553222656,76.58108520507812,75.21671295166016,76.33976745605469,1127305.0,SPG,1d
2006-03-09 00:00:00+00:00,40.43307113647461,76.61820983886719,77.24006652832031,76.15413665771484,76.38617706298828,890164.0,SPG,1d
2006-03-10 00:00:00+00:00,40.79549026489258,77.30503845214844,77.54635620117188,76.06132507324219,76.61820983886719,972695.0,SPG,1d
2006-03-13 00:00:00+00:00,40.34488296508789,76.45114135742188,77.49994659423828,75.79216003417969,77.22150421142578,999738.0,SPG,1d
2006-03-14 00:00:00+00:00,40.8004035949707,77.31431579589844,77.32360076904297,76.32120513916016,76.44186401367188,1101770.0,SPG,1d
2006-03-15 00:00:00+00:00,41.91714859008789,79.43048095703125,80.09874725341797,78.10324096679688,78.24246215820312,1427474.0,SPG,1d
2006-03-16 00:00:00+00:00,42.55879592895508,80.64635467529297,81.02688598632812,79.14276123046875,79.54186248779297,1292042.0,SPG,1d
2006-03-17 00:00:00+00:00,43.32779312133789,82.1035385131836,82.12210083007812,80.69275665283203,81.02688598632812,1913175.0,SPG,1d
2006-03-20 00:00:00+00:00,42.19633102416992,79.95952606201172,82.09425354003906,79.60682678222656,82.06640625,1138510.0,SPG,1d
2006-03-21 00:00:00+00:00,41.41264343261719,78.47449493408203,80.19155883789062,78.36312103271484,79.95952606201172,1308096.0,SPG,1d
2006-03-22 00:00:00+00:00,41.67715072631836,78.97569274902344,79.17988586425781,78.01042175292969,78.01042175292969,802893.0,SPG,1d
2006-03-23 00:00:00+00:00,41.7800178527832,79.17060089111328,79.44904327392578,78.58587646484375,78.98497772216797,775635.0,SPG,1d
2006-03-24 00:00:00+00:00,41.59878158569336,78.82718658447266,79.11491394042969,78.55802917480469,79.10563659667969,740619.0,SPG,1d
2006-03-27 00:00:00+00:00,40.85429000854492,77.41641235351562,78.79934692382812,77.22150421142578,78.79934692382812,1229875.0,SPG,1d
2006-03-28 00:00:00+00:00,41.53022003173828,78.69725036621094,78.84575653076172,77.42569732666016,77.42569732666016,1563337.0,SPG,1d
2006-03-29 00:00:00+00:00,42.15224838256836,79.87599182128906,79.94096374511719,79.17060089111328,79.21701049804688,1477897.0,SPG,1d
2006-03-30 00:00:00+00:00,41.231441497802734,78.1310806274414,80.19155883789062,77.61132049560547,80.14514923095703,1735077.0,SPG,1d
2006-03-31 00:00:00+00:00,41.21184539794922,78.09395599365234,78.38168334960938,76.81311798095703,78.38168334960938,1734862.0,SPG,1d
2006-04-03 00:00:00+00:00,40.717140197753906,77.15653228759766,78.7807846069336,76.94306182861328,78.08467864990234,1328782.0,SPG,1d
2006-04-04 00:00:00+00:00,40.38408660888672,76.52539825439453,77.45353698730469,75.78288269042969,77.31431579589844,1153917.0,SPG,1d
2006-04-05 00:00:00+00:00,40.75633239746094,77.23078155517578,77.58348083496094,76.21910858154297,76.52539825439453,1345590.0,SPG,1d
2006-04-06 00:00:00+00:00,40.52121353149414,76.7852783203125,77.27719116210938,76.2933578491211,76.89665222167969,811513.0,SPG,1d
2006-04-07 00:00:00+00:00,39.74734115600586,75.31880950927734,77.1286849975586,75.11461639404297,76.7852783203125,934877.0,SPG,1d
2006-04-10 00:00:00+00:00,39.36040115356445,74.58557891845703,75.54156494140625,74.2514419555664,75.04036712646484,972264.0,SPG,1d
2006-04-11 00:00:00+00:00,39.218353271484375,74.31641387939453,75.16102600097656,74.2421646118164,74.80833435058594,828752.0,SPG,1d
2006-04-12 00:00:00+00:00,39.262447357177734,74.39994812011719,75.01251983642578,74.14006805419922,74.31641387939453,810328.0,SPG,1d
2006-04-13 00:00:00+00:00,38.704036712646484,73.34186553955078,74.40922546386719,72.9056396484375,74.40922546386719,1002970.0,SPG,1d
2006-04-17 00:00:00+00:00,38.60118103027344,73.14695739746094,73.6945571899414,72.95204162597656,73.34186553955078,920763.0,SPG,1d
2006-04-18 00:00:00+00:00,39.742435455322266,75.30952453613281,75.98707580566406,73.2490463256836,73.32330322265625,1426181.0,SPG,1d
2006-04-19 00:00:00+00:00,40.41345977783203,76.58108520507812,76.63677215576172,75.05892944335938,75.31880950927734,1167600.0,SPG,1d
2006-04-20 00:00:00+00:00,40.726932525634766,77.17509460449219,77.42569732666016,76.05204010009766,76.52539825439453,936925.0,SPG,1d
2006-04-21 00:00:00+00:00,40.76611328125,77.24934387207031,77.93617248535156,77.05443572998047,77.50922393798828,899754.0,SPG,1d
2006-04-24 00:00:00+00:00,40.579994201660156,76.89665222167969,77.49066162109375,76.61820983886719,77.1286849975586,844590.0,SPG,1d
2006-04-25 00:00:00+00:00,40.246944427490234,76.26551818847656,77.45353698730469,75.94994354248047,76.90593719482422,919686.0,SPG,1d
2006-04-26 00:00:00+00:00,39.72772216796875,75.28168487548828,76.49755096435547,75.05892944335938,76.26551818847656,1348930.0,SPG,1d
2006-04-27 00:00:00+00:00,39.92366409301758,75.65293884277344,76.21910858154297,74.51132202148438,75.1239013671875,1463029.0,SPG,1d
2006-04-28 00:00:00+00:00,40.10489273071289,75.99635314941406,76.39545440673828,75.1795883178711,76.14485931396484,1123749.0,SPG,1d
2006-05-01 00:00:00+00:00,39.683658599853516,75.19815063476562,77.072998046875,75.1888656616211,76.43257904052734,1264460.0,SPG,1d
2006-05-02 00:00:00+00:00,38.988128662109375,73.88018798828125,75.22599792480469,73.05413818359375,75.17030334472656,2007988.0,SPG,1d
2006-05-03 00:00:00+00:00,39.08119201660156,74.05653381347656,74.05653381347656,73.1376724243164,73.32330322265625,1248838.0,SPG,1d
2006-05-04 00:00:00+00:00,39.683658599853516,75.19815063476562,75.79216003417969,74.30713653564453,74.48348236083984,966985.0,SPG,1d
2006-05-05 00:00:00+00:00,40.59469223022461,76.92449951171875,77.43497467041016,75.92210388183594,75.92210388183594,834139.0,SPG,1d
2006-05-08 00:00:00+00:00,40.60938262939453,76.95233917236328,77.46282196044922,76.72030639648438,77.0080337524414,514468.0,SPG,1d
2006-05-09 00:00:00+00:00,40.717140197753906,77.15653228759766,77.4071273803711,76.08916473388672,76.94306182861328,568447.0,SPG,1d
2006-05-10 00:00:00+00:00,40.83469772338867,77.37928771972656,77.9547348022461,76.65533447265625,76.93377685546875,1118254.0,SPG,1d
2006-05-11 00:00:00+00:00,39.801212310791016,75.42090606689453,77.82479858398438,75.21671295166016,77.37928771972656,1153055.0,SPG,1d
2006-05-12 00:00:00+00:00,39.37997817993164,74.6227035522461,75.04964447021484,73.50892639160156,75.04964447021484,1349361.0,SPG,1d
2006-05-15 00:00:00+00:00,40.383941650390625,75.74575805664062,75.94994354248047,73.66671752929688,74.12150573730469,1298076.0,SPG,1d
2006-05-16 00:00:00+00:00,39.94353485107422,74.91970825195312,76.17269897460938,74.91970825195312,75.6900634765625,909881.0,SPG,1d
2006-05-17 00:00:00+00:00,38.835086822509766,72.84066772460938,74.41851043701172,72.75713348388672,73.88018798828125,1687240.0,SPG,1d
2006-05-18 00:00:00+00:00,38.5876579284668,72.37659454345703,74.0658187866211,72.10743713378906,72.10743713378906,900939.0,SPG,1d
2006-05-19 00:00:00+00:00,38.38972854614258,72.00534057617188,73.27689361572266,71.5691146850586,72.76641845703125,1647052.0,SPG,1d
2006-05-22 00:00:00+00:00,38.20169448852539,71.65264129638672,72.16312408447266,70.78947448730469,71.77330017089844,1076127.0,SPG,1d
2006-05-23 00:00:00+00:00,38.0779914855957,71.42060852050781,72.84066772460938,71.40204620361328,72.08887481689453,990149.0,SPG,1d
2006-05-24 00:00:00+00:00,38.0878791809082,71.43917083740234,72.70144653320312,70.66881561279297,71.42060852050781,1230629.0,SPG,1d
2006-05-25 00:00:00+00:00,39.01323699951172,73.17479705810547,73.56462097167969,71.65264129638672,71.73617553710938,1144005.0,SPG,1d
2006-05-26 00:00:00+00:00,39.44374465942383,73.98228454589844,74.33497619628906,72.9613265991211,73.1376724243164,632553.0,SPG,1d
2006-05-30 00:00:00+00:00,39.339820861816406,73.7873764038086,74.5206069946289,73.4625244140625,73.9729995727539,1163506.0,SPG,1d
2006-05-31 00:00:00+00:00,39.404144287109375,73.90803527832031,74.60414123535156,72.64575958251953,74.18647766113281,1684008.0,SPG,1d
2006-06-01 00:00:00+00:00,40.418575286865234,75.81072235107422,75.81072235107422,74.0194091796875,74.20503997802734,1330937.0,SPG,1d
2006-06-02 00:00:00+00:00,40.591758728027344,76.13557434082031,77.03587341308594,75.44874572753906,76.2469482421875,1414437.0,SPG,1d
2006-06-05 00:00:00+00:00,40.43836212158203,75.84785461425781,77.92688751220703,75.43018341064453,75.48587799072266,1155425.0,SPG,1d
2006-06-06 00:00:00+00:00,40.02766418457031,75.0774917602539,76.31192016601562,74.6319808959961,76.20982360839844,1256595.0,SPG,1d
2006-06-07 00:00:00+00:00,40.38889694213867,75.75503540039062,76.31192016601562,74.65054321289062,75.08677673339844,1086578.0,SPG,1d
2006-06-08 00:00:00+00:00,40.28990936279297,75.56940460205078,75.99635314941406,74.11222076416016,75.76432037353516,1415191.0,SPG,1d
2006-06-09 00:00:00+00:00,40.893619537353516,76.70174407958984,76.87808990478516,75.38378143310547,75.54156494140625,888117.0,SPG,1d
2006-06-12 00:00:00+00:00,40.41364288330078,75.80144500732422,76.70174407958984,75.61581420898438,76.66461944580078,823903.0,SPG,1d
2006-06-13 00:00:00+00:00,39.37940979003906,73.86162567138672,75.97779083251953,73.86162567138672,75.81072235107422,1370802.0,SPG,1d
2006-06-14 00:00:00+00:00,39.0181770324707,73.18408203125,74.05653381347656,72.636474609375,73.87090301513672,1157365.0,SPG,1d
2006-06-15 00:00:00+00:00,39.671356201171875,74.40922546386719,74.40922546386719,73.06342315673828,73.27689361572266,831014.0,SPG,1d
2006-06-16 00:00:00+00:00,39.90888595581055,74.854736328125,74.95683288574219,73.55533599853516,74.01012420654297,1419070.0,SPG,1d
2006-06-19 00:00:00+00:00,39.666419982910156,74.39994812011719,75.41162109375,74.39994812011719,75.08677673339844,988425.0,SPG,1d
2006-06-20 00:00:00+00:00,39.47837829589844,74.04725646972656,74.89186096191406,73.66671752929688,74.6227035522461,1220502.0,SPG,1d
2006-06-21 00:00:00+00:00,39.90888595581055,74.854736328125,74.95683288574219,73.4161148071289,73.4161148071289,760766.0,SPG,1d
2006-06-22 00:00:00+00:00,39.537776947021484,74.15863037109375,74.87329864501953,74.01012420654297,74.845458984375,732969.0,SPG,1d
2006-06-23 00:00:00+00:00,39.15178298950195,73.43467712402344,74.15863037109375,73.38827514648438,74.15863037109375,609173.0,SPG,1d
2006-06-26 00:00:00+00:00,39.40910339355469,73.91731262207031,74.13078308105469,73.38827514648438,73.66671752929688,724457.0,SPG,1d
2006-06-27 00:00:00+00:00,39.651573181152344,74.37210083007812,74.60414123535156,73.76880645751953,73.7873764038086,961382.0,SPG,1d
2006-06-28 00:00:00+00:00,39.89898681640625,74.83617401123047,75.10533905029297,74.26072692871094,74.48348236083984,649684.0,SPG,1d
2006-06-29 00:00:00+00:00,40.938167572021484,76.7852783203125,76.80384063720703,75.01251983642578,75.55084228515625,1284500.0,SPG,1d
2006-06-30 00:00:00+00:00,41.04208755493164,76.98018646240234,77.9547348022461,76.72958374023438,76.89665222167969,2323456.0,SPG,1d
2006-07-03 00:00:00+00:00,41.586387634277344,78.00114440917969,78.177490234375,77.26790618896484,77.49066162109375,772187.0,SPG,1d
2006-07-05 00:00:00+00:00,41.828880310058594,78.4559326171875,78.94784545898438,77.23078155517578,78.00114440917969,1340526.0,SPG,1d
2006-07-06 00:00:00+00:00,41.42806625366211,77.70413970947266,78.44664764404297,77.49994659423828,78.2238998413086,1054363.0,SPG,1d
2006-07-07 00:00:00+00:00,41.30434036254883,77.47209930419922,78.186767578125,76.87808990478516,77.072998046875,879390.0,SPG,1d
2006-07-10 00:00:00+00:00,41.96247863769531,78.70653533935547,78.79934692382812,77.47209930419922,77.47209930419922,764214.0,SPG,1d
2006-07-11 00:00:00+00:00,41.715049743652344,78.24246215820312,78.61371612548828,77.68557739257812,78.61371612548828,705926.0,SPG,1d
2006-07-12 00:00:00+00:00,42.08618927001953,78.93856811523438,79.07778930664062,78.4095230102539,78.77149963378906,1085932.0,SPG,1d
2006-07-13 00:00:00+00:00,41.33401107788086,77.52778625488281,78.94784545898438,77.3421630859375,78.93856811523438,898784.0,SPG,1d
2006-07-14 00:00:00+00:00,40.73032760620117,76.39545440673828,77.72270202636719,76.15413665771484,77.52778625488281,815392.0,SPG,1d
2006-07-17 00:00:00+00:00,40.54723358154297,76.05204010009766,76.65533447265625,75.74575805664062,76.15413665771484,669509.0,SPG,1d
2006-07-18 00:00:00+00:00,40.893619537353516,76.70174407958984,76.7945556640625,75.70862579345703,76.2469482421875,823688.0,SPG,1d
2006-07-19 00:00:00+00:00,41.98722457885742,78.75293731689453,78.75293731689453,76.51611328125,76.89665222167969,1152840.0,SPG,1d
2006-07-20 00:00:00+00:00,41.6061897277832,78.03826904296875,79.07778930664062,78.00114440917969,78.9571304321289,899754.0,SPG,1d
2006-07-21 00:00:00+00:00,41.07177734375,77.03587341308594,78.59515380859375,76.89665222167969,78.59515380859375,961166.0,SPG,1d
2006-07-24 00:00:00+00:00,41.715049743652344,78.24246215820312,78.25173950195312,77.03587341308594,77.49994659423828,564676.0,SPG,1d
2006-07-25 00:00:00+00:00,41.799171447753906,78.4002456665039,78.63227844238281,77.48138427734375,78.24246215820312,1211451.0,SPG,1d
2006-07-26 00:00:00+00:00,42.06640625,78.90144348144531,78.96641540527344,78.00114440917969,78.16820526123047,815392.0,SPG,1d
2006-07-27 00:00:00+00:00,41.88331604003906,78.55802917480469,79.73677062988281,78.4002456665039,79.70892333984375,675004.0,SPG,1d
2006-07-28 00:00:00+00:00,42.46720886230469,79.65323638916016,79.91311645507812,78.89215850830078,79.03137969970703,895013.0,SPG,1d
2006-07-31 00:00:00+00:00,42.32371139526367,79.38407897949219,79.86670684814453,78.83647155761719,79.42120361328125,1198199.0,SPG,1d
2006-08-01 00:00:00+00:00,41.759586334228516,78.32599639892578,79.42120361328125,77.74126434326172,79.38407897949219,1394182.0,SPG,1d
2006-08-02 00:00:00+00:00,40.92330551147461,76.75743103027344,77.97329711914062,76.33976745605469,77.96401977539062,1995490.0,SPG,1d
2006-08-03 00:00:00+00:00,41.04208755493164,76.98018646240234,76.99874877929688,76.09844970703125,76.75743103027344,1176974.0,SPG,1d
2006-08-04 00:00:00+00:00,41.50722885131836,77.8526382446289,78.19605255126953,77.42569732666016,77.61132049560547,1014391.0,SPG,1d
2006-08-07 00:00:00+00:00,41.437950134277344,77.72270202636719,78.1310806274414,77.14724731445312,77.86192321777344,792012.0,SPG,1d
2006-08-08 00:00:00+00:00,40.83919906616211,76.59964752197266,78.19605255126953,76.27479553222656,77.72270202636719,1338587.0,SPG,1d
2006-08-09 00:00:00+00:00,40.49281311035156,75.94994354248047,76.98946380615234,75.69934844970703,76.94306182861328,1125796.0,SPG,1d
2006-08-10 00:00:00+00:00,40.967857360839844,76.8409652709961,76.99874877929688,75.3559341430664,75.99635314941406,744282.0,SPG,1d
2006-08-11 00:00:00+00:00,40.54228591918945,76.04276275634766,76.96162414550781,75.79216003417969,76.61820983886719,654640.0,SPG,1d
2006-08-14 00:00:00+00:00,41.06187057495117,77.0173110961914,77.52778625488281,76.04276275634766,76.72030639648438,827459.0,SPG,1d
2006-08-15 00:00:00+00:00,41.64603805541992,77.3421630859375,77.6298828125,76.91521453857422,77.36072540283203,768201.0,SPG,1d
2006-08-16 00:00:00+00:00,41.795963287353516,77.62060546875,78.01970672607422,77.24006652832031,77.9454574584961,675973.0,SPG,1d
2006-08-17 00:00:00+00:00,41.68100357055664,77.4071273803711,77.77838897705078,77.24934387207031,77.62060546875,536232.0,SPG,1d
2006-08-18 00:00:00+00:00,42.00086212158203,78.00114440917969,78.09395599365234,77.2957534790039,77.48138427734375,845667.0,SPG,1d
2006-08-21 00:00:00+00:00,42.2557487487793,78.47449493408203,78.66940307617188,77.80623626708984,77.96401977539062,579652.0,SPG,1d
2006-08-22 00:00:00+00:00,42.81049728393555,79.5047378540039,79.5047378540039,77.96401977539062,78.48377990722656,835432.0,SPG,1d
2006-08-23 00:00:00+00:00,42.360687255859375,78.66940307617188,79.72748565673828,78.48377990722656,79.72748565673828,799122.0,SPG,1d
2006-08-24 00:00:00+00:00,42.96542739868164,79.7924575805664,79.82030487060547,78.64156341552734,78.88288116455078,1160058.0,SPG,1d
2006-08-25 00:00:00+00:00,42.93543243408203,79.73677062988281,79.97808837890625,79.49545288085938,79.7924575805664,583638.0,SPG,1d
2006-08-28 00:00:00+00:00,42.68553924560547,79.27269744873047,80.02449798583984,79.0685043334961,79.73677062988281,1131830.0,SPG,1d
2006-08-29 00:00:00+00:00,42.30571746826172,78.56730651855469,79.57898712158203,78.21461486816406,79.43048095703125,1074511.0,SPG,1d
2006-08-30 00:00:00+00:00,42.730525970458984,79.35623168945312,79.35623168945312,78.49305725097656,78.79934692382812,587302.0,SPG,1d
2006-08-31 00:00:00+00:00,42.375694274902344,78.69725036621094,79.45832824707031,78.69725036621094,79.35623168945312,814961.0,SPG,1d
2006-09-01 00:00:00+00:00,42.43564987182617,78.80862426757812,79.52330017089844,78.69725036621094,79.26342010498047,552932.0,SPG,1d
2006-09-05 00:00:00+00:00,42.94542694091797,79.75533294677734,80.08946228027344,78.84575653076172,78.98497772216797,721656.0,SPG,1d
2006-09-06 00:00:00+00:00,43.06536865234375,79.97808837890625,80.4421615600586,79.55113983154297,79.70892333984375,924857.0,SPG,1d
2006-09-07 00:00:00+00:00,42.790496826171875,79.46760559082031,79.97808837890625,79.12419891357422,79.97808837890625,741050.0,SPG,1d
2006-09-08 00:00:00+00:00,43.290279388427734,80.395751953125,80.51641082763672,78.63227844238281,79.63467407226562,798045.0,SPG,1d
2006-09-11 00:00:00+00:00,44.66466522216797,82.9481430053711,83.31011962890625,80.25653076171875,80.3493423461914,2837494.0,SPG,1d
2006-09-12 00:00:00+00:00,45.019500732421875,83.60712432861328,83.6720962524414,82.2891616821289,82.73467254638672,1361644.0,SPG,1d
2006-09-13 00:00:00+00:00,45.60422897338867,84.69305419921875,84.92508697509766,83.18018341064453,83.57928466796875,1358519.0,SPG,1d
2006-09-14 00:00:00+00:00,45.62919998168945,84.73946380615234,84.92508697509766,84.03407287597656,84.18257904052734,3166645.0,SPG,1d
2006-09-15 00:00:00+00:00,45.824119567871094,85.1014404296875,85.7140121459961,84.5074234008789,84.832275390625,5735323.0,SPG,1d
2006-09-18 00:00:00+00:00,45.50425338745117,84.5074234008789,85.21281433105469,84.42389678955078,85.09215545654297,1346344.0,SPG,1d
2006-09-19 00:00:00+00:00,45.77914810180664,85.01790618896484,85.4448471069336,84.275390625,84.64664459228516,1680129.0,SPG,1d
2006-09-20 00:00:00+00:00,45.729164123535156,84.92508697509766,85.4355697631836,84.5538330078125,85.02718353271484,1149715.0,SPG,1d
2006-09-21 00:00:00+00:00,45.21437454223633,83.96910095214844,85.13856506347656,83.53287506103516,84.92508697509766,1334062.0,SPG,1d
2006-09-22 00:00:00+00:00,45.52924346923828,84.5538330078125,84.73017883300781,83.52359771728516,83.9969482421875,965045.0,SPG,1d
2006-09-25 00:00:00+00:00,45.394309997558594,84.30323028564453,85.04574584960938,83.82987976074219,84.7858657836914,991011.0,SPG,1d
2006-09-26 00:00:00+00:00,45.21938705444336,83.97838592529297,84.5074234008789,83.78347778320312,84.08975982666016,853532.0,SPG,1d
2006-09-27 00:00:00+00:00,45.394309997558594,84.30323028564453,84.46102142333984,83.68138122558594,83.97838592529297,974742.0,SPG,1d
2006-09-28 00:00:00+00:00,45.08946228027344,83.73706817626953,84.51670837402344,83.4029312133789,84.5074234008789,1172125.0,SPG,1d
2006-09-29 00:00:00+00:00,45.28936767578125,84.10832214355469,84.35892486572266,83.65353393554688,83.9505386352539,944897.0,SPG,1d
2006-10-02 00:00:00+00:00,44.939517974853516,83.45862579345703,84.36820220947266,83.30084228515625,84.10832214355469,888225.0,SPG,1d
2006-10-03 00:00:00+00:00,45.999027252197266,85.42628479003906,85.50981903076172,83.59784698486328,83.59784698486328,1403447.0,SPG,1d
2006-10-04 00:00:00+00:00,46.878639221191406,87.05982208251953,87.18048095703125,85.6676025390625,85.6676025390625,1341280.0,SPG,1d
2006-10-05 00:00:00+00:00,47.32344436645508,87.8858642578125,88.03437042236328,86.98556518554688,87.05982208251953,1255841.0,SPG,1d
2006-10-06 00:00:00+00:00,46.898616790771484,87.0969467163086,87.61670684814453,86.87419128417969,87.3846664428711,901477.0,SPG,1d
2006-10-09 00:00:00+00:00,47.093528747558594,87.45892333984375,87.52388763427734,85.9924545288086,87.1062240600586,1037017.0,SPG,1d
2006-10-10 00:00:00+00:00,47.14849853515625,87.5610122680664,88.49844360351562,86.49365234375,87.46820068359375,1209296.0,SPG,1d
2006-10-11 00:00:00+00:00,47.06855392456055,87.41251373291016,88.24784088134766,86.73497009277344,87.5610122680664,654425.0,SPG,1d
2006-10-12 00:00:00+00:00,47.263450622558594,87.77449035644531,87.89514923095703,87.0041275024414,87.89514923095703,650762.0,SPG,1d
2006-10-13 00:00:00+00:00,47.64830017089844,88.4891586303711,88.74903869628906,87.70951843261719,87.78376770019531,857303.0,SPG,1d
2006-10-16 00:00:00+00:00,48.01310348510742,89.16670227050781,89.36161041259766,88.28496551513672,88.4891586303711,1008465.0,SPG,1d
2006-10-17 00:00:00+00:00,47.83320999145508,88.83257293701172,89.17598724365234,88.40562438964844,88.63766479492188,1053609.0,SPG,1d
2006-10-18 00:00:00+00:00,48.00313186645508,89.14813995361328,89.61221313476562,88.73047637939453,89.19454956054688,1318654.0,SPG,1d
2006-10-19 00:00:00+00:00,47.903160095214844,88.96250915527344,89.68646240234375,88.7676010131836,89.38018035888672,583315.0,SPG,1d
2006-10-20 00:00:00+00:00,47.91316604614258,88.98107147216797,89.3152084350586,88.62837982177734,89.19454956054688,933046.0,SPG,1d
2006-10-23 00:00:00+00:00,48.04310989379883,89.2223892211914,89.23167419433594,88.28496551513672,88.98107147216797,690195.0,SPG,1d
2006-10-24 00:00:00+00:00,47.828208923339844,88.82328796386719,89.33377075195312,88.32209777832031,89.2223892211914,542804.0,SPG,1d
2006-10-25 00:00:00+00:00,48.16305160522461,89.44514465332031,89.8720932006836,88.82328796386719,88.82328796386719,925935.0,SPG,1d
2006-10-26 00:00:00+00:00,48.52788162231445,90.12268829345703,90.17838287353516,89.34304809570312,89.56580352783203,669078.0,SPG,1d
2006-10-27 00:00:00+00:00,48.38296127319336,89.85353088378906,90.382568359375,89.0460433959961,90.02987670898438,1012236.0,SPG,1d
2006-10-30 00:00:00+00:00,48.58786392211914,90.23406982421875,90.3268814086914,89.2131118774414,89.93706512451172,959443.0,SPG,1d
2006-10-31 00:00:00+00:00,48.52788162231445,90.12268829345703,90.83736419677734,89.2131118774414,90.63317108154297,1079252.0,SPG,1d
2006-11-01 00:00:00+00:00,48.487892150878906,90.0484390258789,90.57748413085938,89.85353088378906,90.49394989013672,851808.0,SPG,1d
2006-11-02 00:00:00+00:00,47.653282165527344,88.49844360351562,90.0484390258789,87.50532531738281,90.0484390258789,1452255.0,SPG,1d
2006-11-03 00:00:00+00:00,47.0335578918457,87.34754180908203,88.78616333007812,86.45652770996094,88.40562438964844,1648884.0,SPG,1d
2006-11-06 00:00:00+00:00,47.40340042114258,88.03437042236328,88.22927856445312,87.46820068359375,87.52388763427734,1169970.0,SPG,1d
2006-11-07 00:00:00+00:00,46.71870803833008,86.76280975341797,87.90442657470703,86.76280975341797,87.61670684814453,986055.0,SPG,1d
2006-11-08 00:00:00+00:00,46.858638763427734,87.02268981933594,87.45892333984375,85.70472717285156,86.7720947265625,905248.0,SPG,1d
2006-11-09 00:00:00+00:00,47.1285285949707,87.52388763427734,88.155029296875,86.53077697753906,87.17119598388672,868077.0,SPG,1d
2006-11-10 00:00:00+00:00,47.36839294433594,87.96939849853516,88.0993423461914,87.11550903320312,87.9415512084961,718101.0,SPG,1d
2006-11-13 00:00:00+00:00,47.54331970214844,88.29425048828125,88.52628326416016,87.84873962402344,87.97868347167969,594736.0,SPG,1d
2006-11-14 00:00:00+00:00,48.399742126464844,89.11101531982422,89.30592346191406,87.82089233398438,87.84873962402344,867431.0,SPG,1d
2006-11-15 00:00:00+00:00,48.082130432128906,88.52628326416016,89.30592346191406,88.51700592041016,89.30592346191406,994459.0,SPG,1d
2006-11-16 00:00:00+00:00,48.238433837890625,88.81401062011719,89.11101531982422,88.54484558105469,88.63766479492188,1135709.0,SPG,1d
2006-11-17 00:00:00+00:00,48.117435455322266,88.59125518798828,89.14813995361328,88.12718200683594,88.63766479492188,1162860.0,SPG,1d
2006-11-20 00:00:00+00:00,49.54405975341797,91.21790313720703,96.09992980957031,89.12030029296875,89.12030029296875,2256872.0,SPG,1d
2006-11-21 00:00:00+00:00,50.73882293701172,93.4176025390625,93.56610107421875,91.07868194580078,91.21790313720703,2265599.0,SPG,1d
2006-11-22 00:00:00+00:00,50.890045166015625,93.696044921875,94.22508239746094,92.99065399169922,93.4825668334961,750423.0,SPG,1d
2006-11-24 00:00:00+00:00,51.379024505615234,94.59634399414062,94.59634399414062,93.58466339111328,93.61251068115234,345636.0,SPG,1d
2006-11-27 00:00:00+00:00,49.498695373535156,91.13436889648438,94.29933166503906,91.11580657958984,94.29933166503906,1397414.0,SPG,1d
2006-11-28 00:00:00+00:00,49.90703582763672,91.88616180419922,92.23885345458984,89.71430969238281,91.13436889648438,2382391.0,SPG,1d
2006-11-29 00:00:00+00:00,50.653114318847656,93.25981140136719,93.4176025390625,91.83047485351562,92.11820220947266,723595.0,SPG,1d
2006-11-30 00:00:00+00:00,51.4092903137207,94.65203094482422,95.07897186279297,93.22268676757812,93.35263061523438,1093581.0,SPG,1d
2006-12-01 00:00:00+00:00,51.28828430175781,94.42927551269531,95.5987319946289,93.4732894897461,95.02328491210938,1017839.0,SPG,1d
2006-12-04 00:00:00+00:00,52.220890045166016,96.1463394165039,96.45262908935547,94.72628021240234,94.809814453125,1684762.0,SPG,1d
2006-12-05 00:00:00+00:00,51.731895446777344,95.24604034423828,96.60112762451172,95.17179107666016,96.28556060791016,1818470.0,SPG,1d
2006-12-06 00:00:00+00:00,51.126976013183594,94.13227081298828,95.24604034423828,93.43616485595703,95.24604034423828,1343758.0,SPG,1d
2006-12-07 00:00:00+00:00,51.041297912597656,93.9744873046875,94.819091796875,93.82598114013672,94.52208709716797,829290.0,SPG,1d
2006-12-08 00:00:00+00:00,51.137054443359375,94.15083312988281,94.49424743652344,93.51041412353516,94.2065200805664,505202.0,SPG,1d
2006-12-11 00:00:00+00:00,51.56553649902344,94.93975067138672,95.4223861694336,93.72388458251953,94.15083312988281,770894.0,SPG,1d
2006-12-12 00:00:00+00:00,51.187477111816406,94.24364471435547,95.76580047607422,94.04873657226562,94.94903564453125,944251.0,SPG,1d
2006-12-13 00:00:00+00:00,50.910213470458984,93.73316955566406,94.95832061767578,93.08346557617188,94.79125213623047,1520024.0,SPG,1d
2006-12-14 00:00:00+00:00,50.799312591552734,93.52897644042969,94.55921173095703,93.35263061523438,93.51969146728516,948453.0,SPG,1d
2006-12-15 00:00:00+00:00,50.658172607421875,93.26909637451172,94.46640014648438,93.11131286621094,93.7610092163086,1664291.0,SPG,1d
2006-12-18 00:00:00+00:00,50.396026611328125,92.78646087646484,93.94664001464844,92.600830078125,93.74244689941406,952008.0,SPG,1d
2006-12-19 00:00:00+00:00,49.750755310058594,91.59844207763672,93.05562591552734,90.85592651367188,92.79574584960938,1284500.0,SPG,1d
2006-12-20 00:00:00+00:00,50.71363067626953,93.3711929321289,93.82598114013672,92.10891723632812,92.11820220947266,1256272.0,SPG,1d
2006-12-21 00:00:00+00:00,49.89694595336914,91.86759948730469,93.6589126586914,91.85832214355469,93.3711929321289,1182792.0,SPG,1d
2006-12-22 00:00:00+00:00,49.45332717895508,91.05083465576172,92.07179260253906,90.80023956298828,91.70053100585938,774450.0,SPG,1d
2006-12-26 00:00:00+00:00,49.9322509765625,91.93257141113281,92.85143280029297,91.05083465576172,91.05083465576172,682330.0,SPG,1d
2006-12-27 00:00:00+00:00,50.84468460083008,93.61251068115234,93.61251068115234,91.93257141113281,92.62867736816406,907619.0,SPG,1d
2006-12-28 00:00:00+00:00,50.91526412963867,93.74244689941406,93.9837646484375,92.86071014404297,93.27838134765625,778113.0,SPG,1d
2006-12-29 00:00:00+00:00,51.06144714355469,94.01161193847656,94.70771789550781,93.51969146728516,93.73316955566406,771110.0,SPG,1d
2007-01-03 00:00:00+00:00,51.26811599731445,94.39215087890625,95.6451416015625,93.50112915039062,94.24364471435547,1608265.0,SPG,1d
2007-01-04 00:00:00+00:00,51.253028869628906,94.36430358886719,94.7634048461914,93.67748260498047,94.15083312988281,890057.0,SPG,1d
2007-01-05 00:00:00+00:00,50.06834411621094,92.18316650390625,94.04873657226562,91.91400909423828,93.9280776977539,936494.0,SPG,1d
2007-01-08 00:00:00+00:00,50.280094146728516,92.57299041748047,92.78646087646484,91.42208862304688,91.99754333496094,807419.0,SPG,1d
2007-01-09 00:00:00+00:00,51.3235969543457,94.49424743652344,94.73556518554688,92.9256820678711,93.18556213378906,1020748.0,SPG,1d
2007-01-10 00:00:00+00:00,52.23097610473633,96.16490173339844,96.21131134033203,93.96520233154297,94.32717895507812,1146375.0,SPG,1d
2007-01-11 00:00:00+00:00,53.26442337036133,98.06759643554688,98.81011199951172,96.16490173339844,96.5268783569336,1327597.0,SPG,1d
2007-01-12 00:00:00+00:00,53.108131408691406,97.77986907958984,99.07926940917969,97.37149047851562,98.01190948486328,1554825.0,SPG,1d
2007-01-16 00:00:00+00:00,54.68095397949219,100.67567443847656,100.67567443847656,98.38316345214844,98.38316345214844,1608480.0,SPG,1d
2007-01-17 00:00:00+00:00,54.84732437133789,100.98196411132812,101.44603729248047,99.27418518066406,100.37866973876953,1438140.0,SPG,1d
2007-01-18 00:00:00+00:00,54.83726119995117,100.9634017944336,101.70591735839844,100.42507934570312,101.05621337890625,1036694.0,SPG,1d
2007-01-19 00:00:00+00:00,55.21532440185547,101.65950775146484,101.65950775146484,100.00741577148438,101.16759490966797,1073434.0,SPG,1d
2007-01-22 00:00:00+00:00,54.59527587890625,100.51789093017578,101.72447967529297,100.29513549804688,101.72447967529297,959766.0,SPG,1d
2007-01-23 00:00:00+00:00,54.938045501708984,101.14903259277344,101.99364471435547,100.39723205566406,100.88915252685547,965692.0,SPG,1d
2007-01-24 00:00:00+00:00,56.10257339477539,103.29303741455078,103.29303741455078,101.03765106201172,101.14903259277344,1033030.0,SPG,1d
2007-01-25 00:00:00+00:00,56.2537727355957,103.57148742675781,105.34423828125,102.94963073730469,104.33255767822266,5330428.0,SPG,1d
2007-01-26 00:00:00+00:00,56.551212310791016,104.11908721923828,104.41609191894531,102.95890808105469,103.9520263671875,1576697.0,SPG,1d
2007-01-29 00:00:00+00:00,56.490718841552734,104.0077133178711,104.86160278320312,103.56220245361328,104.11908721923828,906218.0,SPG,1d
2007-01-30 00:00:00+00:00,57.21160888671875,105.33495330810547,105.33495330810547,103.4136962890625,104.23974609375,1010943.0,SPG,1d
2007-01-31 00:00:00+00:00,57.665313720703125,106.1702880859375,106.81998443603516,104.44393920898438,105.33495330810547,1187748.0,SPG,1d
2007-02-01 00:00:00+00:00,57.609867095947266,106.06819152832031,106.07746887207031,105.16789245605469,106.04034423828125,1501600.0,SPG,1d
2007-02-02 00:00:00+00:00,57.952659606933594,106.69932556152344,106.69932556152344,105.21429443359375,105.72477722167969,961705.0,SPG,1d
2007-02-05 00:00:00+00:00,58.6130256652832,107.91519165039062,108.00801086425781,106.35591125488281,106.64363861083984,1036586.0,SPG,1d
2007-02-06 00:00:00+00:00,59.93377685546875,110.34693145751953,110.34693145751953,108.119384765625,108.54633331298828,2062505.0,SPG,1d
2007-02-07 00:00:00+00:00,62.39889907836914,114.88555145263672,115.0526123046875,109.42807006835938,110.34693145751953,3297229.0,SPG,1d
2007-02-08 00:00:00+00:00,61.088218688964844,112.47237396240234,114.56069946289062,111.93405151367188,113.69752502441406,2751085.0,SPG,1d
2007-02-09 00:00:00+00:00,59.59605407714844,109.7250747680664,112.8807601928711,107.30261993408203,112.53734588623047,4756702.0,SPG,1d
2007-02-12 00:00:00+00:00,58.37432098388672,106.65291595458984,108.91758728027344,106.35591125488281,108.71339416503906,2829305.0,SPG,1d
2007-02-13 00:00:00+00:00,59.94407653808594,109.52088165283203,109.56729125976562,104.96369934082031,105.34423828125,2781899.0,SPG,1d
2007-02-14 00:00:00+00:00,59.806915283203125,109.2702865600586,110.18914031982422,107.3397445678711,108.22148132324219,2049900.0,SPG,1d
2007-02-15 00:00:00+00:00,60.14726638793945,109.89213562011719,110.53255462646484,108.88046264648438,109.2795639038086,1555040.0,SPG,1d
2007-02-16 00:00:00+00:00,60.06597900390625,109.74363708496094,109.87357330322266,108.12866973876953,109.85501098632812,1664291.0,SPG,1d
2007-02-20 00:00:00+00:00,60.60444259643555,110.72747039794922,111.06159973144531,102.65262603759766,109.62297821044922,1552239.0,SPG,1d
2007-02-21 00:00:00+00:00,60.86859130859375,111.21009826660156,111.27507019042969,109.5580062866211,110.54183959960938,1470678.0,SPG,1d
2007-02-22 00:00:00+00:00,60.563812255859375,110.65321350097656,111.84123992919922,110.36549377441406,111.65560913085938,1197552.0,SPG,1d
2007-02-23 00:00:00+00:00,59.65449523925781,108.99183654785156,110.63465118408203,108.78765106201172,110.53255462646484,1458073.0,SPG,1d
2007-02-26 00:00:00+00:00,58.735015869140625,107.31189727783203,109.89213562011719,105.80831146240234,109.24243927001953,2010574.0,SPG,1d
2007-02-27 00:00:00+00:00,56.626800537109375,103.4601058959961,107.31189727783203,102.94963073730469,107.31189727783203,2110020.0,SPG,1d
2007-02-28 00:00:00+00:00,57.27195358276367,104.63884735107422,105.48345947265625,103.4136962890625,104.36968994140625,2112605.0,SPG,1d
2007-03-01 00:00:00+00:00,56.830020904541016,103.83136749267578,105.45561218261719,100.38795471191406,103.0702896118164,2065091.0,SPG,1d
2007-03-02 00:00:00+00:00,55.24502944946289,100.93555450439453,103.42298126220703,100.93555450439453,102.569091796875,2017254.0,SPG,1d
2007-03-05 00:00:00+00:00,52.90824890136719,96.66609954833984,100.6849594116211,96.66609954833984,99.54334259033203,2390795.0,SPG,1d
2007-03-06 00:00:00+00:00,55.40760803222656,101.2325668334961,101.65950775146484,98.39244842529297,98.39244842529297,2384869.0,SPG,1d
2007-03-07 00:00:00+00:00,54.523685455322266,99.61759185791016,101.87297821044922,99.49693298339844,101.04693603515625,2015099.0,SPG,1d
2007-03-08 00:00:00+00:00,55.712398529052734,101.7894515991211,102.46699523925781,100.72208404541016,100.72208404541016,1628413.0,SPG,1d
2007-03-09 00:00:00+00:00,56.35248565673828,102.95890808105469,103.54364013671875,101.92867279052734,103.11669158935547,1281483.0,SPG,1d
2007-03-12 00:00:00+00:00,57.652957916259766,105.33495330810547,105.91968536376953,103.20022583007812,103.30232238769531,2053347.0,SPG,1d
2007-03-13 00:00:00+00:00,55.79876708984375,101.94723510742188,104.94513702392578,101.77088928222656,104.94513702392578,1963490.0,SPG,1d
2007-03-14 00:00:00+00:00,55.702247619628906,101.77088928222656,102.87537384033203,99.27418518066406,102.50411987304688,2371833.0,SPG,1d
2007-03-15 00:00:00+00:00,56.37787628173828,103.00531768798828,103.33016967773438,101.57597351074219,101.77088928222656,1062013.0,SPG,1d
2007-03-16 00:00:00+00:00,55.620948791503906,101.62238311767578,103.99842834472656,101.47388458251953,103.16310119628906,1743481.0,SPG,1d
2007-03-19 00:00:00+00:00,56.57093048095703,103.3580093383789,103.55291748046875,102.04933166503906,102.65262603759766,917423.0,SPG,1d
2007-03-20 00:00:00+00:00,56.718238830566406,103.6271743774414,104.35112762451172,102.55980682373047,103.3580093383789,1177728.0,SPG,1d
2007-03-21 00:00:00+00:00,57.815547943115234,105.63196563720703,105.78974914550781,102.48555755615234,103.58076477050781,1248407.0,SPG,1d
2007-03-22 00:00:00+00:00,57.83586120605469,105.6690902709961,106.4580078125,104.91728973388672,105.72477722167969,973018.0,SPG,1d
2007-03-23 00:00:00+00:00,58.19146728515625,106.31878662109375,107.6089096069336,105.21429443359375,105.6690902709961,1441265.0,SPG,1d
2007-03-26 00:00:00+00:00,56.82494354248047,103.82208251953125,106.30022430419922,103.51579284667969,106.1795654296875,1252932.0,SPG,1d
2007-03-27 00:00:00+00:00,55.854637145996094,102.04933166503906,103.64573669433594,101.63166809082031,103.64573669433594,1172880.0,SPG,1d
2007-03-28 00:00:00+00:00,55.300941467285156,101.03765106201172,102.13285827636719,99.88675689697266,101.44603729248047,1535324.0,SPG,1d
2007-03-29 00:00:00+00:00,55.473670959472656,101.35322570800781,102.70831298828125,100.81489562988281,101.9657974243164,1374573.0,SPG,1d
2007-03-30 00:00:00+00:00,56.51505661010742,103.25591278076172,103.44154357910156,100.82418060302734,101.7894515991211,1860381.0,SPG,1d
2007-04-02 00:00:00+00:00,57.20085144042969,104.5089111328125,104.93585205078125,102.86609649658203,103.25591278076172,1356903.0,SPG,1d
2007-04-03 00:00:00+00:00,58.272735595703125,106.46729278564453,106.65291595458984,105.08435821533203,105.71549224853516,1515499.0,SPG,1d
2007-04-04 00:00:00+00:00,57.48532485961914,105.02867126464844,106.69004821777344,104.1840591430664,106.62507629394531,1471109.0,SPG,1d
2007-04-05 00:00:00+00:00,57.72914505004883,105.47417449951172,105.87327575683594,104.97297668457031,105.02867126464844,842758.0,SPG,1d
2007-04-09 00:00:00+00:00,57.927284240722656,105.83615112304688,106.15172576904297,105.14933013916016,105.50202178955078,696444.0,SPG,1d
2007-04-10 00:00:00+00:00,58.17111587524414,106.28166198730469,107.45111846923828,105.49273681640625,106.27237701416016,967308.0,SPG,1d
2007-04-11 00:00:00+00:00,56.86555862426758,103.89633178710938,106.58795166015625,103.04244232177734,104.85232543945312,1587794.0,SPG,1d
2007-04-12 00:00:00+00:00,56.49473190307617,103.21878814697266,103.6364517211914,102.55052947998047,103.0702896118164,1007819.0,SPG,1d
2007-04-13 00:00:00+00:00,57.454856872558594,104.97297668457031,105.15860748291016,102.39273834228516,103.21878814697266,972156.0,SPG,1d
2007-04-16 00:00:00+00:00,57.06370162963867,104.25830841064453,105.34423828125,104.0169906616211,105.0193862915039,1264783.0,SPG,1d
2007-04-17 00:00:00+00:00,58.18636703491211,106.30950927734375,106.31878662109375,104.09124755859375,104.60172271728516,1283531.0,SPG,1d
2007-04-18 00:00:00+00:00,57.84092330932617,105.6783676147461,106.34663391113281,105.54843139648438,106.30950927734375,1281376.0,SPG,1d
2007-04-19 00:00:00+00:00,57.551368713378906,105.14933013916016,105.68765258789062,104.44393920898438,105.68765258789062,1404309.0,SPG,1d
2007-04-20 00:00:00+00:00,58.12542724609375,106.19812774658203,107.07986450195312,105.71549224853516,106.64363861083984,1369616.0,SPG,1d
2007-04-23 00:00:00+00:00,59.364933013916016,108.46279907226562,108.70411682128906,106.19812774658203,106.19812774658203,1258534.0,SPG,1d
2007-04-24 00:00:00+00:00,58.795955657958984,107.42327880859375,109.2888412475586,107.005615234375,108.69483184814453,1009219.0,SPG,1d
2007-04-25 00:00:00+00:00,58.775604248046875,107.38615417480469,109.03824615478516,106.2259750366211,108.09153747558594,1469601.0,SPG,1d
2007-04-26 00:00:00+00:00,58.846771240234375,107.5160903930664,108.40711212158203,106.56938934326172,107.3397445678711,878421.0,SPG,1d
2007-04-27 00:00:00+00:00,59.486854553222656,108.68555450439453,109.04753112792969,107.2376480102539,107.5160903930664,1078928.0,SPG,1d
2007-04-30 00:00:00+00:00,58.562294006347656,106.99633026123047,109.75291442871094,106.9592056274414,109.223876953125,1571094.0,SPG,1d
2007-05-01 00:00:00+00:00,57.6021728515625,105.24214172363281,107.27477264404297,103.9613037109375,107.014892578125,2011974.0,SPG,1d
2007-05-02 00:00:00+00:00,58.54196548461914,106.9592056274414,107.19123840332031,105.20501708984375,105.78046417236328,1261336.0,SPG,1d
2007-05-03 00:00:00+00:00,58.49114227294922,106.86639404296875,107.66459655761719,106.7271728515625,107.66459655761719,875188.0,SPG,1d
2007-05-04 00:00:00+00:00,57.58184051513672,105.20501708984375,107.7945327758789,104.89872741699219,107.67387390136719,1110389.0,SPG,1d
2007-05-07 00:00:00+00:00,57.87142562866211,105.73405456542969,106.69004821777344,105.353515625,106.69004821777344,765184.0,SPG,1d
2007-05-08 00:00:00+00:00,56.84523391723633,103.85920715332031,105.31639099121094,103.81279754638672,105.31639099121094,1408296.0,SPG,1d
2007-05-09 00:00:00+00:00,57.82567596435547,105.65052795410156,106.31878662109375,103.42298126220703,103.42298126220703,1748330.0,SPG,1d
2007-05-10 00:00:00+00:00,56.51505661010742,103.25591278076172,105.5762710571289,103.25591278076172,104.88016510009766,1817392.0,SPG,1d
2007-05-11 00:00:00+00:00,57.144962310791016,104.40681457519531,105.0101089477539,103.76639556884766,104.41609191894531,1296029.0,SPG,1d
2007-05-14 00:00:00+00:00,56.52519607543945,103.27447509765625,105.1122055053711,103.19094848632812,104.39752960205078,1073649.0,SPG,1d
2007-05-15 00:00:00+00:00,55.58028793334961,100.72208404541016,103.50651550292969,100.49005126953125,102.8568115234375,1852732.0,SPG,1d
2007-05-16 00:00:00+00:00,54.63276672363281,99.00502014160156,101.00981140136719,98.21610260009766,100.70352172851562,1766753.0,SPG,1d
2007-05-17 00:00:00+00:00,53.3881950378418,96.7496337890625,98.689453125,96.29484558105469,98.47598266601562,1962090.0,SPG,1d
2007-05-18 00:00:00+00:00,52.911888122558594,95.88645935058594,96.99095153808594,94.63346862792969,96.82388305664062,2509096.0,SPG,1d
2007-05-21 00:00:00+00:00,53.35747146606445,96.6939468383789,97.84484100341797,95.84004974365234,95.8771743774414,2119393.0,SPG,1d
2007-05-22 00:00:00+00:00,54.304988861083984,98.4110107421875,99.22777557373047,96.81460571289062,97.15801239013672,1850361.0,SPG,1d
2007-05-23 00:00:00+00:00,53.162845611572266,96.34124755859375,99.37628173828125,96.29484558105469,98.4110107421875,1432322.0,SPG,1d
2007-05-24 00:00:00+00:00,51.81071472167969,93.89095306396484,96.7589111328125,92.94424438476562,96.15562438964844,2164429.0,SPG,1d
2007-05-25 00:00:00+00:00,52.17948532104492,94.55921173095703,96.28556060791016,94.12298583984375,94.64274597167969,1483392.0,SPG,1d
2007-05-29 00:00:00+00:00,53.98231506347656,97.82627868652344,99.08855438232422,95.45951080322266,95.45951080322266,2009927.0,SPG,1d
2007-05-30 00:00:00+00:00,55.698055267333984,100.93555450439453,100.93555450439453,98.03047180175781,99.17208862304688,2549607.0,SPG,1d
2007-05-31 00:00:00+00:00,55.30369567871094,100.22088623046875,101.44603729248047,99.11639404296875,100.89842987060547,1727643.0,SPG,1d
2007-06-01 00:00:00+00:00,55.324195861816406,100.25801086425781,100.77777099609375,99.33914947509766,100.22088623046875,944897.0,SPG,1d
2007-06-04 00:00:00+00:00,55.66223907470703,100.87059020996094,101.43675231933594,99.77537536621094,100.0259780883789,871956.0,SPG,1d
2007-06-05 00:00:00+00:00,54.25890350341797,98.32747650146484,101.02837371826172,98.31819152832031,100.8613052368164,1578959.0,SPG,1d
2007-06-06 00:00:00+00:00,53.649410247802734,97.22298431396484,98.33675384521484,96.81460571289062,98.33675384521484,1218993.0,SPG,1d
2007-06-07 00:00:00+00:00,51.50856018066406,93.34334564208984,97.22298431396484,92.8235855102539,96.7589111328125,2518039.0,SPG,1d
2007-06-08 00:00:00+00:00,52.12826919555664,94.46640014648438,94.52208709716797,92.35023498535156,93.1484375,1874065.0,SPG,1d
2007-06-11 00:00:00+00:00,50.91444396972656,92.2667007446289,93.0927505493164,91.477783203125,92.62867736816406,1806187.0,SPG,1d
2007-06-12 00:00:00+00:00,49.58278274536133,89.85353088378906,91.79335021972656,89.43586730957031,91.40352630615234,2656595.0,SPG,1d
2007-06-13 00:00:00+00:00,51.14492416381836,92.68436431884766,92.73077392578125,89.98346710205078,90.26190948486328,2643450.0,SPG,1d
2007-06-14 00:00:00+00:00,50.27935791015625,91.11580657958984,93.27838134765625,90.6517333984375,91.56130981445312,2223149.0,SPG,1d
2007-06-15 00:00:00+00:00,50.776187896728516,92.01610565185547,92.94424438476562,91.57059478759766,91.9882583618164,2044728.0,SPG,1d
2007-06-18 00:00:00+00:00,49.54183578491211,89.77928161621094,92.00682067871094,89.77928161621094,91.73766326904297,1663429.0,SPG,1d
2007-06-19 00:00:00+00:00,50.05912399291992,90.71670532226562,90.71670532226562,88.82328796386719,89.78855895996094,1733030.0,SPG,1d
2007-06-20 00:00:00+00:00,49.05527877807617,88.89754486083984,90.81879425048828,88.53556823730469,90.67958068847656,2371402.0,SPG,1d
2007-06-21 00:00:00+00:00,49.09111404418945,88.96250915527344,89.20382690429688,86.56790161132812,88.35922241210938,2390364.0,SPG,1d
2007-06-22 00:00:00+00:00,48.63017654418945,88.12718200683594,89.33377075195312,87.22688293457031,88.31281280517578,1836463.0,SPG,1d
2007-06-25 00:00:00+00:00,47.52902603149414,86.13167572021484,88.54484558105469,85.29634857177734,88.12718200683594,2006264.0,SPG,1d
2007-06-26 00:00:00+00:00,47.48292541503906,86.04814147949219,86.87419128417969,85.18496704101562,85.63047790527344,2452208.0,SPG,1d
2007-06-27 00:00:00+00:00,49.275516510009766,89.29664611816406,89.46370697021484,84.57239532470703,84.95293426513672,2344574.0,SPG,1d
2007-06-28 00:00:00+00:00,48.353614807128906,87.62598419189453,90.17838287353516,87.62598419189453,89.23167419433594,2028782.0,SPG,1d
2007-06-29 00:00:00+00:00,47.651947021484375,86.35443115234375,89.05532836914062,85.45413208007812,87.85802459716797,3116869.0,SPG,1d
2007-07-02 00:00:00+00:00,49.43427276611328,89.58436584472656,89.91850280761719,86.90203857421875,86.90203857421875,2248253.0,SPG,1d
2007-07-03 00:00:00+00:00,48.76846694946289,88.3777847290039,90.64244842529297,88.09005737304688,90.54035949707031,1441373.0,SPG,1d
2007-07-05 00:00:00+00:00,49.52135467529297,89.74214935302734,92.3223876953125,87.19904327392578,88.3777847290039,1687024.0,SPG,1d
2007-07-06 00:00:00+00:00,49.1372184753418,89.0460433959961,90.01131439208984,88.33137512207031,89.74214935302734,1074619.0,SPG,1d
2007-07-09 00:00:00+00:00,48.97844696044922,88.7583236694336,89.40802001953125,87.79305267333984,89.40802001953125,986055.0,SPG,1d
2007-07-10 00:00:00+00:00,47.02196502685547,85.21281433105469,88.34993743896484,84.94364929199219,87.92298889160156,2333369.0,SPG,1d
2007-07-11 00:00:00+00:00,46.730037689208984,84.68376922607422,85.01790618896484,83.12449645996094,84.96221923828125,2251808.0,SPG,1d
2007-07-12 00:00:00+00:00,47.58024215698242,86.2244873046875,86.29874420166016,84.48886108398438,85.22209930419922,1459042.0,SPG,1d
2007-07-13 00:00:00+00:00,48.281925201416016,87.49604797363281,87.79305267333984,85.4355697631836,86.30802154541016,1175034.0,SPG,1d
2007-07-16 00:00:00+00:00,48.3382453918457,87.59814453125,89.89994049072266,87.57029724121094,88.24784088134766,1704155.0,SPG,1d
2007-07-17 00:00:00+00:00,47.94387435913086,86.88346862792969,88.17359161376953,86.13167572021484,88.155029296875,1706095.0,SPG,1d
2007-07-18 00:00:00+00:00,47.77997589111328,86.58646392822266,87.47748565673828,84.52598571777344,86.88346862792969,2070586.0,SPG,1d
2007-07-19 00:00:00+00:00,48.15386962890625,87.26400756835938,88.22927856445312,86.31730651855469,86.70712280273438,1097891.0,SPG,1d
2007-07-20 00:00:00+00:00,46.94514846801758,85.07359313964844,87.23616790771484,84.67449188232422,87.23616790771484,2335200.0,SPG,1d
2007-07-23 00:00:00+00:00,46.49955749511719,84.26610565185547,86.08526611328125,84.17329406738281,85.83467102050781,1512590.0,SPG,1d
2007-07-24 00:00:00+00:00,45.79276657104492,82.98526763916016,84.74874114990234,82.62329864501953,83.37509155273438,2547452.0,SPG,1d
2007-07-25 00:00:00+00:00,45.65961456298828,82.74395751953125,84.91580963134766,81.43527221679688,84.10832214355469,2305140.0,SPG,1d
2007-07-26 00:00:00+00:00,44.88112258911133,81.33317565917969,82.74395751953125,79.17988586425781,82.74395751953125,4650792.0,SPG,1d
2007-07-27 00:00:00+00:00,43.48290252685547,78.79934692382812,83.36580657958984,78.79934692382812,79.76461791992188,3988717.0,SPG,1d
2007-07-30 00:00:00+00:00,44.22553634643555,80.14514923095703,83.12449645996094,77.99185943603516,83.12449645996094,2943727.0,SPG,1d
2007-07-31 00:00:00+00:00,44.3177375793457,80.31221771240234,84.06192016601562,80.14514923095703,82.8367691040039,2986501.0,SPG,1d
2007-08-01 00:00:00+00:00,44.40992736816406,80.47928619384766,80.6741943359375,76.66461944580078,80.05233764648438,3318346.0,SPG,1d
2007-08-02 00:00:00+00:00,44.73260498046875,81.06401824951172,82.29844665527344,80.03377532958984,81.20323944091797,2254933.0,SPG,1d
2007-08-03 00:00:00+00:00,43.54949188232422,78.92000579833984,81.67658996582031,78.77149963378906,80.95263671875,3077004.0,SPG,1d
2007-08-06 00:00:00+00:00,45.18842697143555,81.89006042480469,82.14994049072266,78.44664764404297,80.7298812866211,3056210.0,SPG,1d
2007-08-07 00:00:00+00:00,45.57253646850586,82.58616638183594,83.90413665771484,80.27509307861328,81.24964141845703,2628259.0,SPG,1d
2007-08-08 00:00:00+00:00,48.67626953125,88.2107162475586,89.56580352783203,80.98976135253906,80.98976135253906,3881298.0,SPG,1d
2007-08-09 00:00:00+00:00,49.183319091796875,89.12957763671875,89.81640625,83.9969482421875,87.67239379882812,3588779.0,SPG,1d
2007-08-10 00:00:00+00:00,46.60200500488281,84.45173645019531,88.47059631347656,84.17329406738281,87.44963836669922,2782545.0,SPG,1d
2007-08-13 00:00:00+00:00,46.786380767822266,84.7858657836914,86.38227844238281,84.08975982666016,86.2244873046875,1858442.0,SPG,1d
2007-08-14 00:00:00+00:00,45.56742858886719,82.57688903808594,84.41461181640625,82.20562744140625,84.28466796875,2800215.0,SPG,1d
2007-08-15 00:00:00+00:00,44.33855056762695,79.53257751464844,84.11760711669922,79.281982421875,82.26132202148438,2225519.0,SPG,1d
2007-08-16 00:00:00+00:00,45.46653366088867,81.5559310913086,82.60472869873047,77.96401977539062,78.05683135986328,3484161.0,SPG,1d
2007-08-17 00:00:00+00:00,47.36033248901367,84.95293426513672,88.90682220458984,82.72538757324219,83.53287506103516,3137232.0,SPG,1d
2007-08-20 00:00:00+00:00,48.45730209350586,86.92060089111328,87.33826446533203,83.97838592529297,84.94364929199219,2439495.0,SPG,1d
2007-08-21 00:00:00+00:00,48.84537124633789,87.61670684814453,87.69095611572266,85.79754638671875,85.9924545288086,1193566.0,SPG,1d
2007-08-22 00:00:00+00:00,49.828487396240234,89.38018035888672,89.92778015136719,87.45892333984375,88.40562438964844,1816961.0,SPG,1d
2007-08-23 00:00:00+00:00,49.1196174621582,88.1086196899414,90.49394989013672,87.3846664428711,89.48226928710938,1652439.0,SPG,1d
2007-08-24 00:00:00+00:00,48.653900146484375,87.2732925415039,87.98796081542969,86.13167572021484,87.98796081542969,1189364.0,SPG,1d
2007-08-27 00:00:00+00:00,47.53110122680664,85.25922393798828,87.5610122680664,85.25922393798828,87.31041717529297,1002324.0,SPG,1d
2007-08-28 00:00:00+00:00,45.48207473754883,81.58377838134766,85.00862121582031,81.509521484375,84.92508697509766,2023934.0,SPG,1d
2007-08-29 00:00:00+00:00,47.10676956176758,84.4981460571289,84.52598571777344,81.31461334228516,81.81581115722656,1311974.0,SPG,1d
2007-08-30 00:00:00+00:00,47.929508209228516,85.97389221191406,86.31730651855469,83.4400634765625,84.04335021972656,1311328.0,SPG,1d
2007-08-31 00:00:00+00:00,49.11443328857422,88.0993423461914,89.259521484375,85.97389221191406,86.52149963378906,2152901.0,SPG,1d
2007-09-04 00:00:00+00:00,50.36143493652344,90.33616638183594,91.487060546875,86.91131591796875,88.41490936279297,1781191.0,SPG,1d
2007-09-05 00:00:00+00:00,48.690147399902344,87.33826446533203,89.83496856689453,86.79065704345703,89.65862274169922,1973295.0,SPG,1d
2007-09-06 00:00:00+00:00,49.290348052978516,88.41490936279297,88.61910247802734,85.79754638671875,87.29185485839844,1117931.0,SPG,1d
2007-09-07 00:00:00+00:00,47.66562271118164,85.50054168701172,87.15263366699219,85.28706359863281,86.75353240966797,1411097.0,SPG,1d
2007-09-10 00:00:00+00:00,47.60353469848633,85.38916015625,86.7720947265625,83.96910095214844,86.06670379638672,1240757.0,SPG,1d
2007-09-11 00:00:00+00:00,48.61252212524414,87.19904327392578,87.29185485839844,85.92748260498047,86.12239837646484,1312513.0,SPG,1d
2007-09-12 00:00:00+00:00,49.12995147705078,88.12718200683594,88.7583236694336,86.37299346923828,86.96700286865234,1283423.0,SPG,1d
2007-09-13 00:00:00+00:00,49.8181266784668,89.36161041259766,90.72598266601562,88.70262908935547,89.259521484375,1996783.0,SPG,1d
2007-09-14 00:00:00+00:00,49.756046295166016,89.25023651123047,89.41730499267578,87.8765869140625,88.34066009521484,1057811.0,SPG,1d
2007-09-17 00:00:00+00:00,49.238609313964844,88.32209777832031,89.268798828125,87.3197021484375,88.58197021484375,958581.0,SPG,1d
2007-09-18 00:00:00+00:00,51.60325241088867,92.56370544433594,92.72148895263672,88.4798812866211,88.63766479492188,2613713.0,SPG,1d
2007-09-19 00:00:00+00:00,52.48807907104492,94.15083312988281,95.5987319946289,92.80502319335938,92.8143081665039,2010574.0,SPG,1d
2007-09-20 00:00:00+00:00,51.52048110961914,92.41520690917969,93.74244689941406,92.12747955322266,93.4268798828125,1281376.0,SPG,1d
2007-09-21 00:00:00+00:00,51.675697326660156,92.69364929199219,93.74244689941406,92.41520690917969,92.8143081665039,1978898.0,SPG,1d
2007-09-24 00:00:00+00:00,52.741607666015625,94.60562133789062,94.94903564453125,92.67508697509766,92.78646087646484,1148207.0,SPG,1d
2007-09-25 00:00:00+00:00,50.863338470458984,91.23646545410156,94.79125213623047,90.95802307128906,94.08586120605469,1917377.0,SPG,1d
2007-09-26 00:00:00+00:00,51.21519088745117,91.86759948730469,92.5451431274414,90.0391616821289,91.42208862304688,1284500.0,SPG,1d
2007-09-27 00:00:00+00:00,51.71192169189453,92.75861358642578,93.58466339111328,91.99754333496094,92.6379623413086,947914.0,SPG,1d
2007-09-28 00:00:00+00:00,51.74296951293945,92.8143081665039,93.1948471069336,91.60771942138672,92.24813842773438,1683038.0,SPG,1d
2007-10-01 00:00:00+00:00,52.70537185668945,94.5406494140625,94.67059326171875,92.51730346679688,93.26909637451172,1604386.0,SPG,1d
2007-10-02 00:00:00+00:00,54.330135345458984,97.45502471923828,97.54783630371094,94.79125213623047,95.0882568359375,1659335.0,SPG,1d
2007-10-03 00:00:00+00:00,54.149017333984375,97.13017272949219,98.43885040283203,96.50831604003906,97.05592346191406,1378559.0,SPG,1d
2007-10-04 00:00:00+00:00,55.03899002075195,98.72657775878906,98.89364624023438,96.1927490234375,97.28795623779297,1218131.0,SPG,1d
2007-10-05 00:00:00+00:00,56.11521911621094,100.65711212158203,101.16759490966797,98.49454498291016,99.07926940917969,2068970.0,SPG,1d
2007-10-08 00:00:00+00:00,54.6043586730957,97.94693756103516,99.58975219726562,97.37149047851562,99.58975219726562,1266292.0,SPG,1d
2007-10-09 00:00:00+00:00,55.39086151123047,99.35771179199219,99.8589096069336,96.12777709960938,98.16969299316406,1748114.0,SPG,1d
2007-10-10 00:00:00+00:00,55.163177490234375,98.94933319091797,99.71041107177734,97.45502471923828,99.45980834960938,1153701.0,SPG,1d
2007-10-11 00:00:00+00:00,54.257686614990234,97.32508087158203,99.40412139892578,96.71250915527344,99.26490020751953,1558165.0,SPG,1d
2007-10-12 00:00:00+00:00,54.035179138183594,96.92597961425781,98.03047180175781,96.39693450927734,97.68705749511719,1181391.0,SPG,1d
2007-10-15 00:00:00+00:00,52.30179214477539,93.81670379638672,97.22298431396484,93.31550598144531,96.50831604003906,2438202.0,SPG,1d
2007-10-16 00:00:00+00:00,51.51012420654297,92.39664459228516,93.9744873046875,91.56130981445312,93.78885650634766,2032014.0,SPG,1d
2007-10-17 00:00:00+00:00,51.618804931640625,92.591552734375,94.22508239746094,90.26190948486328,93.93736267089844,1277174.0,SPG,1d
2007-10-18 00:00:00+00:00,51.970638275146484,93.22268676757812,94.17867279052734,90.45682525634766,92.18316650390625,1303463.0,SPG,1d
2007-10-19 00:00:00+00:00,49.854331970214844,89.42658233642578,92.90711975097656,89.0460433959961,92.58226776123047,1818901.0,SPG,1d
2007-10-22 00:00:00+00:00,50.511470794677734,90.6053237915039,91.00442504882812,86.79994201660156,88.20143127441406,1298722.0,SPG,1d
2007-10-23 00:00:00+00:00,51.02375411987305,91.52418518066406,93.21340942382812,90.0484390258789,91.21790313720703,1662244.0,SPG,1d
2007-10-24 00:00:00+00:00,50.59427261352539,90.75382995605469,91.37568664550781,88.28496551513672,90.79095458984375,1189364.0,SPG,1d
2007-10-25 00:00:00+00:00,50.951297760009766,91.39424896240234,92.48017120361328,89.66790008544922,91.51490783691406,1527674.0,SPG,1d
2007-10-26 00:00:00+00:00,50.956478118896484,91.40352630615234,93.13915252685547,90.05772399902344,92.15532684326172,1583053.0,SPG,1d
2007-10-29 00:00:00+00:00,51.375572204589844,92.15532684326172,93.40831756591797,90.81879425048828,91.79335021972656,1928259.0,SPG,1d
2007-10-30 00:00:00+00:00,52.9796142578125,95.0325698852539,96.88885498046875,91.93257141113281,92.27598571777344,2658319.0,SPG,1d
2007-10-31 00:00:00+00:00,53.983428955078125,96.83316802978516,97.09304809570312,94.0394515991211,95.78436279296875,2719408.0,SPG,1d
2007-11-01 00:00:00+00:00,51.960289001464844,93.2041244506836,96.44334411621094,92.9164047241211,95.46879577636719,2565661.0,SPG,1d
2007-11-02 00:00:00+00:00,51.313507080078125,92.0439453125,93.90951538085938,90.21550750732422,93.63107299804688,2392196.0,SPG,1d
2007-11-05 00:00:00+00:00,50.718467712402344,90.9765853881836,92.76789855957031,90.08556365966797,90.95802307128906,1511082.0,SPG,1d
2007-11-06 00:00:00+00:00,51.127220153808594,91.7098159790039,91.9882583618164,88.86969757080078,90.95802307128906,1481668.0,SPG,1d
2007-11-07 00:00:00+00:00,48.985076904296875,87.86730194091797,90.54963684082031,87.86730194091797,89.89065551757812,1993550.0,SPG,1d
2007-11-08 00:00:00+00:00,49.19721984863281,88.24784088134766,88.99964141845703,86.41940307617188,87.50532531738281,3016453.0,SPG,1d
2007-11-09 00:00:00+00:00,47.99677658081055,86.09455108642578,87.72808074951172,85.38916015625,86.78137969970703,2433784.0,SPG,1d
2007-11-12 00:00:00+00:00,48.46247100830078,86.92987823486328,89.01820373535156,85.42628479003906,85.42628479003906,1794443.0,SPG,1d
2007-11-13 00:00:00+00:00,51.27727127075195,91.97897338867188,92.11820220947266,87.49604797363281,88.17359161376953,2081145.0,SPG,1d
2007-11-14 00:00:00+00:00,51.024024963378906,90.68885803222656,93.23197174072266,90.44754028320312,92.02538299560547,1812759.0,SPG,1d
2007-11-15 00:00:00+00:00,50.53838348388672,89.82568359375,91.10652160644531,88.08077239990234,89.61221313476562,2002601.0,SPG,1d
2007-11-16 00:00:00+00:00,49.248565673828125,87.53317260742188,91.36640167236328,86.57718658447266,91.36640167236328,2745913.0,SPG,1d
2007-11-19 00:00:00+00:00,47.64016342163086,84.67449188232422,87.39395141601562,84.38676452636719,87.18975830078125,3396351.0,SPG,1d
2007-11-20 00:00:00+00:00,46.46002197265625,82.57688903808594,86.60502624511719,80.36790466308594,84.41461181640625,2899445.0,SPG,1d
2007-11-21 00:00:00+00:00,46.85688018798828,83.28227996826172,84.2289810180664,79.48617553710938,82.60472869873047,2562536.0,SPG,1d
2007-11-23 00:00:00+00:00,47.38951873779297,84.2289810180664,84.81371307373047,83.07808685302734,83.53287506103516,1620655.0,SPG,1d
2007-11-26 00:00:00+00:00,44.92997360229492,79.85742950439453,83.89485168457031,79.6161117553711,82.91101837158203,4104109.0,SPG,1d
2007-11-27 00:00:00+00:00,47.35298538208008,84.16401672363281,84.16401672363281,79.95952606201172,80.43287658691406,3523272.0,SPG,1d
2007-11-28 00:00:00+00:00,49.82296371459961,88.55413055419922,89.43586730957031,84.62808227539062,84.62808227539062,3780667.0,SPG,1d
2007-11-29 00:00:00+00:00,49.82296371459961,88.55413055419922,89.73287200927734,86.66072082519531,88.08077239990234,2733954.0,SPG,1d
2007-11-30 00:00:00+00:00,51.41046905517578,91.37568664550781,92.84214782714844,89.4915542602539,89.4915542602539,3533830.0,SPG,1d
2007-12-03 00:00:00+00:00,50.778594970703125,90.25263214111328,91.39424896240234,89.00891876220703,90.54963684082031,1895828.0,SPG,1d
2007-12-04 00:00:00+00:00,49.316444396972656,87.6538314819336,90.17838287353516,87.24544525146484,89.5379638671875,2068000.0,SPG,1d
2007-12-05 00:00:00+00:00,50.73161315917969,90.16909790039062,90.55892181396484,87.83946228027344,88.97179412841797,1913390.0,SPG,1d
2007-12-06 00:00:00+00:00,52.0318717956543,92.48017120361328,92.48017120361328,89.62149047851562,90.0391616821289,1614083.0,SPG,1d
2007-12-07 00:00:00+00:00,50.977020263671875,90.6053237915039,93.58466339111328,90.24334716796875,93.27838134765625,1705017.0,SPG,1d
2007-12-10 00:00:00+00:00,52.219871520996094,92.8143081665039,92.96280670166016,89.64006042480469,90.51251220703125,1310789.0,SPG,1d
2007-12-11 00:00:00+00:00,49.29555130004883,87.61670684814453,94.65203094482422,87.25473022460938,93.13915252685547,2689025.0,SPG,1d
2007-12-12 00:00:00+00:00,50.15195846557617,89.13886260986328,92.71221160888672,87.74664306640625,89.76071166992188,2593458.0,SPG,1d
2007-12-13 00:00:00+00:00,49.540992736816406,88.05293273925781,89.05532836914062,85.89964294433594,88.52628326416016,2068216.0,SPG,1d
2007-12-14 00:00:00+00:00,48.13627624511719,85.55622863769531,89.0460433959961,85.45413208007812,86.55862426757812,3019685.0,SPG,1d
2007-12-17 00:00:00+00:00,46.339908599853516,82.36341857910156,85.12928009033203,81.93647003173828,85.01790618896484,3132276.0,SPG,1d
2007-12-18 00:00:00+00:00,46.882999420166016,83.32868194580078,84.41461181640625,81.34246063232422,83.06880187988281,2725119.0,SPG,1d
2007-12-19 00:00:00+00:00,46.65845489501953,82.92958068847656,84.35892486572266,81.79724884033203,84.08975982666016,2166153.0,SPG,1d
2007-12-20 00:00:00+00:00,46.214576721191406,82.14066314697266,84.3218002319336,81.57449340820312,83.37509155273438,2397583.0,SPG,1d
2007-12-21 00:00:00+00:00,47.05010223388672,83.62568664550781,84.23826599121094,82.79035949707031,82.9388656616211,2161197.0,SPG,1d
2007-12-24 00:00:00+00:00,48.935237884521484,86.97628784179688,87.23616790771484,83.9969482421875,84.2289810180664,642358.0,SPG,1d
2007-12-26 00:00:00+00:00,47.68195343017578,84.74874114990234,86.7720947265625,84.26610565185547,86.28018188476562,1146806.0,SPG,1d
2007-12-27 00:00:00+00:00,46.07358932495117,81.89006042480469,84.46102142333984,81.11970520019531,83.84844207763672,2283484.0,SPG,1d
2007-12-28 00:00:00+00:00,45.478275299072266,80.83197784423828,82.87389373779297,79.6161117553711,82.60472869873047,2290703.0,SPG,1d
2007-12-31 00:00:00+00:00,45.35818099975586,80.6185073852539,81.2310791015625,79.3469467163086,80.41431427001953,2320547.0,SPG,1d
2008-01-02 00:00:00+00:00,44.846412658691406,79.70892333984375,81.33317565917969,78.4559326171875,80.7206039428711,2229398.0,SPG,1d
2008-01-03 00:00:00+00:00,43.828128814697266,77.8990478515625,80.93407440185547,77.58348083496094,80.01521301269531,2477420.0,SPG,1d
2008-01-04 00:00:00+00:00,41.546119689941406,73.84306335449219,77.44425964355469,73.2490463256836,77.30503845214844,5350684.0,SPG,1d
2008-01-07 00:00:00+00:00,42.41297149658203,75.38378143310547,76.1819839477539,72.47869110107422,74.43707275390625,3047267.0,SPG,1d
2008-01-08 00:00:00+00:00,40.40773010253906,71.81970977783203,77.92688751220703,71.63407897949219,75.64366149902344,3529736.0,SPG,1d
2008-01-09 00:00:00+00:00,41.645347595214844,74.0194091796875,74.09365844726562,70.06552124023438,71.72689819335938,4065645.0,SPG,1d
2008-01-10 00:00:00+00:00,42.68450927734375,75.86641693115234,77.79695129394531,71.42989349365234,73.32330322265625,4233184.0,SPG,1d
2008-01-11 00:00:00+00:00,42.83596420288086,76.13557434082031,77.2864761352539,73.80593872070312,75.31880950927734,4071463.0,SPG,1d
2008-01-14 00:00:00+00:00,42.65840530395508,75.82000732421875,77.51850891113281,73.80593872070312,76.90593719482422,2234354.0,SPG,1d
2008-01-15 00:00:00+00:00,41.34246063232422,73.48108673095703,74.82689666748047,72.61791229248047,74.27928924560547,2731906.0,SPG,1d
2008-01-16 00:00:00+00:00,41.94822311401367,74.55773162841797,76.07060241699219,72.9613265991211,73.04486083984375,2984777.0,SPG,1d
2008-01-17 00:00:00+00:00,41.53569030761719,73.82450103759766,75.64366149902344,72.48797607421875,74.64126586914062,3616899.0,SPG,1d
2008-01-18 00:00:00+00:00,40.8359260559082,72.5807876586914,75.57868957519531,70.93797302246094,74.48348236083984,3393442.0,SPG,1d
2008-01-22 00:00:00+00:00,43.650569915771484,77.58348083496094,78.65084075927734,69.42510223388672,69.64785766601562,6413235.0,SPG,1d
2008-01-23 00:00:00+00:00,47.097084045410156,83.70922088623047,84.07119750976562,76.10773468017578,76.55323791503906,5879482.0,SPG,1d
2008-01-24 00:00:00+00:00,45.84904098510742,81.49095916748047,83.718505859375,80.4421615600586,82.74395751953125,3666353.0,SPG,1d
2008-01-25 00:00:00+00:00,45.2171745300293,80.36790466308594,83.33796691894531,79.69964599609375,82.1128158569336,2867338.0,SPG,1d
2008-01-28 00:00:00+00:00,46.25634765625,82.21491241455078,82.37269592285156,78.37239837646484,80.32150268554688,2814437.0,SPG,1d
2008-01-29 00:00:00+00:00,45.80727005004883,81.41670989990234,82.76251983642578,79.91311645507812,82.57688903808594,2564260.0,SPG,1d
2008-01-30 00:00:00+00:00,45.35294723510742,80.60922241210938,84.6095199584961,79.82030487060547,81.2310791015625,3029274.0,SPG,1d
2008-01-31 00:00:00+00:00,46.67412567138672,82.95742797851562,82.95742797851562,78.84575653076172,80.46072387695312,3000184.0,SPG,1d
2008-02-01 00:00:00+00:00,49.8699836730957,88.63766479492188,88.87898254394531,82.92030334472656,82.92030334472656,4223702.0,SPG,1d
2008-02-04 00:00:00+00:00,49.170223236083984,87.39395141601562,88.90682220458984,86.02957916259766,88.64694213867188,2992534.0,SPG,1d
2008-02-05 00:00:00+00:00,46.42346954345703,82.51191711425781,86.02030181884766,82.35413360595703,86.02030181884766,3348191.0,SPG,1d
2008-02-06 00:00:00+00:00,44.95606231689453,79.90383911132812,83.09664916992188,79.82030487060547,82.79035949707031,3060089.0,SPG,1d
2008-02-07 00:00:00+00:00,45.723697662353516,81.26820373535156,81.26820373535156,78.2238998413086,79.30982208251953,3122471.0,SPG,1d
2008-02-08 00:00:00+00:00,43.79159164428711,77.83407592773438,80.85054016113281,76.1912612915039,80.51641082763672,2746559.0,SPG,1d
2008-02-11 00:00:00+00:00,43.655799865722656,77.59275817871094,79.19844818115234,76.20054626464844,77.96401977539062,1988594.0,SPG,1d
2008-02-12 00:00:00+00:00,44.94565200805664,79.8852767944336,80.28437805175781,77.9547348022461,78.27030181884766,1931814.0,SPG,1d
2008-02-13 00:00:00+00:00,44.98771667480469,79.0592269897461,81.43527221679688,77.33287811279297,80.3400650024414,2789548.0,SPG,1d
2008-02-14 00:00:00+00:00,44.67082977294922,78.5023422241211,79.69036102294922,77.82479858398438,79.62539672851562,2686547.0,SPG,1d
2008-02-15 00:00:00+00:00,44.63386535644531,78.43737030029297,78.91072082519531,76.52539825439453,78.34455871582031,1982130.0,SPG,1d
2008-02-19 00:00:00+00:00,44.03177261352539,77.37928771972656,79.87599182128906,76.51611328125,78.66012573242188,1546529.0,SPG,1d
2008-02-20 00:00:00+00:00,44.87682342529297,78.86431884765625,78.86431884765625,76.2376708984375,76.55323791503906,1471648.0,SPG,1d
2008-02-21 00:00:00+00:00,44.221893310546875,77.71341705322266,79.62539672851562,77.063720703125,78.90144348144531,2764875.0,SPG,1d
2008-02-22 00:00:00+00:00,45.3574333190918,79.70892333984375,79.70892333984375,76.62749481201172,78.186767578125,2056687.0,SPG,1d
2008-02-25 00:00:00+00:00,47.08975601196289,82.75323486328125,82.8831787109375,78.20533752441406,79.58826446533203,2708095.0,SPG,1d
2008-02-26 00:00:00+00:00,46.667236328125,82.0107192993164,82.81820678710938,81.32389831542969,82.26132202148438,2684931.0,SPG,1d
2008-02-27 00:00:00+00:00,46.34504699707031,81.4445571899414,82.48407745361328,80.6741943359375,81.66730499267578,1686162.0,SPG,1d
2008-02-28 00:00:00+00:00,45.309871673583984,79.62539672851562,81.08258056640625,79.5604248046875,80.59994506835938,1497075.0,SPG,1d
2008-02-29 00:00:00+00:00,44.258872985839844,77.77838897705078,79.40264129638672,77.45353698730469,78.88288116455078,2068000.0,SPG,1d
2008-03-03 00:00:00+00:00,44.850425720214844,78.81790924072266,78.81790924072266,76.52539825439453,77.53707122802734,3158242.0,SPG,1d
2008-03-04 00:00:00+00:00,45.2359504699707,79.49545288085938,80.1729965209961,77.51850891113281,77.93617248535156,3071186.0,SPG,1d
2008-03-05 00:00:00+00:00,45.73770523071289,80.37718963623047,81.5559310913086,79.04994201660156,80.395751953125,2124780.0,SPG,1d
2008-03-06 00:00:00+00:00,43.498348236083984,76.44186401367188,80.22868347167969,76.20982360839844,79.82958221435547,2515884.0,SPG,1d
2008-03-07 00:00:00+00:00,44.427879333496094,78.07539367675781,78.59515380859375,75.08677673339844,76.2933578491211,2820363.0,SPG,1d
2008-03-10 00:00:00+00:00,43.382144927978516,76.2376708984375,78.27030181884766,76.09844970703125,78.00114440917969,1894105.0,SPG,1d
2008-03-11 00:00:00+00:00,47.21123123168945,82.96670532226562,83.24514770507812,77.80623626708984,77.80623626708984,3644374.0,SPG,1d
2008-03-12 00:00:00+00:00,45.69544982910156,80.30294036865234,83.89485168457031,80.03377532958984,82.05712890625,2848914.0,SPG,1d
2008-03-13 00:00:00+00:00,46.64084243774414,81.96431732177734,82.49335479736328,77.66700744628906,78.89215850830078,2828982.0,SPG,1d
2008-03-14 00:00:00+00:00,45.54227828979492,80.03377532958984,82.80892181396484,77.87120056152344,82.24275970458984,2598199.0,SPG,1d
2008-03-17 00:00:00+00:00,46.376773834228516,81.500244140625,82.59545135498047,78.07539367675781,78.76222229003906,2700015.0,SPG,1d
2008-03-18 00:00:00+00:00,49.3238410949707,86.67928314208984,86.67928314208984,82.6697006225586,84.61880493164062,3508080.0,SPG,1d
2008-03-19 00:00:00+00:00,48.27811050415039,84.84156036376953,88.17359161376953,84.59095764160156,88.17359161376953,3669262.0,SPG,1d
2008-03-20 00:00:00+00:00,50.184715270996094,88.19215393066406,88.3870620727539,83.29155731201172,85.28706359863281,3290872.0,SPG,1d
2008-03-24 00:00:00+00:00,49.0280647277832,86.1595230102539,89.35233306884766,85.98316955566406,88.45203399658203,4068769.0,SPG,1d
2008-03-25 00:00:00+00:00,50.33257293701172,88.45203399658203,88.61910247802734,85.62120056152344,86.02030181884766,2928967.0,SPG,1d
2008-03-26 00:00:00+00:00,49.65656280517578,87.26400756835938,88.58197021484375,86.92987823486328,88.164306640625,2202570.0,SPG,1d
2008-03-27 00:00:00+00:00,49.57207489013672,87.11550903320312,89.72358703613281,86.88346862792969,87.63526916503906,2500692.0,SPG,1d
2008-03-28 00:00:00+00:00,48.7692756652832,85.70472717285156,87.75592803955078,85.39844512939453,87.01341247558594,2188671.0,SPG,1d
2008-03-31 00:00:00+00:00,49.0703125,86.23377227783203,88.36849975585938,85.31491088867188,86.2244873046875,2612636.0,SPG,1d
2008-04-01 00:00:00+00:00,52.661739349365234,92.5451431274414,92.57299041748047,86.79994201660156,87.9322738647461,3389133.0,SPG,1d
2008-04-02 00:00:00+00:00,53.25324249267578,93.58466339111328,94.5870590209961,91.17149353027344,92.8143081665039,3272664.0,SPG,1d
2008-04-03 00:00:00+00:00,54.499691009521484,95.77508544921875,95.89574432373047,92.40592193603516,93.1948471069336,3281606.0,SPG,1d
2008-04-04 00:00:00+00:00,52.957496643066406,93.06490325927734,95.73795318603516,92.78646087646484,95.73795318603516,2601431.0,SPG,1d
2008-04-07 00:00:00+00:00,53.121212005615234,93.35263061523438,94.7634048461914,92.11820220947266,94.02088928222656,1476712.0,SPG,1d
2008-04-08 00:00:00+00:00,52.31840515136719,91.94184875488281,93.35263061523438,91.57987976074219,93.35263061523438,2054963.0,SPG,1d
2008-04-09 00:00:00+00:00,51.214595794677734,90.00202941894531,92.3223876953125,89.36161041259766,92.17388916015625,1577666.0,SPG,1d
2008-04-10 00:00:00+00:00,51.89592742919922,91.19933319091797,91.85832214355469,89.06460571289062,89.62149047851562,2278205.0,SPG,1d
2008-04-11 00:00:00+00:00,51.21990203857422,90.01131439208984,91.63556671142578,89.56580352783203,90.29904174804688,1328459.0,SPG,1d
2008-04-14 00:00:00+00:00,50.707576751708984,89.11101531982422,90.67958068847656,89.07389068603516,89.78855895996094,1335247.0,SPG,1d
2008-04-15 00:00:00+00:00,51.49978256225586,90.50322723388672,90.50322723388672,88.45203399658203,89.5472412109375,1758350.0,SPG,1d
2008-04-16 00:00:00+00:00,53.55957794189453,94.12298583984375,94.33646392822266,90.80951690673828,91.44993591308594,1968123.0,SPG,1d
2008-04-17 00:00:00+00:00,53.58070755004883,94.16011047363281,94.43855285644531,92.56370544433594,93.1020278930664,1746713.0,SPG,1d
2008-04-18 00:00:00+00:00,54.124691009521484,95.11610412597656,96.62897491455078,94.5406494140625,95.47808074951172,1723333.0,SPG,1d
2008-04-21 00:00:00+00:00,53.200439453125,93.49185180664062,95.45023345947266,93.1484375,94.71699523925781,1034323.0,SPG,1d
2008-04-22 00:00:00+00:00,52.7462158203125,92.69364929199219,94.11370849609375,92.0903549194336,93.66819763183594,1310035.0,SPG,1d
2008-04-23 00:00:00+00:00,53.86588668823242,94.66130828857422,95.44094848632812,92.57299041748047,94.07658386230469,1151439.0,SPG,1d
2008-04-24 00:00:00+00:00,55.09648132324219,96.82388305664062,97.34364318847656,94.32717895507812,94.32717895507812,1567969.0,SPG,1d
2008-04-25 00:00:00+00:00,55.2443733215332,97.0837631225586,97.45502471923828,95.84004974365234,97.45502471923828,1619039.0,SPG,1d
2008-04-28 00:00:00+00:00,54.927494049072266,96.5268783569336,97.45502471923828,95.83077239990234,97.45502471923828,1379205.0,SPG,1d
2008-04-29 00:00:00+00:00,53.60184097290039,94.1972427368164,97.2508316040039,93.705322265625,97.2508316040039,1586501.0,SPG,1d
2008-04-30 00:00:00+00:00,52.740928649902344,92.68436431884766,95.7008285522461,92.61011505126953,93.95592498779297,1662567.0,SPG,1d
2008-05-01 00:00:00+00:00,54.394039154052734,95.5894546508789,96.02568054199219,92.5358657836914,92.80502319335938,1879559.0,SPG,1d
2008-05-02 00:00:00+00:00,54.81657791137695,96.33197021484375,98.48526000976562,95.79364776611328,97.6313705444336,2455440.0,SPG,1d
2008-05-05 00:00:00+00:00,54.75848388671875,96.22987365722656,96.58256530761719,94.70771789550781,95.06040954589844,1086255.0,SPG,1d
2008-05-06 00:00:00+00:00,55.408111572265625,97.37149047851562,97.39005279541016,94.49424743652344,94.77268981933594,1646837.0,SPG,1d
2008-05-07 00:00:00+00:00,53.142330169677734,93.38975524902344,97.48286437988281,93.2041244506836,97.34364318847656,1665907.0,SPG,1d
2008-05-08 00:00:00+00:00,53.01557922363281,93.16699981689453,94.23436737060547,92.0903549194336,93.36190795898438,1118039.0,SPG,1d
2008-05-09 00:00:00+00:00,52.566650390625,92.37808227539062,93.63107299804688,91.58915710449219,92.51730346679688,1146375.0,SPG,1d
2008-05-12 00:00:00+00:00,53.50674057006836,94.0301742553711,94.18795776367188,92.06250762939453,93.93736267089844,1450207.0,SPG,1d
2008-05-13 00:00:00+00:00,53.23741149902344,93.55682373046875,95.0418472290039,92.73077392578125,94.93047332763672,1432861.0,SPG,1d
2008-05-14 00:00:00+00:00,54.319786071777344,94.5406494140625,95.11610412597656,93.51969146728516,93.54753875732422,1259935.0,SPG,1d
2008-05-15 00:00:00+00:00,55.285011291503906,96.22058868408203,96.22058868408203,93.78885650634766,94.23436737060547,1013314.0,SPG,1d
2008-05-16 00:00:00+00:00,55.19435501098633,96.06280517578125,96.44334411621094,94.67987060546875,95.56160736083984,1533923.0,SPG,1d
2008-05-19 00:00:00+00:00,55.1303825378418,95.95143127441406,96.68466186523438,95.10681915283203,96.06280517578125,1039926.0,SPG,1d
2008-05-20 00:00:00+00:00,54.36244583129883,94.61490631103516,96.09992980957031,93.87239074707031,95.35741424560547,1302062.0,SPG,1d
2008-05-21 00:00:00+00:00,53.050594329833984,92.33167266845703,95.73795318603516,91.9882583618164,95.0418472290039,1872125.0,SPG,1d
2008-05-22 00:00:00+00:00,52.02134704589844,90.54035949707031,92.48945617675781,90.05772399902344,92.11820220947266,2734708.0,SPG,1d
2008-05-23 00:00:00+00:00,52.0053596496582,90.51251220703125,91.07868194580078,89.72358703613281,90.02059173583984,1846483.0,SPG,1d
2008-05-27 00:00:00+00:00,52.89060592651367,92.05323028564453,92.05323028564453,90.49394989013672,90.49394989013672,1038848.0,SPG,1d
2008-05-28 00:00:00+00:00,52.2933349609375,91.01371002197266,92.52658081054688,90.77239227294922,92.33167266845703,1378128.0,SPG,1d
2008-05-29 00:00:00+00:00,53.365238189697266,92.8792724609375,92.88855743408203,90.49394989013672,91.11580657958984,1448591.0,SPG,1d
2008-05-30 00:00:00+00:00,52.98660659790039,92.22029876708984,93.04634094238281,91.57059478759766,92.8792724609375,1335354.0,SPG,1d
2008-06-02 00:00:00+00:00,52.26665496826172,90.96730041503906,92.3131103515625,90.0948486328125,92.19245147705078,1595120.0,SPG,1d
2008-06-03 00:00:00+00:00,52.79462814331055,91.88616180419922,92.2667007446289,90.8837661743164,92.0439453125,1560428.0,SPG,1d
2008-06-04 00:00:00+00:00,53.30122375488281,92.76789855957031,93.62178802490234,91.17149353027344,91.27359008789062,1376404.0,SPG,1d
2008-06-05 00:00:00+00:00,54.554443359375,94.94903564453125,95.16250610351562,92.83287048339844,93.06490325927734,1893350.0,SPG,1d
2008-06-06 00:00:00+00:00,52.112022399902344,90.6981430053711,94.12298583984375,90.24334716796875,94.12298583984375,2229290.0,SPG,1d
2008-06-09 00:00:00+00:00,51.15211486816406,89.02748107910156,92.0903549194336,88.79544830322266,90.99514770507812,1895828.0,SPG,1d
2008-06-10 00:00:00+00:00,51.477420806884766,89.5936508178711,89.64006042480469,87.39395141601562,88.50772094726562,2280360.0,SPG,1d
2008-06-11 00:00:00+00:00,50.17621612548828,87.3289794921875,89.40802001953125,87.15263366699219,89.17598724365234,1923949.0,SPG,1d
2008-06-12 00:00:00+00:00,51.162784576416016,89.0460433959961,89.8813705444336,87.47748565673828,88.1086196899414,2306972.0,SPG,1d
2008-06-13 00:00:00+00:00,52.3093147277832,91.04154968261719,91.06011962890625,88.3870620727539,90.0391616821289,1851762.0,SPG,1d
2008-06-16 00:00:00+00:00,53.109249114990234,92.43376922607422,92.70292663574219,89.62149047851562,90.05772399902344,1568185.0,SPG,1d
2008-06-17 00:00:00+00:00,51.18410873413086,89.08316802978516,93.87239074707031,88.91610717773438,93.1948471069336,1617315.0,SPG,1d
2008-06-18 00:00:00+00:00,50.298866271972656,87.54244995117188,89.27808380126953,86.86490631103516,88.86969757080078,2039879.0,SPG,1d
2008-06-19 00:00:00+00:00,52.186649322509766,90.82807922363281,90.95802307128906,87.01341247558594,87.54244995117188,1691981.0,SPG,1d
2008-06-20 00:00:00+00:00,50.709495544433594,88.25712585449219,90.81879425048828,88.06221771240234,90.49394989013672,2678682.0,SPG,1d
2008-06-23 00:00:00+00:00,49.76025390625,86.60502624511719,89.43586730957031,86.38227844238281,88.47059631347656,1729798.0,SPG,1d
2008-06-24 00:00:00+00:00,50.0482177734375,87.1062240600586,88.08077239990234,85.38916015625,86.4472427368164,1926319.0,SPG,1d
2008-06-25 00:00:00+00:00,50.816162109375,88.4427490234375,90.08556365966797,87.42179870605469,87.77449035644531,2402539.0,SPG,1d
2008-06-26 00:00:00+00:00,48.66703414916992,84.70233917236328,87.86730194091797,84.34963989257812,86.96700286865234,2331537.0,SPG,1d
2008-06-27 00:00:00+00:00,48.43239212036133,84.29395294189453,85.77898406982422,82.82748413085938,84.92508697509766,2874988.0,SPG,1d
2008-06-30 00:00:00+00:00,47.93645477294922,83.43077850341797,85.84394836425781,82.82748413085938,85.84394836425781,2394782.0,SPG,1d
2008-07-01 00:00:00+00:00,47.60047912597656,82.8460464477539,83.01311492919922,79.80174255371094,82.25203704833984,3747267.0,SPG,1d
2008-07-02 00:00:00+00:00,47.01921081542969,81.8343734741211,83.82060241699219,81.7322769165039,83.34724426269531,2367307.0,SPG,1d
2008-07-03 00:00:00+00:00,46.77922821044922,81.41670989990234,83.26371765136719,81.13826751708984,82.87389373779297,1326412.0,SPG,1d
2008-07-07 00:00:00+00:00,45.291385650634766,78.82718658447266,82.58616638183594,78.11251831054688,81.82508850097656,3428566.0,SPG,1d
2008-07-08 00:00:00+00:00,48.12309646606445,83.75563049316406,85.24066162109375,77.8526382446289,78.82718658447266,3904894.0,SPG,1d
2008-07-09 00:00:00+00:00,45.291385650634766,78.82718658447266,83.82987976074219,78.63227844238281,83.82987976074219,3745651.0,SPG,1d
2008-07-10 00:00:00+00:00,46.587257385253906,81.08258056640625,81.86222076416016,78.35383605957031,79.14276123046875,3337417.0,SPG,1d
2008-07-11 00:00:00+00:00,46.043304443359375,80.13587188720703,82.02928161621094,78.24246215820312,79.20772552490234,4502754.0,SPG,1d
2008-07-14 00:00:00+00:00,44.33147430419922,77.15653228759766,82.8367691040039,76.87808990478516,81.35173797607422,2905371.0,SPG,1d
2008-07-15 00:00:00+00:00,43.38224792480469,75.50444030761719,77.8526382446289,74.18647766113281,76.33048248291016,5424595.0,SPG,1d
2008-07-16 00:00:00+00:00,46.80587387084961,81.46311950683594,82.12210083007812,74.5762939453125,75.4580307006836,4538740.0,SPG,1d
2008-07-17 00:00:00+00:00,48.0804443359375,83.68138122558594,84.06192016601562,79.82958221435547,82.14066314697266,3887116.0,SPG,1d
2008-07-18 00:00:00+00:00,48.2670783996582,84.0062255859375,84.5538330078125,81.96431732177734,84.08048248291016,2762828.0,SPG,1d
2008-07-21 00:00:00+00:00,48.43239212036133,84.29395294189453,85.3427505493164,83.04096221923828,83.718505859375,2720163.0,SPG,1d
2008-07-22 00:00:00+00:00,49.22696304321289,85.67688751220703,86.07598876953125,81.7879638671875,82.91101837158203,3923641.0,SPG,1d
2008-07-23 00:00:00+00:00,49.88292694091797,86.8185043334961,87.96939849853516,84.30323028564453,85.03646850585938,3635646.0,SPG,1d
2008-07-24 00:00:00+00:00,46.78990173339844,81.43527221679688,87.98796081542969,80.92478942871094,87.98796081542969,4164660.0,SPG,1d
2008-07-25 00:00:00+00:00,48.30971908569336,84.08048248291016,85.37059783935547,81.76940155029297,82.21491241455078,3207264.0,SPG,1d
2008-07-28 00:00:00+00:00,47.2271842956543,82.19635009765625,85.73257446289062,82.03856658935547,85.6583251953125,4022333.0,SPG,1d
2008-07-29 00:00:00+00:00,50.27753829956055,87.50532531738281,87.86730194091797,82.53047943115234,82.63257598876953,4574726.0,SPG,1d
2008-07-30 00:00:00+00:00,50.83216857910156,88.47059631347656,89.6029281616211,85.3427505493164,88.78616333007812,3906833.0,SPG,1d
2008-07-31 00:00:00+00:00,49.39763259887695,85.97389221191406,87.54244995117188,84.89724731445312,85.97389221191406,2976912.0,SPG,1d
2008-08-01 00:00:00+00:00,48.69902801513672,84.75802612304688,86.49365234375,83.48646545410156,86.02030181884766,2703678.0,SPG,1d
2008-08-04 00:00:00+00:00,48.1604118347168,83.82060241699219,84.7858657836914,82.86460876464844,84.2289810180664,2433138.0,SPG,1d
2008-08-05 00:00:00+00:00,50.60816192626953,88.08077239990234,88.60054016113281,84.06192016601562,85.06431579589844,3808896.0,SPG,1d
2008-08-06 00:00:00+00:00,50.69881820678711,88.23856353759766,88.9439468383789,86.40084075927734,87.80233764648438,3002878.0,SPG,1d
2008-08-07 00:00:00+00:00,49.0989875793457,85.45413208007812,87.70951843261719,84.76730346679688,86.78137969970703,3635539.0,SPG,1d
2008-08-08 00:00:00+00:00,51.62671661376953,89.85353088378906,90.29904174804688,84.832275390625,85.67688751220703,2694089.0,SPG,1d
2008-08-11 00:00:00+00:00,53.7225227355957,93.50112915039062,94.4756851196289,88.9903564453125,89.66790008544922,4347821.0,SPG,1d
2008-08-12 00:00:00+00:00,52.19200134277344,90.83736419677734,93.0927505493164,90.0948486328125,92.20172882080078,3129151.0,SPG,1d
2008-08-13 00:00:00+00:00,51.09306335449219,88.04364776611328,89.56580352783203,86.98556518554688,89.56580352783203,2871648.0,SPG,1d
2008-08-14 00:00:00+00:00,52.213375091552734,89.97418975830078,90.21550750732422,86.31730651855469,87.24544525146484,1818577.0,SPG,1d
2008-08-15 00:00:00+00:00,52.56888198852539,90.58676147460938,93.45472717285156,89.46370697021484,90.51251220703125,2168092.0,SPG,1d
2008-08-18 00:00:00+00:00,51.35697937011719,88.49844360351562,91.22718048095703,87.35682678222656,90.4197006225586,2840834.0,SPG,1d
2008-08-19 00:00:00+00:00,50.204341888427734,86.51221466064453,87.96012115478516,85.63976287841797,86.85562896728516,3101354.0,SPG,1d
2008-08-20 00:00:00+00:00,50.64061737060547,87.26400756835938,88.05293273925781,85.1571273803711,86.8185043334961,2510820.0,SPG,1d
2008-08-21 00:00:00+00:00,49.75730514526367,85.74185943603516,86.83706665039062,84.72090148925781,84.86012268066406,2058196.0,SPG,1d
2008-08-22 00:00:00+00:00,51.45392608642578,88.6655044555664,89.69574737548828,86.28018188476562,86.7720947265625,2562859.0,SPG,1d
2008-08-25 00:00:00+00:00,49.92965316772461,86.03886413574219,88.85113525390625,85.6676025390625,88.45203399658203,1995167.0,SPG,1d
2008-08-26 00:00:00+00:00,50.17741775512695,86.46580505371094,87.34754180908203,85.06431579589844,85.80682373046875,2093320.0,SPG,1d
2008-08-27 00:00:00+00:00,50.35515594482422,86.7720947265625,87.51461029052734,85.26850128173828,85.39844512939453,1934723.0,SPG,1d
2008-08-28 00:00:00+00:00,52.003326416015625,89.61221313476562,89.73287200927734,87.03197479248047,88.01580810546875,2300507.0,SPG,1d
2008-08-29 00:00:00+00:00,51.10383224487305,88.06221771240234,89.07389068603516,87.73736572265625,88.63766479492188,1891519.0,SPG,1d
2008-09-02 00:00:00+00:00,51.62092590332031,88.95323181152344,91.45921325683594,87.24544525146484,88.78616333007812,1871156.0,SPG,1d
2008-09-03 00:00:00+00:00,52.75739288330078,90.91161346435547,90.95802307128906,88.28496551513672,89.2131118774414,2079529.0,SPG,1d
2008-09-04 00:00:00+00:00,50.74296569824219,87.44036102294922,90.54963684082031,87.26400756835938,89.99275207519531,3118269.0,SPG,1d
2008-09-05 00:00:00+00:00,50.50056076049805,87.02268981933594,87.21760559082031,85.1014404296875,86.37299346923828,2394889.0,SPG,1d
2008-09-08 00:00:00+00:00,53.398319244384766,92.01610565185547,92.01610565185547,88.74903869628906,90.02987670898438,4132122.0,SPG,1d
2008-09-09 00:00:00+00:00,50.877628326416016,87.67239379882812,92.20172882080078,86.90203857421875,91.42208862304688,3922887.0,SPG,1d
2008-09-10 00:00:00+00:00,51.17924880981445,88.19215393066406,89.20382690429688,85.92748260498047,87.67239379882812,2871863.0,SPG,1d
2008-09-11 00:00:00+00:00,51.798641204833984,89.259521484375,89.68646240234375,86.01101684570312,86.34514617919922,2362459.0,SPG,1d
2008-09-12 00:00:00+00:00,52.81122970581055,91.00442504882812,91.42208862304688,87.81161499023438,87.81161499023438,2295120.0,SPG,1d
2008-09-15 00:00:00+00:00,44.710472106933594,77.04515838623047,90.95802307128906,77.04515838623047,88.61910247802734,5060750.0,SPG,1d
2008-09-16 00:00:00+00:00,52.14873123168945,89.86280822753906,90.05772399902344,80.405029296875,80.77629089355469,7115821.0,SPG,1d
2008-09-17 00:00:00+00:00,48.47538757324219,83.53287506103516,89.34304809570312,82.54904174804688,87.63526916503906,5300799.0,SPG,1d
2008-09-18 00:00:00+00:00,50.62984848022461,87.24544525146484,92.57299041748047,81.94574737548828,85.22209930419922,8119761.0,SPG,1d
2008-09-19 00:00:00+00:00,54.394771575927734,93.73316955566406,98.78226470947266,87.9322738647461,96.5268783569336,6174048.0,SPG,1d
2008-09-22 00:00:00+00:00,50.09123992919922,86.31730651855469,93.33406829833984,85.0550308227539,91.49634552001953,5016468.0,SPG,1d
2008-09-23 00:00:00+00:00,50.36592483520508,86.79065704345703,89.3244857788086,86.18736267089844,86.31730651855469,3472633.0,SPG,1d
2008-09-24 00:00:00+00:00,50.46287536621094,86.95772552490234,89.33377075195312,84.72090148925781,89.33377075195312,2801185.0,SPG,1d
2008-09-25 00:00:00+00:00,51.491661071777344,88.73047637939453,89.5936508178711,86.05742645263672,87.75592803955078,2552301.0,SPG,1d
2008-09-26 00:00:00+00:00,53.699951171875,92.5358657836914,93.06490325927734,86.18736267089844,86.68856048583984,2767892.0,SPG,1d
2008-09-29 00:00:00+00:00,48.723148345947266,83.95982360839844,90.67029571533203,82.03856658935547,90.43826293945312,4287486.0,SPG,1d
2008-09-30 00:00:00+00:00,52.24568176269531,90.02987670898438,92.62867736816406,85.4355697631836,85.4355697631836,4323579.0,SPG,1d
2008-10-01 00:00:00+00:00,50.46287536621094,86.95772552490234,89.07389068603516,85.1571273803711,88.74903869628906,3421886.0,SPG,1d
2008-10-02 00:00:00+00:00,47.36045455932617,81.61161804199219,85.38916015625,80.75772857666016,84.92508697509766,3585223.0,SPG,1d
2008-10-03 00:00:00+00:00,45.232933044433594,77.9454574584961,84.16401672363281,77.47209930419922,83.29155731201172,5387855.0,SPG,1d
2008-10-06 00:00:00+00:00,43.80559539794922,75.48587799072266,77.71341705322266,71.92180633544922,75.94994354248047,8279435.0,SPG,1d
2008-10-07 00:00:00+00:00,39.324317932128906,67.76372528076172,77.6298828125,66.99336242675781,77.6298828125,7469646.0,SPG,1d
2008-10-08 00:00:00+00:00,39.99220275878906,68.91461944580078,72.76641845703125,63.11372756958008,65.58258819580078,7813235.0,SPG,1d
2008-10-09 00:00:00+00:00,36.2811393737793,62.519718170166016,71.62480163574219,62.519718170166016,70.60384368896484,6269400.0,SPG,1d
2008-10-10 00:00:00+00:00,42.28670120239258,72.86851501464844,74.37210083007812,58.90924072265625,59.40115737915039,12328595.0,SPG,1d
2008-10-13 00:00:00+00:00,42.437503814697266,73.1283950805664,76.03347778320312,68.60833740234375,74.86402130126953,5713343.0,SPG,1d
2008-10-14 00:00:00+00:00,38.818016052246094,66.89127349853516,75.59725189208984,62.73318862915039,73.56462097167969,6827396.0,SPG,1d
2008-10-15 00:00:00+00:00,32.69395065307617,56.33828353881836,65.95384979248047,54.72331619262695,64.33887481689453,7122178.0,SPG,1d
2008-10-16 00:00:00+00:00,35.769447326660156,61.63798141479492,63.38288879394531,55.716426849365234,58.705047607421875,8928365.0,SPG,1d
2008-10-17 00:00:00+00:00,36.16801834106445,62.324806213378906,65.31343078613281,58.222412109375,58.222412109375,6172863.0,SPG,1d
2008-10-20 00:00:00+00:00,35.882568359375,61.832889556884766,64.23677825927734,58.445167541503906,64.23677825927734,2753563.0,SPG,1d
2008-10-21 00:00:00+00:00,33.87352752685547,58.37091827392578,63.22510528564453,57.97181701660156,60.89546585083008,3852854.0,SPG,1d
2008-10-22 00:00:00+00:00,31.961450576782227,55.07600784301758,58.18528747558594,52.746368408203125,56.904449462890625,6688840.0,SPG,1d
2008-10-23 00:00:00+00:00,30.911134719848633,53.26612854003906,56.86732482910156,48.940982818603516,55.28020095825195,8750806.0,SPG,1d
2008-10-24 00:00:00+00:00,29.14449119567871,50.22182083129883,52.07810592651367,47.910743713378906,49.33080291748047,5399383.0,SPG,1d
2008-10-27 00:00:00+00:00,27.905668258666992,48.087093353271484,53.154754638671875,47.69727325439453,49.22870635986328,5226996.0,SPG,1d
2008-10-28 00:00:00+00:00,34.4390754699707,59.34546661376953,59.34546661376953,46.64847183227539,50.11972427368164,7756132.0,SPG,1d
2008-10-29 00:00:00+00:00,31.89679718017578,54.964630126953125,58.78858184814453,53.56313705444336,58.565826416015625,6695412.0,SPG,1d
2008-10-30 00:00:00+00:00,33.29721450805664,57.377803802490234,57.78618621826172,55.12241744995117,57.00654602050781,3973741.0,SPG,1d
2008-10-31 00:00:00+00:00,36.1034049987793,62.21342849731445,62.510433197021484,56.95085906982422,57.21073913574219,4444789.0,SPG,1d
2008-11-03 00:00:00+00:00,35.69404602050781,61.50804138183594,63.4571418762207,56.87660598754883,62.21342849731445,4079974.0,SPG,1d
2008-11-04 00:00:00+00:00,38.89340591430664,67.02120971679688,67.28108978271484,61.72151565551758,64.00474548339844,4236093.0,SPG,1d
2008-11-05 00:00:00+00:00,34.848419189453125,60.05085754394531,66.67779541015625,58.81642532348633,66.36222839355469,6192795.0,SPG,1d
2008-11-06 00:00:00+00:00,33.93277359008789,58.47301483154297,60.58917999267578,57.888282775878906,59.48468780517578,4205602.0,SPG,1d
2008-11-07 00:00:00+00:00,36.59891128540039,63.06732177734375,63.62420654296875,56.282596588134766,58.268821716308594,4123502.0,SPG,1d
2008-11-10 00:00:00+00:00,32.860923767089844,56.626007080078125,63.336483001708984,55.734989166259766,62.705345153808594,4864336.0,SPG,1d
2008-11-11 00:00:00+00:00,31.530567169189453,54.33349609375,57.26642608642578,52.87630844116211,55.26163864135742,4833522.0,SPG,1d
2008-11-12 00:00:00+00:00,28.101844787597656,47.62302017211914,52.208045959472656,47.32601547241211,51.697566986083984,6867153.0,SPG,1d
2008-11-13 00:00:00+00:00,31.634431838989258,53.60954284667969,54.76972198486328,45.31194305419922,47.43739318847656,8463350.0,SPG,1d
2008-11-14 00:00:00+00:00,28.58928871154785,48.449066162109375,52.6442756652832,47.632301330566406,52.41223907470703,6043896.0,SPG,1d
2008-11-17 00:00:00+00:00,26.76001739501953,45.34907150268555,48.69966506958008,44.93140411376953,47.99427795410156,7503369.0,SPG,1d
2008-11-18 00:00:00+00:00,25.867290496826172,43.83619689941406,46.15655517578125,40.884700775146484,45.516136169433594,8564305.0,SPG,1d
2008-11-19 00:00:00+00:00,22.493520736694336,38.11883544921875,42.685298919677734,37.16284942626953,42.1655387878418,10951760.0,SPG,1d
2008-11-20 00:00:00+00:00,21.168128967285156,35.87273025512695,41.10745620727539,34.842491149902344,35.77991485595703,14219791.0,SPG,1d
2008-11-21 00:00:00+00:00,21.02025032043457,35.62213134765625,37.71973419189453,31.352672576904297,37.339195251464844,16192978.0,SPG,1d
2008-11-24 00:00:00+00:00,26.34925651550293,44.65296173095703,44.922122955322266,34.73111343383789,36.0119514465332,14359532.0,SPG,1d
2008-11-25 00:00:00+00:00,26.288997650146484,44.550865173339844,46.45355987548828,40.327816009521484,46.34218215942383,11737953.0,SPG,1d
2008-11-26 00:00:00+00:00,27.90468406677246,47.28889083862305,47.6601448059082,41.89637756347656,43.7805061340332,9387885.0,SPG,1d
2008-11-28 00:00:00+00:00,26.01516342163086,44.086795806884766,47.39098358154297,43.83619689941406,47.20535659790039,3995505.0,SPG,1d
2008-12-01 00:00:00+00:00,20.81212043762207,35.26943588256836,43.158653259277344,34.80536651611328,43.09368133544922,10446019.0,SPG,1d
2008-12-02 00:00:00+00:00,24.465206146240234,41.46015167236328,41.84069061279297,36.522430419921875,36.55955505371094,12704830.0,SPG,1d
2008-12-03 00:00:00+00:00,26.009681701660156,44.0775146484375,44.26314163208008,39.10266876220703,39.84518051147461,9913558.0,SPG,1d
2008-12-04 00:00:00+00:00,25.242908477783203,42.778114318847656,47.335296630859375,41.76643753051758,42.62961196899414,10491486.0,SPG,1d
2008-12-05 00:00:00+00:00,28.594762802124023,48.45834732055664,48.96882629394531,41.36733627319336,42.15625762939453,9207201.0,SPG,1d
2008-12-08 00:00:00+00:00,30.87314224243164,52.31942367553711,52.31942367553711,49.432899475097656,49.757747650146484,10270399.0,SPG,1d
2008-12-09 00:00:00+00:00,28.4030704498291,48.13349914550781,51.753257751464844,47.632301330566406,51.279903411865234,9256655.0,SPG,1d
2008-12-10 00:00:00+00:00,30.48428726196289,51.66044235229492,51.790382385253906,47.827213287353516,48.61613464355469,7524271.0,SPG,1d
2008-12-11 00:00:00+00:00,25.75227165222168,43.64128875732422,50.862239837646484,42.35116958618164,50.463138580322266,13235998.0,SPG,1d
2008-12-12 00:00:00+00:00,28.479753494262695,48.2634391784668,48.30056381225586,42.267635345458984,42.267635345458984,10352822.0,SPG,1d
2008-12-15 00:00:00+00:00,27.19269561767578,46.08230209350586,48.97810745239258,44.65296173095703,47.9849967956543,6338032.0,SPG,1d
2008-12-16 00:00:00+00:00,31.01006507873535,52.55146026611328,52.56074142456055,46.05445861816406,48.244876861572266,11328857.0,SPG,1d
2008-12-17 00:00:00+00:00,30.97721290588379,52.49577331542969,54.481998443603516,49.84128189086914,51.354156494140625,7508756.0,SPG,1d
2008-12-18 00:00:00+00:00,27.93754005432129,47.34457778930664,54.110740661621094,46.88978576660156,52.9505615234375,7764644.0,SPG,1d
2008-12-19 00:00:00+00:00,29.93659782409668,50.7322998046875,50.7601432800293,46.629905700683594,48.37481689453125,6764582.0,SPG,1d
2008-12-22 00:00:00+00:00,28.479753494262695,48.2634391784668,50.82511520385742,46.15655517578125,50.648765563964844,7576310.0,SPG,1d
2008-12-23 00:00:00+00:00,28.479753494262695,48.2634391784668,49.40505599975586,47.11254119873047,48.46763229370117,3936785.0,SPG,1d
2008-12-24 00:00:00+00:00,28.101844787597656,47.62302017211914,48.801761627197266,47.20535659790039,48.365535736083984,1258319.0,SPG,1d
2008-12-26 00:00:00+00:00,28.457847595214844,48.226314544677734,48.41194152832031,46.43499755859375,47.62302017211914,2151285.0,SPG,1d
2008-12-29 00:00:00+00:00,26.814781188964844,45.4418830871582,48.19846725463867,44.61583709716797,48.19846725463867,6058010.0,SPG,1d
2008-12-30 00:00:00+00:00,28.068984985351562,47.56733322143555,48.02212142944336,45.553260803222656,46.15655517578125,4663828.0,SPG,1d
2008-12-31 00:00:00+00:00,29.0986385345459,49.31224060058594,49.82271957397461,47.056854248046875,48.523319244384766,4446944.0,SPG,1d
2009-01-02 00:00:00+00:00,28.200428009033203,47.79008483886719,49.553558349609375,47.400264739990234,49.52571487426758,3544389.0,SPG,1d
2009-01-05 00:00:00+00:00,27.7458553314209,47.01972579956055,48.5140380859375,46.40715408325195,47.196075439453125,4413328.0,SPG,1d
2009-01-06 00:00:00+00:00,29.262950897216797,49.59068298339844,50.34247970581055,45.31194305419922,48.244876861572266,8245281.0,SPG,1d
2009-01-07 00:00:00+00:00,28.025175094604492,47.493080139160156,49.99906539916992,47.214637756347656,48.72751235961914,5022502.0,SPG,1d
2009-01-08 00:00:00+00:00,27.576072692871094,46.73200225830078,47.16822814941406,45.35835266113281,46.40715408325195,4528181.0,SPG,1d
2009-01-09 00:00:00+00:00,25.70297622680664,43.55775451660156,47.196075439453125,43.27931213378906,46.444278717041016,6333722.0,SPG,1d
2009-01-12 00:00:00+00:00,23.95037269592285,40.58769607543945,43.62272262573242,39.78021240234375,43.09368133544922,7097397.0,SPG,1d
2009-01-13 00:00:00+00:00,24.89787483215332,42.193382263183594,42.55535888671875,39.650272369384766,39.6688346862793,5599783.0,SPG,1d
2009-01-14 00:00:00+00:00,23.32600975036621,39.52961349487305,40.764041900634766,38.88919448852539,40.123626708984375,7375264.0,SPG,1d
2009-01-15 00:00:00+00:00,24.426864624023438,41.395179748535156,42.425418853759766,36.884403228759766,39.42751693725586,8643711.0,SPG,1d
2009-01-16 00:00:00+00:00,24.985496520996094,42.34188461303711,42.963741302490234,39.928714752197266,42.1376953125,6878250.0,SPG,1d
2009-01-20 00:00:00+00:00,22.526391983032227,38.174522399902344,41.90565872192383,37.9796142578125,41.70146942138672,10216205.0,SPG,1d
2009-01-21 00:00:00+00:00,25.412700653076172,43.06583786010742,43.23290252685547,37.988895416259766,39.733802795410156,9621577.0,SPG,1d
2009-01-22 00:00:00+00:00,23.643667221069336,40.067935943603516,42.128414154052734,39.3439826965332,41.40446090698242,7985407.0,SPG,1d
2009-01-23 00:00:00+00:00,24.503538131713867,41.52511978149414,41.82212448120117,37.710453033447266,37.71973419189453,6354193.0,SPG,1d
2009-01-26 00:00:00+00:00,24.092775344848633,40.82901382446289,42.80595779418945,39.91943359375,42.27691650390625,5110635.0,SPG,1d
2009-01-27 00:00:00+00:00,23.98871421813965,40.65266418457031,42.15625762939453,39.87302780151367,41.08889389038086,4269816.0,SPG,1d
2009-01-28 00:00:00+00:00,26.820253372192383,45.45116424560547,45.85026550292969,41.48799514770508,42.18410110473633,9215282.0,SPG,1d
2009-01-29 00:00:00+00:00,24.339237213134766,41.24667739868164,45.28409957885742,41.07033157348633,43.947574615478516,8905524.0,SPG,1d
2009-01-30 00:00:00+00:00,23.539615631103516,39.8915901184082,42.694580078125,37.831111907958984,42.564640045166016,16117558.0,SPG,1d
2009-02-02 00:00:00+00:00,23.99966812133789,40.67123031616211,40.91254425048828,38.41584014892578,38.8335075378418,7677588.0,SPG,1d
2009-02-03 00:00:00+00:00,23.534130096435547,39.88230514526367,40.82901382446289,38.99129104614258,40.7733268737793,6218438.0,SPG,1d
2009-02-04 00:00:00+00:00,23.545089721679688,39.90087127685547,41.933502197265625,39.48320770263672,39.928714752197266,6638632.0,SPG,1d
2009-02-05 00:00:00+00:00,23.676536560058594,40.123626708984375,41.59937286376953,38.01673889160156,39.12123107910156,8361965.0,SPG,1d
2009-02-06 00:00:00+00:00,25.116952896118164,42.564640045166016,42.898773193359375,40.16075134277344,40.43919372558594,7888870.0,SPG,1d
2009-02-09 00:00:00+00:00,25.664634704589844,43.49278259277344,43.799072265625,41.376617431640625,41.94278335571289,5059673.0,SPG,1d
2009-02-10 00:00:00+00:00,23.433002471923828,38.88919448852539,42.880210876464844,38.65715789794922,42.39757537841797,10123439.0,SPG,1d
2009-02-11 00:00:00+00:00,24.037012100219727,39.8915901184082,40.05865478515625,37.50625991821289,38.944881439208984,8542649.0,SPG,1d
2009-02-12 00:00:00+00:00,23.063899993896484,38.27661895751953,38.879913330078125,35.26943588256836,38.59218978881836,9978203.0,SPG,1d
2009-02-13 00:00:00+00:00,21.27985382080078,35.31584167480469,38.15596008300781,35.06524658203125,37.76613998413086,9462011.0,SPG,1d
2009-02-17 00:00:00+00:00,19.65800666809082,32.624229431152344,33.89578628540039,32.16015625,33.66374969482422,10513465.0,SPG,1d
2009-02-18 00:00:00+00:00,20.099815368652344,33.35746383666992,33.92362976074219,31.501174926757812,33.821533203125,7758394.0,SPG,1d
2009-02-19 00:00:00+00:00,19.283300399780273,32.00237274169922,34.80536651611328,31.584707260131836,33.7936897277832,7818838.0,SPG,1d
2009-02-20 00:00:00+00:00,20.25641632080078,33.61734390258789,33.89578628540039,29.960458755493164,30.38740348815918,11825548.0,SPG,1d
2009-02-23 00:00:00+00:00,18.315776824951172,30.396684646606445,34.248477935791016,30.285308837890625,34.164947509765625,10901013.0,SPG,1d
2009-02-24 00:00:00+00:00,19.76426124572754,32.800575256347656,32.976924896240234,29.895488739013672,30.34099769592285,16065411.0,SPG,1d
2009-02-25 00:00:00+00:00,19.339223861694336,32.09518814086914,33.89578628540039,30.443092346191406,31.872432708740234,11497581.0,SPG,1d
2009-02-26 00:00:00+00:00,18.690481185913086,31.01854133605957,33.93291091918945,30.916444778442383,32.85626220703125,9381959.0,SPG,1d
2009-02-27 00:00:00+00:00,18.511520385742188,30.721534729003906,31.57542610168457,29.886207580566406,29.886207580566406,11042802.0,SPG,1d
2009-03-02 00:00:00+00:00,16.75543975830078,27.807165145874023,30.313152313232422,27.510160446166992,29.700578689575195,13564827.0,SPG,1d
2009-03-03 00:00:00+00:00,16.71629524230957,27.74219512939453,29.088003158569336,26.201478958129883,28.410459518432617,14052791.0,SPG,1d
2009-03-04 00:00:00+00:00,16.41988182067871,27.250280380249023,29.301475524902344,26.3499813079834,29.115848541259766,14196518.0,SPG,1d
2009-03-05 00:00:00+00:00,15.525066375732422,25.76525115966797,27.008962631225586,25.41255760192871,26.266448974609375,12987653.0,SPG,1d
2009-03-06 00:00:00+00:00,14.647027015686035,24.308067321777344,26.080820083618164,22.526031494140625,26.080820083618164,20799488.0,SPG,1d
2009-03-09 00:00:00+00:00,16.050771713256836,26.637706756591797,26.72123908996582,23.26854705810547,23.26854705810547,15073000.0,SPG,1d
2009-03-10 00:00:00+00:00,18.7631893157959,31.13920021057129,31.17632484436035,26.312856674194336,27.194591522216797,18969274.0,SPG,1d
2009-03-11 00:00:00+00:00,18.120038986206055,30.071834564208984,31.816743850708008,29.375728607177734,31.816743850708008,13028487.0,SPG,1d
2009-03-12 00:00:00+00:00,19.937631607055664,33.08829879760742,33.2460823059082,29.33860206604004,29.33860206604004,12373524.0,SPG,1d
2009-03-13 00:00:00+00:00,19.42311668395996,32.23440933227539,33.78440856933594,31.092792510986328,33.320335388183594,11115528.0,SPG,1d
2009-03-16 00:00:00+00:00,17.61670684814453,29.23650550842285,33.28321075439453,28.92093849182129,32.54069519042969,10246912.0,SPG,1d
2009-03-17 00:00:00+00:00,18.919780731201172,31.399080276489258,31.46405029296875,27.89069938659668,29.68201446533203,13163488.0,SPG,1d
2009-03-18 00:00:00+00:00,19.78662872314453,32.83769989013672,33.14398956298828,29.700578689575195,31.102073669433594,14784574.0,SPG,1d
2009-03-19 00:00:00+00:00,19.227367401123047,31.909557342529297,34.20207214355469,31.55686378479004,33.36674118041992,12538584.0,SPG,1d
2009-03-20 00:00:00+00:00,18.343738555908203,30.443092346191406,31.677522659301758,29.50566864013672,29.793392181396484,26813000.0,SPG,1d
2009-03-23 00:00:00+00:00,21.867080688476562,36.2903938293457,36.68949508666992,30.92572784423828,31.63111686706543,19121621.0,SPG,1d
2009-03-24 00:00:00+00:00,19.68596839904785,32.67063522338867,35.93769836425781,32.345787048339844,35.38081359863281,15724947.0,SPG,1d
2009-03-25 00:00:00+00:00,19.54615020751953,32.4385986328125,33.91434860229492,29.654170989990234,33.38530731201172,15558270.0,SPG,1d
2009-03-26 00:00:00+00:00,20.569591522216797,34.13710021972656,34.34129333496094,31.306264877319336,33.0140495300293,15269090.0,SPG,1d
2009-03-27 00:00:00+00:00,18.819103240966797,31.232013702392578,33.218238830566406,31.027822494506836,32.91195297241211,10053084.0,SPG,1d
2009-03-30 00:00:00+00:00,17.258773803710938,28.642494201660156,30.443092346191406,28.26195526123047,30.118242263793945,12214281.0,SPG,1d
2009-03-31 00:00:00+00:00,19.372777938842773,32.150875091552734,32.59638214111328,29.013751983642578,29.06015968322754,17360578.0,SPG,1d
2009-04-01 00:00:00+00:00,18.59540557861328,30.86075782775879,31.566144943237305,30.220338821411133,31.287702560424805,11018560.0,SPG,1d
2009-04-02 00:00:00+00:00,20.675857543945312,34.31344985961914,34.861053466796875,31.306264877319336,32.02093505859375,16160763.0,SPG,1d
2009-04-03 00:00:00+00:00,23.09745216369629,38.33230972290039,38.33230972290039,33.56165313720703,33.673030853271484,17069244.0,SPG,1d
2009-04-06 00:00:00+00:00,22.549381256103516,37.4227294921875,38.45296859741211,36.188297271728516,37.079315185546875,12148235.0,SPG,1d
2009-04-07 00:00:00+00:00,20.077444076538086,33.320335388183594,36.55955505371094,33.23680114746094,36.20685958862305,13079341.0,SPG,1d
2009-04-08 00:00:00+00:00,20.653484344482422,34.27632141113281,34.57332992553711,32.94907760620117,33.905067443847656,11236845.0,SPG,1d
2009-04-09 00:00:00+00:00,24.0426025390625,39.90087127685547,40.14218521118164,35.64997482299805,35.7891960144043,16100751.0,SPG,1d
2009-04-13 00:00:00+00:00,23.852453231811523,39.58530044555664,40.49488067626953,37.636199951171875,39.07482147216797,11568906.0,SPG,1d
2009-04-14 00:00:00+00:00,21.5706729888916,35.79847717285156,39.139793395996094,35.26943588256836,38.09099197387695,13134074.0,SPG,1d
2009-04-15 00:00:00+00:00,24.607458114624023,40.838294982910156,41.033203125,35.88201141357422,36.36464309692383,16733412.0,SPG,1d
2009-04-16 00:00:00+00:00,26.4250545501709,43.854759216308594,46.091583251953125,39.418235778808594,40.699073791503906,19380094.0,SPG,1d
2009-04-17 00:00:00+00:00,27.59390640258789,45.794578552246094,47.177513122558594,42.9451789855957,43.854759216308594,17889160.0,SPG,1d
2009-04-20 00:00:00+00:00,24.283092498779297,40.29997253417969,44.550865173339844,40.08649826049805,44.30955123901367,14327533.0,SPG,1d
2009-04-21 00:00:00+00:00,27.403759002685547,45.47901153564453,45.47901153564453,38.545780181884766,39.1119499206543,16954929.0,SPG,1d
2009-04-22 00:00:00+00:00,25.647676467895508,42.564640045166016,45.66463851928711,42.564640045166016,44.35595703125,17826778.0,SPG,1d
2009-04-23 00:00:00+00:00,27.073789596557617,44.93140411376953,45.42332077026367,42.45326232910156,43.18649673461914,10064720.0,SPG,1d
2009-04-24 00:00:00+00:00,28.3265380859375,47.01044464111328,48.74607467651367,43.44637680053711,44.31883239746094,12671861.0,SPG,1d
2009-04-27 00:00:00+00:00,25.580564498901367,42.45326232910156,45.47901153564453,41.07033157348633,45.1634407043457,12689962.0,SPG,1d
2009-04-28 00:00:00+00:00,26.380306243896484,43.7805061340332,44.996376037597656,41.44158935546875,41.46015167236328,9486684.0,SPG,1d
2009-04-29 00:00:00+00:00,27.78965187072754,46.11943054199219,47.056854248046875,43.929012298583984,44.44877243041992,10507001.0,SPG,1d
2009-04-30 00:00:00+00:00,28.857826232910156,47.892181396484375,49.10804748535156,46.43499755859375,46.73200225830078,11962703.0,SPG,1d
2009-05-01 00:00:00+00:00,26.542503356933594,44.0496711730957,47.335296630859375,43.62272262573242,46.425716400146484,10793379.0,SPG,1d
2009-05-04 00:00:00+00:00,29.014421463012695,48.152061462402344,48.2077522277832,44.89427947998047,44.89427947998047,14070460.0,SPG,1d
2009-05-05 00:00:00+00:00,28.030132293701172,46.518531799316406,47.92002487182617,46.06373977661133,47.558048248291016,8761257.0,SPG,1d
2009-05-06 00:00:00+00:00,30.669828414916992,50.89936447143555,51.0385856628418,46.90835189819336,47.68798828125,11134921.0,SPG,1d
2009-05-07 00:00:00+00:00,29.10951042175293,48.309844970703125,49.37721252441406,46.80625534057617,48.95954513549805,29396654.0,SPG,1d
2009-05-08 00:00:00+00:00,30.160913467407227,50.05475616455078,50.2032585144043,47.51164245605469,49.51643371582031,15789053.0,SPG,1d
2009-05-11 00:00:00+00:00,29.070350646972656,48.244876861572266,50.00834655761719,48.244876861572266,48.53260040283203,10880866.0,SPG,1d
2009-05-12 00:00:00+00:00,29.113656997680664,47.71583557128906,49.0987663269043,45.58110427856445,48.922420501708984,8540171.0,SPG,1d
2009-05-13 00:00:00+00:00,27.227867126464844,44.625118255615234,46.38859176635742,44.00326156616211,46.05445861816406,10779157.0,SPG,1d
2009-05-14 00:00:00+00:00,28.343473434448242,46.45355987548828,47.11254119873047,43.158653259277344,44.61583709716797,10460995.0,SPG,1d
2009-05-15 00:00:00+00:00,26.570940017700195,43.5484733581543,46.24937057495117,43.102962493896484,45.58110427856445,9015851.0,SPG,1d
2009-05-18 00:00:00+00:00,29.158954620361328,47.79008483886719,48.031402587890625,44.151763916015625,44.151763916015625,11046788.0,SPG,1d
2009-05-19 00:00:00+00:00,28.59264373779297,46.861942291259766,48.365535736083984,46.18439865112305,47.36314010620117,7767445.0,SPG,1d
2009-05-20 00:00:00+00:00,28.292510986328125,46.370025634765625,49.340084075927734,45.85026550292969,47.817928314208984,9177895.0,SPG,1d
2009-05-21 00:00:00+00:00,28.088632583618164,46.03589630126953,46.61134338378906,44.80146789550781,45.43260192871094,6509341.0,SPG,1d
2009-05-22 00:00:00+00:00,27.437387466430664,44.96853256225586,46.796974182128906,44.912841796875,45.99877166748047,4972617.0,SPG,1d
2009-05-26 00:00:00+00:00,29.06267547607422,47.632301330566406,48.06852722167969,44.133201599121094,44.959251403808594,9509741.0,SPG,1d
2009-05-27 00:00:00+00:00,28.298173904418945,46.379310607910156,47.86433792114258,46.17511749267578,47.74367904663086,9219699.0,SPG,1d
2009-05-28 00:00:00+00:00,29.32883071899414,48.06852722167969,48.2077522277832,45.85955047607422,46.66703414916992,6701230.0,SPG,1d
2009-05-29 00:00:00+00:00,30.280237197875977,49.6278076171875,49.6278076171875,47.1032600402832,48.27272033691406,7891564.0,SPG,1d
2009-06-01 00:00:00+00:00,31.93384552001953,52.33798599243164,53.32181930541992,49.887691497802734,50.36104202270508,10978588.0,SPG,1d
2009-06-02 00:00:00+00:00,30.71630096435547,50.34247970581055,52.83918380737305,50.2032585144043,52.068824768066406,7393472.0,SPG,1d
2009-06-03 00:00:00+00:00,30.57470703125,50.110443115234375,50.80655288696289,49.59068298339844,50.13828659057617,6077942.0,SPG,1d
2009-06-04 00:00:00+00:00,30.91448974609375,50.66733169555664,51.790382385253906,49.72062301635742,50.40745162963867,10197997.0,SPG,1d
2009-06-05 00:00:00+00:00,30.302885055541992,49.66493606567383,52.02241897583008,49.52571487426758,51.50265884399414,6625703.0,SPG,1d
2009-06-08 00:00:00+00:00,30.506744384765625,49.99906539916992,50.65804672241211,48.97810745239258,49.28439712524414,5792426.0,SPG,1d
2009-06-09 00:00:00+00:00,30.223608016967773,49.534996032714844,50.370323181152344,49.22870635986328,50.370323181152344,6094104.0,SPG,1d
2009-06-10 00:00:00+00:00,29.78755760192871,48.8203239440918,50.31463623046875,47.409549713134766,49.971221923828125,7096966.0,SPG,1d
2009-06-11 00:00:00+00:00,29.527048110961914,48.39337921142578,49.66493606567383,48.2634391784668,49.0709228515625,5588147.0,SPG,1d
2009-06-12 00:00:00+00:00,30.653980255126953,50.24038314819336,50.509544372558594,48.65325927734375,48.91313934326172,7039109.0,SPG,1d
2009-06-15 00:00:00+00:00,29.402463912963867,48.189186096191406,49.91553497314453,47.817928314208984,49.68349838256836,7345958.0,SPG,1d
2009-06-16 00:00:00+00:00,29.07967758178711,47.6601448059082,49.219425201416016,47.01972579956055,48.569725036621094,6777296.0,SPG,1d
2009-06-17 00:00:00+00:00,28.507713317871094,46.722721099853516,47.78080368041992,45.970924377441406,47.44667434692383,7184453.0,SPG,1d
2009-06-18 00:00:00+00:00,29.006065368652344,47.53948974609375,47.771522521972656,46.22152328491211,46.75056457519531,5161597.0,SPG,1d
2009-06-19 00:00:00+00:00,29.968761444091797,49.117332458496094,49.256553649902344,47.817928314208984,48.504756927490234,9400921.0,SPG,1d
2009-06-22 00:00:00+00:00,27.81681251525879,45.59038543701172,48.152061462402344,45.52541732788086,47.966434478759766,7586330.0,SPG,1d
2009-06-23 00:00:00+00:00,28.28683853149414,46.36074447631836,47.02901077270508,45.52541732788086,46.10086441040039,5919669.0,SPG,1d
2009-06-24 00:00:00+00:00,28.643617630004883,46.94547653198242,47.88290023803711,46.38859176635742,46.76913070678711,5544404.0,SPG,1d
2009-06-25 00:00:00+00:00,29.181615829467773,47.827213287353516,47.83649444580078,46.017333984375,46.5463752746582,6477450.0,SPG,1d
2009-06-26 00:00:00+00:00,29.402463912963867,48.189186096191406,48.588287353515625,46.67631530761719,47.595176696777344,8224594.0,SPG,1d
2009-06-29 00:00:00+00:00,29.119312286376953,47.72511672973633,49.05236053466797,47.27960968017578,48.19846725463867,6016098.0,SPG,1d
2009-06-30 00:00:00+00:00,29.124975204467773,47.734397888183594,48.5418815612793,47.632301330566406,47.7065544128418,4700999.0,SPG,1d
2009-07-01 00:00:00+00:00,29.07967758178711,47.6601448059082,48.81104278564453,47.58589553833008,48.00355911254883,4156902.0,SPG,1d
2009-07-02 00:00:00+00:00,27.36377716064453,44.84787368774414,47.22391891479492,44.690086364746094,46.90835189819336,6670631.0,SPG,1d
2009-07-06 00:00:00+00:00,28.343473434448242,46.45355987548828,46.55565643310547,44.170326232910156,44.782901763916016,6377788.0,SPG,1d
2009-07-07 00:00:00+00:00,26.933385848999023,44.14248275756836,46.25865173339844,43.993980407714844,46.25865173339844,5696643.0,SPG,1d
2009-07-08 00:00:00+00:00,26.939043045043945,44.151763916015625,44.838592529296875,42.778114318847656,44.550865173339844,6664598.0,SPG,1d
2009-07-09 00:00:00+00:00,26.28213119506836,43.07511901855469,44.857154846191406,43.07511901855469,44.550865173339844,6061566.0,SPG,1d
2009-07-10 00:00:00+00:00,26.18585777282715,42.917335510253906,43.27931213378906,41.76643753051758,42.703861236572266,4608772.0,SPG,1d
2009-07-13 00:00:00+00:00,27.573299407958984,45.1912841796875,45.237693786621094,42.53679656982422,43.40925216674805,6864890.0,SPG,1d
2009-07-14 00:00:00+00:00,28.156591415405273,46.147274017333984,46.71343994140625,44.31883239746094,45.061344146728516,5593319.0,SPG,1d
2009-07-15 00:00:00+00:00,28.711570739746094,47.056854248046875,47.613739013671875,46.05445861816406,46.78769302368164,6631198.0,SPG,1d
2009-07-16 00:00:00+00:00,29.209930419921875,47.873619079589844,48.2634391784668,46.12871170043945,46.861942291259766,4666307.0,SPG,1d
2009-07-17 00:00:00+00:00,28.292510986328125,46.370025634765625,47.51164245605469,45.90595626831055,47.51164245605469,5539017.0,SPG,1d
2009-07-20 00:00:00+00:00,29.413799285888672,48.2077522277832,48.365535736083984,46.50925064086914,46.639190673828125,4640448.0,SPG,1d
2009-07-21 00:00:00+00:00,29.34017562866211,48.087093353271484,48.848167419433594,46.861942291259766,48.77391815185547,3523272.0,SPG,1d
2009-07-22 00:00:00+00:00,29.566688537597656,48.45834732055664,49.12661361694336,47.23320007324219,47.558048248291016,3435570.0,SPG,1d
2009-07-23 00:00:00+00:00,30.569046020507812,50.10116195678711,50.99217987060547,48.19846725463867,48.4861946105957,6064906.0,SPG,1d
2009-07-24 00:00:00+00:00,30.393489837646484,49.813438415527344,50.184696197509766,48.504756927490234,49.59068298339844,2869493.0,SPG,1d
2009-07-27 00:00:00+00:00,31.17499351501465,51.094276428222656,51.17780685424805,49.3215217590332,49.73918533325195,3053301.0,SPG,1d
2009-07-28 00:00:00+00:00,30.903160095214844,50.648765563964844,51.066429138183594,49.74846649169922,50.7044563293457,3749314.0,SPG,1d
2009-07-29 00:00:00+00:00,30.631343841552734,50.2032585144043,50.77870559692383,49.479305267333984,50.22182083129883,3669370.0,SPG,1d
2009-07-30 00:00:00+00:00,31.786603927612305,52.0966682434082,53.42391586303711,50.676612854003906,50.82511520385742,5203293.0,SPG,1d
2009-07-31 00:00:00+00:00,31.554399490356445,51.716129302978516,51.96672821044922,50.29607009887695,51.279903411865234,4200107.0,SPG,1d
2009-08-03 00:00:00+00:00,32.27928161621094,52.90415573120117,53.154754638671875,51.87391662597656,52.746368408203125,4201507.0,SPG,1d
2009-08-04 00:00:00+00:00,34.49353790283203,56.53319549560547,56.783790588378906,51.62331771850586,52.310142517089844,9319792.0,SPG,1d
2009-08-05 00:00:00+00:00,35.67143249511719,58.46372985839844,58.78858184814453,55.30804443359375,55.82780456542969,8559564.0,SPG,1d
2009-08-06 00:00:00+00:00,35.62046432495117,58.38019943237305,61.554447174072266,58.213134765625,58.844268798828125,7360288.0,SPG,1d
2009-08-07 00:00:00+00:00,37.755435943603516,61.87929916381836,62.53828048706055,58.25954055786133,59.23408889770508,6829658.0,SPG,1d
2009-08-10 00:00:00+00:00,36.52655792236328,59.86522674560547,61.80504608154297,59.13199234008789,61.63798141479492,4809172.0,SPG,1d
2009-08-11 00:00:00+00:00,35.3599853515625,57.95325469970703,59.521812438964844,57.55414962768555,59.261932373046875,4350191.0,SPG,1d
2009-08-12 00:00:00+00:00,35.73373794555664,58.565826416015625,60.05085754394531,57.6376838684082,57.6376838684082,4346528.0,SPG,1d
2009-08-13 00:00:00+00:00,36.43920135498047,59.11020278930664,59.94221496582031,57.922950744628906,59.11955261230469,3336599.0,SPG,1d
2009-08-14 00:00:00+00:00,36.12799835205078,58.605384826660156,58.85779571533203,57.324649810791016,58.7269172668457,3126831.0,SPG,1d
2009-08-17 00:00:00+00:00,33.494319915771484,54.33314895629883,56.903968811035156,54.230316162109375,56.903968811035156,5120960.0,SPG,1d
2009-08-18 00:00:00+00:00,34.174354553222656,55.43626403808594,56.361759185791016,54.464027404785156,54.66969299316406,3828980.0,SPG,1d
2009-08-19 00:00:00+00:00,33.64992904663086,54.58555603027344,55.052978515625,53.323516845703125,53.921817779541016,3758166.0,SPG,1d
2009-08-20 00:00:00+00:00,35.177101135253906,57.06289291381836,57.090938568115234,54.594905853271484,54.81926727294922,3762980.0,SPG,1d
2009-08-21 00:00:00+00:00,35.851383209228516,58.15666198730469,58.95127868652344,57.23116683959961,57.96969223022461,4491229.0,SPG,1d
2009-08-24 00:00:00+00:00,35.33271026611328,57.31529998779297,59.31586837768555,57.090938568115234,58.25949478149414,3790364.0,SPG,1d
2009-08-25 00:00:00+00:00,35.8340950012207,58.12861633300781,58.86714172363281,57.40878677368164,57.885555267333984,2824214.0,SPG,1d
2009-08-26 00:00:00+00:00,36.50835418701172,59.222381591796875,59.31586837768555,57.53031539916992,58.04447937011719,2830953.0,SPG,1d
2009-08-27 00:00:00+00:00,36.80802536010742,59.70850372314453,59.83003234863281,57.72663116455078,58.885841369628906,2638407.0,SPG,1d
2009-08-28 00:00:00+00:00,37.32670593261719,60.549861907958984,60.70878601074219,59.390655517578125,60.14788055419922,2869462.0,SPG,1d
2009-08-31 00:00:00+00:00,36.66394805908203,59.47479248046875,60.05439376831055,58.371673583984375,59.77394104003906,3693342.0,SPG,1d
2009-09-01 00:00:00+00:00,34.67573165893555,56.24958038330078,59.88612365722656,56.053260803222656,59.06346130371094,6388979.0,SPG,1d
2009-09-02 00:00:00+00:00,33.932308197021484,55.04362869262695,56.21218490600586,54.968841552734375,55.73541259765625,3417789.0,SPG,1d
2009-09-03 00:00:00+00:00,34.45674133300781,55.89433670043945,56.28697204589844,54.55751037597656,56.08130645751953,4346820.0,SPG,1d
2009-09-04 00:00:00+00:00,35.24626541137695,57.17507553100586,57.259212493896484,55.221248626708984,55.96912384033203,3397143.0,SPG,1d
2009-09-08 00:00:00+00:00,37.1826171875,60.3161506652832,60.3161506652832,57.4461784362793,57.922950744628906,5525519.0,SPG,1d
2009-09-09 00:00:00+00:00,38.05859375,61.73711395263672,61.78385543823242,59.586971282958984,60.241363525390625,3421960.0,SPG,1d
2009-09-10 00:00:00+00:00,38.85962677001953,63.03654861450195,63.22351837158203,60.9611930847168,61.288387298583984,4037785.0,SPG,1d
2009-09-11 00:00:00+00:00,38.802005767822266,62.94306564331055,63.48527145385742,62.07365798950195,63.35439682006836,4078968.0,SPG,1d
2009-09-14 00:00:00+00:00,39.83357238769531,64.6164321899414,64.747314453125,61.75580978393555,62.484989166259766,3235298.0,SPG,1d
2009-09-15 00:00:00+00:00,40.48479080200195,65.67280578613281,66.81331634521484,63.00850296020508,65.09320831298828,6855901.0,SPG,1d
2009-09-16 00:00:00+00:00,42.2770881652832,68.5801773071289,68.70170593261719,65.88782501220703,66.09349060058594,5259807.0,SPG,1d
2009-09-17 00:00:00+00:00,41.983150482177734,68.10340118408203,71.09490203857422,67.03768157958984,68.36515808105469,5902801.0,SPG,1d
2009-09-18 00:00:00+00:00,42.62861633300781,69.15042877197266,69.8702621459961,67.40226745605469,68.31842041015625,4347890.0,SPG,1d
2009-09-21 00:00:00+00:00,41.37229537963867,67.11247253417969,68.94476318359375,66.88810729980469,68.0566635131836,4664627.0,SPG,1d
2009-09-22 00:00:00+00:00,42.3058967590332,68.62691497802734,68.86062622070312,66.962890625,67.7201156616211,6311426.0,SPG,1d
2009-09-23 00:00:00+00:00,40.329200744628906,65.42040252685547,69.17847442626953,65.42040252685547,68.71105194091797,5141712.0,SPG,1d
2009-09-24 00:00:00+00:00,38.778953552246094,62.905670166015625,66.03739929199219,62.597171783447266,65.45779418945312,6288748.0,SPG,1d
2009-09-25 00:00:00+00:00,39.205406188964844,63.59745407104492,64.4107666015625,62.167144775390625,62.60652160644531,5177226.0,SPG,1d
2009-09-28 00:00:00+00:00,41.29160690307617,66.9815902709961,67.12181854248047,63.77507400512695,64.37337493896484,4622695.0,SPG,1d
2009-09-29 00:00:00+00:00,39.94883728027344,64.80340576171875,67.63597869873047,64.76600646972656,67.00028991699219,5517069.0,SPG,1d
2009-09-30 00:00:00+00:00,40.012237548828125,64.90623474121094,66.0186996459961,63.34504699707031,65.29887390136719,4832570.0,SPG,1d
2009-10-01 00:00:00+00:00,38.07586669921875,61.765159606933594,64.91558837890625,61.69972229003906,64.1022720336914,6718445.0,SPG,1d
2009-10-02 00:00:00+00:00,38.052825927734375,61.72776412963867,63.700286865234375,60.3161506652832,60.858360290527344,4836314.0,SPG,1d
2009-10-05 00:00:00+00:00,38.96337127685547,63.20481872558594,63.68159103393555,61.90538787841797,61.90538787841797,3886423.0,SPG,1d
2009-10-06 00:00:00+00:00,39.33795928955078,63.812469482421875,64.92493438720703,62.653263092041016,63.88725662231445,3305256.0,SPG,1d
2009-10-07 00:00:00+00:00,39.22847366333008,63.634849548339844,63.933998107910156,62.737396240234375,63.45722961425781,2391414.0,SPG,1d
2009-10-08 00:00:00+00:00,39.69526672363281,64.39207458496094,65.43909454345703,63.933998107910156,63.933998107910156,3797745.0,SPG,1d
2009-10-09 00:00:00+00:00,39.99494552612305,64.87818908691406,64.96232604980469,63.26091003417969,64.11161804199219,2644933.0,SPG,1d
2009-10-12 00:00:00+00:00,39.80476760864258,64.56969451904297,65.89717102050781,64.14900970458984,65.08385467529297,1812067.0,SPG,1d
2009-10-13 00:00:00+00:00,38.81352615356445,62.961761474609375,64.51360321044922,62.905670166015625,64.14900970458984,3506894.0,SPG,1d
2009-10-14 00:00:00+00:00,40.56548309326172,65.8036880493164,66.12153625488281,63.60680389404297,63.60680389404297,4844657.0,SPG,1d
2009-10-15 00:00:00+00:00,40.37530517578125,65.49518585205078,65.6915054321289,64.60708618164062,65.25212860107422,2930435.0,SPG,1d
2009-10-16 00:00:00+00:00,38.87693405151367,63.06459426879883,64.79405212402344,62.840232849121094,64.79405212402344,3827803.0,SPG,1d
2009-10-19 00:00:00+00:00,39.8681526184082,64.67252349853516,65.09320831298828,63.30765151977539,63.30765151977539,2794690.0,SPG,1d
2009-10-20 00:00:00+00:00,39.487796783447266,64.05552673339844,64.5042495727539,63.91530227661133,64.47621154785156,3464855.0,SPG,1d
2009-10-21 00:00:00+00:00,39.30338668823242,63.756378173828125,65.77564239501953,63.634849548339844,63.98073959350586,3828659.0,SPG,1d
2009-10-22 00:00:00+00:00,40.33494567871094,65.42974853515625,65.5793228149414,62.74674606323242,63.55071258544922,4038534.0,SPG,1d
2009-10-23 00:00:00+00:00,39.672218322753906,64.35467529296875,65.710205078125,63.933998107910156,65.68215942382812,3837859.0,SPG,1d
2009-10-26 00:00:00+00:00,39.649169921875,64.3172836303711,66.05609130859375,64.03683471679688,64.47621154785156,3063077.0,SPG,1d
2009-10-27 00:00:00+00:00,38.81352615356445,62.961761474609375,64.38272094726562,62.70000457763672,64.07422637939453,4051370.0,SPG,1d
2009-10-28 00:00:00+00:00,37.11346435546875,60.20397186279297,63.60680389404297,60.01700210571289,62.62521743774414,5179686.0,SPG,1d
2009-10-29 00:00:00+00:00,39.286102294921875,63.72833251953125,63.990089416503906,60.77422332763672,61.18555450439453,5985489.0,SPG,1d
2009-10-30 00:00:00+00:00,39.124732971191406,63.466575622558594,64.7286148071289,61.035980224609375,63.214168548583984,8155797.0,SPG,1d
2009-11-02 00:00:00+00:00,39.401371002197266,63.91530227661133,65.0558090209961,61.83994674682617,63.812469482421875,4820803.0,SPG,1d
2009-11-03 00:00:00+00:00,39.827823638916016,64.60708618164062,64.9716796875,62.94306564331055,63.16742706298828,3559416.0,SPG,1d
2009-11-04 00:00:00+00:00,38.93455123901367,63.158077239990234,65.85977935791016,62.915016174316406,65.19603729248047,4750417.0,SPG,1d
2009-11-05 00:00:00+00:00,39.966129302978516,64.83145141601562,64.9716796875,63.40113830566406,63.5133171081543,3328576.0,SPG,1d
2009-11-06 00:00:00+00:00,39.314918518066406,63.77507400512695,64.87818908691406,63.158077239990234,64.12096405029297,2318247.0,SPG,1d
2009-11-09 00:00:00+00:00,41.33195114135742,67.04702758789062,67.1685562133789,64.1022720336914,64.6538314819336,4092339.0,SPG,1d
2009-11-10 00:00:00+00:00,40.70378875732422,66.0280532836914,66.72917938232422,65.23342895507812,66.72917938232422,2880373.0,SPG,1d
2009-11-11 00:00:00+00:00,41.87367630004883,67.92578125,68.2436294555664,66.40198516845703,66.72917938232422,3017722.0,SPG,1d
2009-11-12 00:00:00+00:00,41.957157135009766,67.46002197265625,68.34430694580078,67.17779541015625,67.93038940429688,3083444.0,SPG,1d
2009-11-13 00:00:00+00:00,42.296512603759766,68.00564575195312,68.5230484008789,67.29068756103516,67.47883605957031,2530365.0,SPG,1d
2009-11-16 00:00:00+00:00,43.10394287109375,69.3038558959961,70.11288452148438,68.39134216308594,68.65475463867188,3310820.0,SPG,1d
2009-11-17 00:00:00+00:00,42.232147216796875,67.90216064453125,69.84947967529297,67.83631134033203,68.88993072509766,3692331.0,SPG,1d
2009-11-18 00:00:00+00:00,44.221466064453125,71.10066223144531,71.35466003417969,68.1185302734375,68.1185302734375,5263657.0,SPG,1d
2009-11-19 00:00:00+00:00,43.24435043334961,69.52963256835938,70.67733001708984,68.70178985595703,70.66792297363281,5212208.0,SPG,1d
2009-11-20 00:00:00+00:00,42.45449447631836,68.2596435546875,69.37911224365234,68.25023651123047,69.17215728759766,3161894.0,SPG,1d
2009-11-23 00:00:00+00:00,43.45499801635742,69.86829376220703,70.41392517089844,69.17215728759766,69.61429595947266,3195591.0,SPG,1d
2009-11-24 00:00:00+00:00,42.226314544677734,67.89275360107422,69.91533660888672,67.6763916015625,69.91533660888672,3618133.0,SPG,1d
2009-11-25 00:00:00+00:00,42.25556564331055,67.9397964477539,68.70178985595703,67.68579864501953,67.98683166503906,2061263.0,SPG,1d
2009-11-27 00:00:00+00:00,40.79866409301758,65.59736633300781,67.0743179321289,65.51270294189453,66.16180419921875,1827829.0,SPG,1d
2009-11-30 00:00:00+00:00,42.512996673583984,68.35371398925781,68.68297576904297,65.48448181152344,65.90780639648438,6679892.0,SPG,1d
2009-12-01 00:00:00+00:00,43.197566986083984,69.45437622070312,69.84007263183594,68.1185302734375,68.9557876586914,3464104.0,SPG,1d
2009-12-02 00:00:00+00:00,43.95232009887695,70.66792297363281,71.20413970947266,69.134521484375,69.48259735107422,3113633.0,SPG,1d
2009-12-03 00:00:00+00:00,43.40234375,69.78363037109375,72.16368865966797,69.45437622070312,70.41392517089844,3233115.0,SPG,1d
2009-12-04 00:00:00+00:00,44.35020446777344,71.3076171875,72.27657318115234,70.0,70.81843566894531,4176527.0,SPG,1d
2009-12-07 00:00:00+00:00,43.238521575927734,69.52022552490234,71.56161499023438,68.8428955078125,70.7525863647461,3199630.0,SPG,1d
2009-12-08 00:00:00+00:00,43.69488525390625,70.25399780273438,71.11947631835938,69.03104400634766,69.38851928710938,4596837.0,SPG,1d
2009-12-09 00:00:00+00:00,43.928932189941406,70.63029479980469,71.34524536132812,69.67074584960938,70.2634048461914,4423993.0,SPG,1d
2009-12-10 00:00:00+00:00,44.198055267333984,71.06302642822266,71.25117492675781,70.25399780273438,70.68673706054688,3862198.0,SPG,1d
2009-12-11 00:00:00+00:00,44.90602111816406,72.2013168334961,72.2953872680664,70.80902862548828,71.22295379638672,3669582.0,SPG,1d
2009-12-14 00:00:00+00:00,45.549644470214844,73.23612213134766,73.34901428222656,71.40169525146484,72.62464904785156,3854757.0,SPG,1d
2009-12-15 00:00:00+00:00,44.946990966796875,72.26716613769531,73.24552917480469,72.16368865966797,72.5776138305664,2269611.0,SPG,1d
2009-12-16 00:00:00+00:00,44.946990966796875,72.26716613769531,73.25493621826172,71.94731903076172,72.35183715820312,2975443.0,SPG,1d
2009-12-17 00:00:00+00:00,44.882633209228516,72.16368865966797,72.4647216796875,71.22295379638672,71.82502746582031,3079086.0,SPG,1d
2009-12-18 00:00:00+00:00,45.50868225097656,73.17027282714844,73.27375030517578,71.49576568603516,72.30479431152344,3846678.0,SPG,1d
2009-12-21 00:00:00+00:00,46.45654296875,74.69425964355469,74.84477996826172,73.25493621826172,73.27375030517578,2788355.0,SPG,1d
2009-12-22 00:00:00+00:00,46.71982955932617,75.11759185791016,75.38099670410156,74.12982177734375,74.50611877441406,2921230.0,SPG,1d
2009-12-23 00:00:00+00:00,47.48630905151367,76.3499526977539,77.46002197265625,74.76952362060547,75.15522003173828,2689922.0,SPG,1d
2009-12-24 00:00:00+00:00,48.41074752807617,77.83631134033203,78.01505279541016,76.53810119628906,76.71684265136719,1198107.0,SPG,1d
2009-12-28 00:00:00+00:00,48.58628845214844,78.1185302734375,78.85230255126953,77.60112762451172,77.9962387084961,2613173.0,SPG,1d
2009-12-29 00:00:00+00:00,48.00119400024414,77.17779541015625,78.85230255126953,77.04609680175781,78.29727172851562,2761674.0,SPG,1d
2009-12-30 00:00:00+00:00,47.66767883300781,76.6415786743164,77.24365234375,75.8231430053711,76.9802474975586,2761461.0,SPG,1d
2009-12-31 00:00:00+00:00,46.69057846069336,75.070556640625,77.3941650390625,74.99529266357422,76.82032012939453,2619764.0,SPG,1d
2010-01-04 00:00:00+00:00,46.17567443847656,74.24270629882812,76.34054565429688,73.80056762695312,75.71965789794922,3450498.0,SPG,1d
2010-01-05 00:00:00+00:00,45.8597412109375,73.73471069335938,74.35559844970703,72.59642791748047,74.32737731933594,4342568.0,SPG,1d
2010-01-06 00:00:00+00:00,45.3448600769043,72.90686798095703,74.51551818847656,72.59642791748047,73.49011993408203,3476223.0,SPG,1d
2010-01-07 00:00:00+00:00,45.93581008911133,73.85700988769531,74.76952362060547,71.55220794677734,73.02915954589844,3986356.0,SPG,1d
2010-01-08 00:00:00+00:00,44.8358268737793,72.08843231201172,73.66886138916016,70.99717712402344,73.61241912841797,4005809.0,SPG,1d
2010-01-11 00:00:00+00:00,44.876792907714844,72.15428161621094,72.8974609375,71.65569305419922,72.42709350585938,2662602.0,SPG,1d
2010-01-12 00:00:00+00:00,43.99329376220703,70.73377227783203,72.06961059570312,70.3198471069336,71.68391418457031,4696653.0,SPG,1d
2010-01-13 00:00:00+00:00,44.437965393066406,71.44873046875,72.15428161621094,70.65851593017578,70.65851593017578,4540392.0,SPG,1d
2010-01-14 00:00:00+00:00,44.636905670166016,71.7685775756836,72.01316833496094,70.57384490966797,71.13829040527344,2790269.0,SPG,1d
2010-01-15 00:00:00+00:00,43.81777572631836,70.45155334472656,71.50517272949219,70.32925415039062,71.3076171875,3910458.0,SPG,1d
2010-01-19 00:00:00+00:00,44.853389739990234,72.11665344238281,72.19190979003906,69.88711547851562,70.32925415039062,4324709.0,SPG,1d
2010-01-20 00:00:00+00:00,43.81192398071289,70.44214630126953,71.96613311767578,69.72718811035156,71.40169525146484,3554778.0,SPG,1d
2010-01-21 00:00:00+00:00,42.425228118896484,68.21260833740234,70.95014190673828,68.01505279541016,70.47977447509766,4807099.0,SPG,1d
2010-01-22 00:00:00+00:00,41.30185317993164,66.4063949584961,68.71119689941406,66.21824645996094,68.22201538085938,4963147.0,SPG,1d
2010-01-25 00:00:00+00:00,42.18534851074219,67.826904296875,68.32549285888672,66.00188446044922,67.18720245361328,3799375.0,SPG,1d
2010-01-26 00:00:00+00:00,42.015663146972656,67.55409240722656,68.64533996582031,66.9332046508789,67.41297912597656,2804407.0,SPG,1d
2010-01-27 00:00:00+00:00,42.360877990722656,68.10912322998047,68.16556549072266,66.50988006591797,67.60112762451172,4314186.0,SPG,1d
2010-01-28 00:00:00+00:00,42.17364501953125,67.80809020996094,68.53245544433594,66.84854125976562,68.53245544433594,3146586.0,SPG,1d
2010-01-29 00:00:00+00:00,42.126827239990234,67.73283386230469,69.28504180908203,67.1025390625,68.01505279541016,4296221.0,SPG,1d
2010-02-01 00:00:00+00:00,43.04543685913086,69.20978546142578,69.21919250488281,67.9962387084961,68.08090209960938,3030507.0,SPG,1d
2010-02-02 00:00:00+00:00,43.572021484375,70.05644226074219,70.22577667236328,68.39134216308594,69.4449691772461,3776733.0,SPG,1d
2010-02-03 00:00:00+00:00,42.594913482666016,68.48542022705078,69.7365951538086,68.1185302734375,69.7365951538086,3140315.0,SPG,1d
2010-02-04 00:00:00+00:00,40.63484573364258,65.3339614868164,68.20320129394531,65.29633331298828,68.20320129394531,5638152.0,SPG,1d
2010-02-05 00:00:00+00:00,42.92256164550781,69.0122299194336,69.12511444091797,65.9736557006836,66.09595489501953,7971862.0,SPG,1d
2010-02-08 00:00:00+00:00,41.37791442871094,66.52869415283203,68.91815948486328,66.28410339355469,68.62652587890625,5343170.0,SPG,1d
2010-02-09 00:00:00+00:00,41.30185317993164,66.4063949584961,67.60112762451172,66.0865478515625,67.19660949707031,5293953.0,SPG,1d
2010-02-10 00:00:00+00:00,41.114627838134766,66.10536193847656,67.1307601928711,64.98588562011719,66.30291748046875,3747713.0,SPG,1d
2010-02-11 00:00:00+00:00,42.08164978027344,67.04609680175781,67.11194610595703,64.68485260009766,65.3904037475586,3888879.0,SPG,1d
2010-02-12 00:00:00+00:00,42.512691497802734,67.73283386230469,67.88334655761719,65.85136413574219,66.378173828125,4004002.0,SPG,1d
2010-02-16 00:00:00+00:00,44.17777633666992,70.38570404052734,70.49858856201172,68.3819351196289,68.61711883544922,6032312.0,SPG,1d
2010-02-17 00:00:00+00:00,44.78596115112305,71.35466003417969,72.09783935546875,70.35747528076172,70.4045181274414,5226133.0,SPG,1d
2010-02-18 00:00:00+00:00,45.59487533569336,72.64346313476562,73.10442352294922,71.00658416748047,71.00658416748047,4296646.0,SPG,1d
2010-02-19 00:00:00+00:00,45.890106201171875,73.11383056640625,73.3019790649414,71.77798461914062,72.38946533203125,4001238.0,SPG,1d
2010-02-22 00:00:00+00:00,46.43333053588867,73.97930145263672,74.47789001464844,72.69049835205078,73.29256439208984,3667244.0,SPG,1d
2010-02-23 00:00:00+00:00,46.002296447753906,73.29256439208984,73.9416732788086,72.5776138305664,73.43367767333984,4121995.0,SPG,1d
2010-02-24 00:00:00+00:00,45.77790069580078,72.93508911132812,73.8852310180664,72.5776138305664,73.36782836914062,5580963.0,SPG,1d
2010-02-25 00:00:00+00:00,46.356563568115234,73.85700988769531,73.8852310180664,71.67450714111328,72.62464904785156,3765146.0,SPG,1d
2010-02-26 00:00:00+00:00,46.226661682128906,73.6500473022461,74.6095962524414,73.09501647949219,73.67826843261719,4256784.0,SPG,1d
2010-03-01 00:00:00+00:00,46.291595458984375,73.75352478027344,74.40263366699219,73.39604949951172,74.22389221191406,2061476.0,SPG,1d
2010-03-02 00:00:00+00:00,46.06133270263672,73.38664245605469,74.6378173828125,73.11383056640625,73.98870849609375,2288320.0,SPG,1d
2010-03-03 00:00:00+00:00,45.73658752441406,72.8692398071289,73.43367767333984,72.55879974365234,73.32079315185547,1903302.0,SPG,1d
2010-03-04 00:00:00+00:00,45.82514572143555,73.01034545898438,73.37723541259766,72.82220458984375,73.1890869140625,2385478.0,SPG,1d
2010-03-05 00:00:00+00:00,46.899776458740234,74.72248077392578,75.08937072753906,73.10442352294922,73.32079315185547,3324958.0,SPG,1d
2010-03-08 00:00:00+00:00,47.11233901977539,75.06114959716797,75.3621826171875,74.4684829711914,74.71307373046875,2351888.0,SPG,1d
2010-03-09 00:00:00+00:00,47.720516204833984,76.03010559082031,76.52869415283203,74.33678436279297,74.8071517944336,3166252.0,SPG,1d
2010-03-10 00:00:00+00:00,47.69097137451172,75.98307037353516,76.60395050048828,75.55973815917969,76.33113861083984,1944121.0,SPG,1d
2010-03-11 00:00:00+00:00,47.79136276245117,76.14299011230469,76.16180419921875,75.28692626953125,75.72907257080078,2158422.0,SPG,1d
2010-03-12 00:00:00+00:00,48.46446990966797,77.2154312133789,78.02445983886719,76.24647521972656,76.50988006591797,2783572.0,SPG,1d
2010-03-15 00:00:00+00:00,48.346397399902344,77.02728271484375,77.72342681884766,76.19943237304688,76.8391342163086,2374104.0,SPG,1d
2010-03-16 00:00:00+00:00,49.70442581176758,79.19097137451172,79.61429595947266,76.77328491210938,77.1307601928711,3325277.0,SPG,1d
2010-03-17 00:00:00+00:00,50.572391510009766,80.57384490966797,80.65851593017578,78.88052368164062,79.3979263305664,3713909.0,SPG,1d
2010-03-18 00:00:00+00:00,49.928794860839844,79.54844665527344,80.94073486328125,79.46378326416016,80.59265899658203,2553751.0,SPG,1d
2010-03-19 00:00:00+00:00,49.326541900634766,78.58889770507812,80.5550308227539,78.49482727050781,78.58889770507812,4748740.0,SPG,1d
2010-03-22 00:00:00+00:00,50.170894622802734,79.93415069580078,79.96237182617188,77.98683166503906,78.13734436035156,2398128.0,SPG,1d
2010-03-23 00:00:00+00:00,49.85205841064453,79.42615509033203,80.21636962890625,78.6923828125,79.92474365234375,1990999.0,SPG,1d
2010-03-24 00:00:00+00:00,49.89927291870117,79.50141143798828,80.19755554199219,78.99341583251953,79.17215728759766,2298950.0,SPG,1d
2010-03-25 00:00:00+00:00,50.50153732299805,80.4609603881836,81.49576568603516,80.07525634765625,80.15052032470703,3248315.0,SPG,1d
2010-03-26 00:00:00+00:00,50.194496154785156,79.9717788696289,81.28880310058594,79.63311767578125,80.82784271240234,2577137.0,SPG,1d
2010-03-29 00:00:00+00:00,50.27716064453125,80.10347747802734,80.47036743164062,79.37911224365234,80.15992736816406,1844624.0,SPG,1d
2010-03-30 00:00:00+00:00,50.283084869384766,80.11288452148438,80.53621673583984,79.49200439453125,79.88711547851562,1707391.0,SPG,1d
2010-03-31 00:00:00+00:00,49.539093017578125,78.92756652832031,79.8306655883789,78.8146743774414,79.58607482910156,2355608.0,SPG,1d
2010-04-01 00:00:00+00:00,49.87565994262695,79.46378326416016,80.07525634765625,78.80526733398438,79.23800659179688,1885124.0,SPG,1d
2010-04-05 00:00:00+00:00,50.86172103881836,81.03480529785156,81.10066223144531,79.37911224365234,79.94355773925781,1573984.0,SPG,1d
2010-04-06 00:00:00+00:00,51.78874206542969,82.51175689697266,82.71871948242188,80.2916259765625,80.6961441040039,2763587.0,SPG,1d
2010-04-07 00:00:00+00:00,49.91109085083008,79.52022552490234,82.51175689697266,79.22859954833984,82.19190979003906,3138614.0,SPG,1d
2010-04-08 00:00:00+00:00,50.02916717529297,79.7083740234375,80.10347747802734,79.1533432006836,79.29444885253906,4148889.0,SPG,1d
2010-04-09 00:00:00+00:00,50.83218765258789,80.9877700805664,81.08184051513672,79.23800659179688,79.96237182617188,2161823.0,SPG,1d
2010-04-12 00:00:00+00:00,50.2063102722168,79.99059295654297,81.14769744873047,79.7365951538086,80.94073486328125,2001416.0,SPG,1d
2010-04-13 00:00:00+00:00,52.06624984741211,82.95390319824219,83.26434326171875,79.77422332763672,79.98118591308594,3606334.0,SPG,1d
2010-04-14 00:00:00+00:00,51.9304313659668,82.73753356933594,83.70648956298828,82.02257537841797,83.07620239257812,2646764.0,SPG,1d
2010-04-15 00:00:00+00:00,50.2063102722168,79.99059295654297,82.7845687866211,79.79303741455078,82.30479431152344,3748882.0,SPG,1d
2010-04-16 00:00:00+00:00,48.57665252685547,77.3941650390625,80.27281188964844,77.1307601928711,79.82125854492188,5407694.0,SPG,1d
2010-04-19 00:00:00+00:00,48.94867706298828,77.98683166503906,79.02163696289062,76.8109130859375,76.87676239013672,2912195.0,SPG,1d
2010-04-20 00:00:00+00:00,49.98785400390625,79.64252471923828,79.66133880615234,78.01505279541016,78.56067657470703,2564488.0,SPG,1d
2010-04-21 00:00:00+00:00,51.36360549926758,81.83443450927734,82.06961059570312,79.34148406982422,79.57666778564453,3327615.0,SPG,1d
2010-04-22 00:00:00+00:00,52.190242767333984,83.15145874023438,83.55597686767578,80.66792297363281,80.99717712402344,2565232.0,SPG,1d
2010-04-23 00:00:00+00:00,52.88105773925781,84.25211334228516,84.72248077392578,82.61524200439453,83.4524917602539,2498050.0,SPG,1d
2010-04-26 00:00:00+00:00,53.48923873901367,85.2210693359375,86.06773376464844,83.93226623535156,84.26152038574219,2598929.0,SPG,1d
2010-04-27 00:00:00+00:00,51.65291213989258,82.2953872680664,85.54092407226562,82.21072387695312,84.61900329589844,3253737.0,SPG,1d
2010-04-28 00:00:00+00:00,51.74148941040039,82.4365005493164,83.25493621826172,81.78739166259766,83.10442352294922,2593933.0,SPG,1d
2010-04-29 00:00:00+00:00,54.569766998291016,86.94261169433594,87.15898132324219,83.1890869140625,83.22671508789062,3287009.0,SPG,1d
2010-04-30 00:00:00+00:00,52.562217712402344,83.7441177368164,87.75164794921875,83.31138610839844,86.18061828613281,3673941.0,SPG,1d
2010-05-03 00:00:00+00:00,54.78233337402344,87.28128051757812,88.04327392578125,84.06397247314453,84.59078216552734,3350470.0,SPG,1d
2010-05-04 00:00:00+00:00,53.194007873535156,84.7507095336914,86.50988006591797,83.98870849609375,86.50988006591797,3952234.0,SPG,1d
2010-05-05 00:00:00+00:00,52.243385314941406,83.23612213134766,85.3904037475586,82.33302307128906,84.205078125,2954609.0,SPG,1d
2010-05-06 00:00:00+00:00,50.11775588989258,79.84947967529297,83.53716278076172,74.1768569946289,82.75634765625,5349441.0,SPG,1d
2010-05-07 00:00:00+00:00,50.59012222290039,80.6020736694336,82.94449615478516,78.6923828125,80.1693344116211,7330767.0,SPG,1d
2010-05-10 00:00:00+00:00,53.33572769165039,84.97647857666016,85.2492904663086,83.01034545898438,83.5089340209961,5489864.0,SPG,1d
2010-05-11 00:00:00+00:00,53.506961822509766,85.2492904663086,86.23706817626953,83.6500473022461,84.00752258300781,3355041.0,SPG,1d
2010-05-12 00:00:00+00:00,54.29651641845703,85.89839935302734,86.5475082397461,84.28034210205078,85.41862487792969,3026680.0,SPG,1d
2010-05-13 00:00:00+00:00,53.333187103271484,84.3744125366211,86.0583267211914,84.22389221191406,85.75729370117188,2251434.0,SPG,1d
2010-05-14 00:00:00+00:00,51.55522918701172,81.56161499023438,83.93226623535156,80.63029479980469,83.51834106445312,3210154.0,SPG,1d
2010-05-17 00:00:00+00:00,51.54928970336914,81.55220794677734,83.480712890625,79.36029815673828,81.84384155273438,3086633.0,SPG,1d
2010-05-18 00:00:00+00:00,50.05080795288086,79.18156433105469,83.09501647949219,78.75823211669922,82.6058349609375,2912514.0,SPG,1d
2010-05-19 00:00:00+00:00,49.52751541137695,78.35371398925781,80.50799560546875,76.3499526977539,78.5794906616211,3137445.0,SPG,1d
2010-05-20 00:00:00+00:00,48.21929931640625,76.28410339355469,78.64533996582031,76.0583267211914,76.76387786865234,5108991.0,SPG,1d
2010-05-21 00:00:00+00:00,49.973480224609375,79.05926513671875,79.26622772216797,74.44966888427734,75.0423355102539,5266740.0,SPG,1d
2010-05-24 00:00:00+00:00,48.61175537109375,76.90498352050781,79.43556213378906,76.66039276123047,79.35089111328125,2569909.0,SPG,1d
2010-05-25 00:00:00+00:00,49.15288543701172,77.76105499267578,77.968017578125,73.96989440917969,75.84195709228516,3911627.0,SPG,1d
2010-05-26 00:00:00+00:00,48.748531341552734,77.12135314941406,79.67074584960938,76.55691528320312,78.85230255126953,2845013.0,SPG,1d
2010-05-27 00:00:00+00:00,51.394683837890625,81.3076171875,81.51457977294922,78.20320129394531,78.82408142089844,3581141.0,SPG,1d
2010-05-28 00:00:00+00:00,50.56217575073242,79.99059295654297,81.64628601074219,79.60488891601562,81.34524536132812,2597547.0,SPG,1d
2010-06-01 00:00:00+00:00,50.431358337402344,79.78363037109375,81.2793960571289,78.8711166381836,79.1533432006836,3254481.0,SPG,1d
2010-06-02 00:00:00+00:00,51.48981475830078,81.45813751220703,81.64628601074219,79.1063003540039,80.30103302001953,2849265.0,SPG,1d
2010-06-03 00:00:00+00:00,51.216285705566406,81.02539825439453,81.79679870605469,80.19755554199219,81.3076171875,2154488.0,SPG,1d
2010-06-04 00:00:00+00:00,48.463096618652344,76.6697998046875,80.3198471069336,76.33113861083984,79.35089111328125,3533731.0,SPG,1d
2010-06-07 00:00:00+00:00,48.147953033447266,76.17121124267578,78.29727172851562,76.1147689819336,77.14016723632812,2757847.0,SPG,1d
2010-06-08 00:00:00+00:00,48.86151123046875,77.30009460449219,77.71401977539062,74.9576644897461,76.77328491210938,4155267.0,SPG,1d
2010-06-09 00:00:00+00:00,48.87339782714844,77.31890869140625,79.84947967529297,76.96143341064453,78.00564575195312,2799198.0,SPG,1d
2010-06-10 00:00:00+00:00,51.03195571899414,80.73377227783203,80.9877700805664,78.17497253417969,78.3819351196289,3195910.0,SPG,1d
2010-06-11 00:00:00+00:00,51.78117370605469,81.91909790039062,82.22013092041016,79.5672607421875,79.66133880615234,2600630.0,SPG,1d
2010-06-14 00:00:00+00:00,52.57204818725586,83.17027282714844,83.68767547607422,82.08843231201172,82.55879974365234,3422754.0,SPG,1d
2010-06-15 00:00:00+00:00,53.791072845458984,85.0987777709961,85.0987777709961,82.74694061279297,83.29256439208984,2797072.0,SPG,1d
2010-06-16 00:00:00+00:00,53.19047927856445,84.14863586425781,85.0423355102539,83.621826171875,84.56256103515625,2671532.0,SPG,1d
2010-06-17 00:00:00+00:00,52.91694641113281,83.71589660644531,84.59078216552734,83.17027282714844,84.34619140625,2908262.0,SPG,1d
2010-06-18 00:00:00+00:00,53.166690826416016,84.11100769042969,84.65663146972656,83.29256439208984,84.00752258300781,2890722.0,SPG,1d
2010-06-21 00:00:00+00:00,52.83964157104492,83.5936050415039,85.71965789794922,83.3019790649414,85.1928482055664,2247395.0,SPG,1d
2010-06-22 00:00:00+00:00,50.895172119140625,80.51740264892578,84.0263442993164,80.44214630126953,83.9134521484375,3482920.0,SPG,1d
2010-06-23 00:00:00+00:00,51.222232818603516,81.03480529785156,81.99435424804688,79.5954818725586,80.48918151855469,2410565.0,SPG,1d
2010-06-24 00:00:00+00:00,49.931861877441406,78.99341583251953,80.77140045166016,78.82408142089844,80.36688232421875,2691410.0,SPG,1d
2010-06-25 00:00:00+00:00,51.44819641113281,81.39228820800781,81.7685775756836,79.16275024414062,79.85888671875,4994612.0,SPG,1d
2010-06-28 00:00:00+00:00,50.52650833129883,79.93415069580078,81.83443450927734,79.71778106689453,81.63687896728516,1806356.0,SPG,1d
2010-06-29 00:00:00+00:00,48.653404235839844,76.97084045410156,79.63311767578125,76.41580200195312,78.76763916015625,4492557.0,SPG,1d
2010-06-30 00:00:00+00:00,48.01712417602539,75.96424865722656,78.5230484008789,75.71965789794922,76.9802474975586,3390120.0,SPG,1d
2010-07-01 00:00:00+00:00,48.19552230834961,76.24647521972656,76.68861389160156,74.19567108154297,76.12417602539062,2941640.0,SPG,1d
2010-07-02 00:00:00+00:00,47.0240592956543,74.39322662353516,77.24365234375,74.03575134277344,76.79209899902344,2576606.0,SPG,1d
2010-07-06 00:00:00+00:00,45.95372772216797,72.69990539550781,76.38758087158203,71.93791198730469,75.92662048339844,3831584.0,SPG,1d
2010-07-07 00:00:00+00:00,48.30849838256836,76.42520904541016,76.50988006591797,72.69990539550781,73.1890869140625,3918962.0,SPG,1d
2010-07-08 00:00:00+00:00,48.587974548339844,76.86735534667969,77.55409240722656,75.45625305175781,77.3659439086914,2360817.0,SPG,1d
2010-07-09 00:00:00+00:00,49.15288543701172,77.76105499267578,77.83631134033203,76.38758087158203,77.00846862792969,1919991.0,SPG,1d
2010-07-12 00:00:00+00:00,49.33126449584961,78.04327392578125,78.32549285888672,76.48165893554688,77.68579864501953,1625114.0,SPG,1d
2010-07-13 00:00:00+00:00,50.58596420288086,80.0282211303711,80.42333221435547,78.78645324707031,79.12511444091797,3438699.0,SPG,1d
2010-07-14 00:00:00+00:00,50.28864669799805,79.55785369873047,80.41392517089844,78.79586029052734,79.3979263305664,2391325.0,SPG,1d
2010-07-15 00:00:00+00:00,50.478939056396484,79.85888671875,80.03762817382812,77.826904296875,79.416748046875,2546098.0,SPG,1d
2010-07-16 00:00:00+00:00,48.89717483520508,77.35653686523438,79.52963256835938,76.86735534667969,79.52963256835938,3975514.0,SPG,1d
2010-07-19 00:00:00+00:00,49.56912612915039,78.41956329345703,78.75823211669922,76.45343780517578,77.69520568847656,2464991.0,SPG,1d
2010-07-20 00:00:00+00:00,50.17566680908203,79.37911224365234,79.5390396118164,76.84854125976562,77.17779541015625,3011054.0,SPG,1d
2010-07-21 00:00:00+00:00,48.9744873046875,77.47883605957031,80.38570404052734,76.98965454101562,80.38570404052734,3037841.0,SPG,1d
2010-07-22 00:00:00+00:00,51.335208892822266,81.21354675292969,81.74976348876953,78.57008361816406,78.77704620361328,3707213.0,SPG,1d
2010-07-23 00:00:00+00:00,51.917945861816406,82.13546752929688,82.2953872680664,79.82125854492188,80.54562377929688,2913896.0,SPG,1d
2010-07-26 00:00:00+00:00,52.96451187133789,83.7911605834961,83.96048736572266,81.20413970947266,81.86265563964844,2572247.0,SPG,1d
2010-07-27 00:00:00+00:00,53.089393615722656,83.98870849609375,84.6660385131836,82.5776138305664,83.96048736572266,2612641.0,SPG,1d
2010-07-28 00:00:00+00:00,53.000205993652344,83.84760284423828,84.99529266357422,83.09501647949219,83.7441177368164,2863722.0,SPG,1d
2010-07-29 00:00:00+00:00,52.28662872314453,82.71871948242188,84.93885040283203,82.39887237548828,84.32737731933594,2395045.0,SPG,1d
2010-07-30 00:00:00+00:00,53.053714752197266,83.93226623535156,84.26152038574219,81.56161499023438,82.53997802734375,2783359.0,SPG,1d
2010-08-02 00:00:00+00:00,55.61662292480469,87.98683166503906,88.2314224243164,85.13640594482422,85.54092407226562,4314186.0,SPG,1d
2010-08-03 00:00:00+00:00,55.3965950012207,87.63875579833984,88.0903091430664,86.9332046508789,87.63875579833984,2771028.0,SPG,1d
2010-08-04 00:00:00+00:00,56.16366958618164,88.85230255126953,88.88993072509766,87.11194610595703,87.69520568847656,2903903.0,SPG,1d
2010-08-05 00:00:00+00:00,55.37876892089844,87.61053466796875,88.8428955078125,87.43179321289062,88.06208801269531,2671319.0,SPG,1d
2010-08-06 00:00:00+00:00,55.2063102722168,87.33772277832031,87.61994171142578,86.13358306884766,86.73565673828125,2597228.0,SPG,1d
2010-08-09 00:00:00+00:00,55.69985580444336,88.1185302734375,88.37252807617188,87.32831573486328,88.00564575195312,2353057.0,SPG,1d
2010-08-10 00:00:00+00:00,55.04574966430664,87.08372497558594,88.02445983886719,86.03010559082031,87.09313201904297,2704804.0,SPG,1d
2010-08-11 00:00:00+00:00,53.898101806640625,85.26811218261719,86.42520904541016,84.62841033935547,85.4750747680664,2747749.0,SPG,1d
2010-08-12 00:00:00+00:00,53.29751205444336,84.3179702758789,85.71025085449219,83.89463806152344,84.205078125,2641024.0,SPG,1d
2010-08-13 00:00:00+00:00,53.45790481567383,83.96989440917969,85.10818481445312,83.32079315185547,83.32079315185547,2070724.0,SPG,1d
2010-08-16 00:00:00+00:00,53.541748046875,84.10160064697266,84.9012222290039,83.08560943603516,83.621826171875,1565799.0,SPG,1d
2010-08-17 00:00:00+00:00,54.92520523071289,86.27469635009766,86.9802474975586,84.32737731933594,84.92003631591797,2381120.0,SPG,1d
2010-08-18 00:00:00+00:00,55.01504135131836,86.41580200195312,86.9332046508789,85.61618041992188,86.47224426269531,1856104.0,SPG,1d
2010-08-19 00:00:00+00:00,53.5357666015625,84.09219360351562,86.19002532958984,83.80056762695312,86.1147689819336,2857344.0,SPG,1d
2010-08-20 00:00:00+00:00,53.28422164916992,83.69708251953125,84.26152038574219,83.2173080444336,83.72530364990234,2372191.0,SPG,1d
2010-08-23 00:00:00+00:00,52.721256256103516,82.81279754638672,84.44026184082031,82.7845687866211,84.07337951660156,1653390.0,SPG,1d
2010-08-24 00:00:00+00:00,52.85300827026367,83.0197525024414,83.68767547607422,81.48635864257812,81.7685775756836,2779958.0,SPG,1d
2010-08-25 00:00:00+00:00,53.55971145629883,84.12982177734375,84.54374694824219,82.2013168334961,82.2013168334961,2442668.0,SPG,1d
2010-08-26 00:00:00+00:00,53.24228286743164,83.63123321533203,85.10818481445312,83.23612213134766,84.6095962524414,2237509.0,SPG,1d
2010-08-27 00:00:00+00:00,54.2125129699707,85.15522003173828,85.2492904663086,82.68109130859375,84.06397247314453,2996384.0,SPG,1d
2010-08-30 00:00:00+00:00,53.76334762573242,84.44966888427734,85.85136413574219,84.39322662353516,84.6095962524414,1818262.0,SPG,1d
2010-08-31 00:00:00+00:00,54.17060470581055,85.08937072753906,85.40921783447266,83.51834106445312,84.24270629882812,2715859.0,SPG,1d
2010-09-01 00:00:00+00:00,56.03318405151367,88.01505279541016,88.2314224243164,86.18061828613281,86.61335754394531,3594003.0,SPG,1d
2010-09-02 00:00:00+00:00,57.1112060546875,89.7083740234375,89.8306655883789,87.98683166503906,88.2314224243164,2878285.0,SPG,1d
2010-09-03 00:00:00+00:00,57.78197479248047,90.76199340820312,91.25117492675781,90.14111328125,90.88429260253906,2385691.0,SPG,1d
2010-09-07 00:00:00+00:00,56.61410140991211,88.92756652832031,90.11288452148438,88.8428955078125,89.69896697998047,2339344.0,SPG,1d
2010-09-08 00:00:00+00:00,56.841705322265625,89.28504180908203,89.84947967529297,88.73001098632812,89.23800659179688,1633512.0,SPG,1d
2010-09-09 00:00:00+00:00,56.42845916748047,88.63593292236328,90.71495819091797,88.34430694580078,90.71495819091797,1425589.0,SPG,1d
2010-09-10 00:00:00+00:00,56.80577850341797,89.22859954833984,89.48259735107422,88.20320129394531,89.02163696289062,1276025.0,SPG,1d
2010-09-13 00:00:00+00:00,56.883628845214844,89.35089111328125,90.09407043457031,88.8428955078125,89.20037841796875,2344553.0,SPG,1d
2010-09-14 00:00:00+00:00,56.50032424926758,88.74882507324219,89.61429595947266,88.41015625,88.93697357177734,1968570.0,SPG,1d
2010-09-15 00:00:00+00:00,57.14714813232422,89.76481628417969,90.18814849853516,88.16556549072266,88.41015625,2235170.0,SPG,1d
2010-09-16 00:00:00+00:00,56.65005111694336,88.9840087890625,89.78363037109375,88.60771179199219,89.66133880615234,1511267.0,SPG,1d
2010-09-17 00:00:00+00:00,57.08725357055664,89.67074584960938,89.76481628417969,88.43838500976562,89.22859954833984,1867904.0,SPG,1d
2010-09-20 00:00:00+00:00,58.23713684082031,91.4769515991211,91.70272827148438,89.95296478271484,90.20696258544922,2629649.0,SPG,1d
2010-09-21 00:00:00+00:00,57.66218185424805,90.57384490966797,92.55879974365234,90.47977447509766,91.86265563964844,2382927.0,SPG,1d
2010-09-22 00:00:00+00:00,57.075286865234375,89.65193176269531,90.93132781982422,89.32266998291016,90.50799560546875,1856636.0,SPG,1d
2010-09-23 00:00:00+00:00,55.566036224365234,87.28128051757812,89.14392852783203,87.2154312133789,89.04985809326172,2306285.0,SPG,1d
2010-09-24 00:00:00+00:00,57.039337158203125,89.5954818725586,89.75540924072266,88.19379425048828,88.26905059814453,2698213.0,SPG,1d
2010-09-27 00:00:00+00:00,56.20085906982422,88.27845764160156,89.61429595947266,88.08090209960938,89.3979263305664,1576961.0,SPG,1d
2010-09-28 00:00:00+00:00,56.21885681152344,88.30667877197266,88.59830474853516,86.87676239013672,88.34430694580078,2294060.0,SPG,1d
2010-09-29 00:00:00+00:00,55.72175598144531,87.52587127685547,88.16556549072266,87.23424530029297,87.95861053466797,1399440.0,SPG,1d
2010-09-30 00:00:00+00:00,55.542091369628906,87.24365234375,89.17215728759766,86.8391342163086,88.36312103271484,3103641.0,SPG,1d
2010-10-01 00:00:00+00:00,56.051151275634766,88.04327392578125,88.1185302734375,86.6697998046875,87.93038940429688,2414073.0,SPG,1d
2010-10-04 00:00:00+00:00,56.48836135864258,88.73001098632812,88.8428955078125,87.8551254272461,87.87393951416016,2069236.0,SPG,1d
2010-10-05 00:00:00+00:00,57.26693344116211,89.95296478271484,90.25399780273438,88.7206039428711,89.67074584960938,2950888.0,SPG,1d
2010-10-06 00:00:00+00:00,57.171085357666016,89.80244445800781,90.01881408691406,89.09689331054688,89.47319030761719,1500531.0,SPG,1d
2010-10-07 00:00:00+00:00,57.30284118652344,90.00940704345703,90.62088775634766,89.46378326416016,90.15992736816406,1145595.0,SPG,1d
2010-10-08 00:00:00+00:00,57.230987548828125,89.89652252197266,90.49858856201172,89.19097137451172,89.79303741455078,1515625.0,SPG,1d
2010-10-11 00:00:00+00:00,57.33279800415039,90.05644226074219,90.49858856201172,89.68955993652344,90.00940704345703,1260505.0,SPG,1d
2010-10-12 00:00:00+00:00,57.758033752441406,90.724365234375,91.25117492675781,89.28504180908203,89.61429595947266,2021401.0,SPG,1d
2010-10-13 00:00:00+00:00,58.177249908447266,91.38288116455078,92.27657318115234,90.83724975585938,91.45813751220703,1902664.0,SPG,1d
2010-10-14 00:00:00+00:00,57.93767547607422,91.00658416748047,92.01316833496094,90.4609603881836,91.24176788330078,1637977.0,SPG,1d
2010-10-15 00:00:00+00:00,58.38087463378906,91.70272827148438,92.27657318115234,91.02539825439453,92.02257537841797,2127063.0,SPG,1d
2010-10-18 00:00:00+00:00,58.82404327392578,92.39887237548828,92.4929428100586,91.22295379638672,91.8532485961914,2115902.0,SPG,1d
2010-10-19 00:00:00+00:00,57.56637191772461,90.42333221435547,92.07902526855469,90.19755554199219,91.48635864257812,3128622.0,SPG,1d
2010-10-20 00:00:00+00:00,58.81208801269531,92.38005828857422,93.10442352294922,90.63970184326172,90.63970184326172,3326233.0,SPG,1d
2010-10-21 00:00:00+00:00,58.6743278503418,92.16368865966797,93.56538391113281,91.59925079345703,92.64346313476562,1931790.0,SPG,1d
2010-10-22 00:00:00+00:00,58.50663375854492,91.90028381347656,92.84101867675781,91.49576568603516,92.2953872680664,1600772.0,SPG,1d
2010-10-25 00:00:00+00:00,58.63241195678711,92.09783935546875,92.74694061279297,91.70272827148438,92.70931243896484,1623839.0,SPG,1d
2010-10-26 00:00:00+00:00,58.19521713256836,91.41110229492188,91.9096908569336,90.74317932128906,91.34524536132812,1454078.0,SPG,1d
2010-10-27 00:00:00+00:00,57.96166229248047,91.0442123413086,91.50517272949219,90.28221893310547,90.87488555908203,1975904.0,SPG,1d
2010-10-28 00:00:00+00:00,57.734073638916016,90.68673706054688,92.01316833496094,89.62370300292969,91.68391418457031,1906916.0,SPG,1d
2010-10-29 00:00:00+00:00,57.506465911865234,90.32925415039062,91.23236083984375,90.32925415039062,90.65851593017578,2378888.0,SPG,1d
2010-11-01 00:00:00+00:00,59.063629150390625,92.77516174316406,93.11383056640625,90.63970184326172,91.26058197021484,2537487.0,SPG,1d
2010-11-02 00:00:00+00:00,60.23147964477539,94.6095962524414,94.7507095336914,93.0667953491211,93.58419799804688,2695130.0,SPG,1d
2010-11-03 00:00:00+00:00,60.41716003417969,94.9012222290039,95.26811218261719,93.89463806152344,94.6095962524414,2022145.0,SPG,1d
2010-11-04 00:00:00+00:00,62.18990707397461,97.68579864501953,97.78927612304688,94.65663146972656,95.84195709228516,3808623.0,SPG,1d
2010-11-05 00:00:00+00:00,63.34575271606445,99.50141143798828,99.67074584960938,97.1307601928711,98.08090209960938,3790127.0,SPG,1d
2010-11-08 00:00:00+00:00,63.63322448730469,99.95296478271484,100.18814849853516,98.86170959472656,100.14111328125,2918892.0,SPG,1d
2010-11-09 00:00:00+00:00,60.59678649902344,95.18344116210938,100.22577667236328,94.51551818847656,100.10347747802734,5230810.0,SPG,1d
2010-11-10 00:00:00+00:00,61.770633697509766,97.02728271484375,97.02728271484375,95.30574035644531,95.48448181152344,2500070.0,SPG,1d
2010-11-11 00:00:00+00:00,60.76449966430664,95.44684600830078,96.91439056396484,94.92003631591797,96.46283721923828,2334880.0,SPG,1d
2010-11-12 00:00:00+00:00,60.63789367675781,94.44966888427734,95.1928482055664,93.56538391113281,94.15804290771484,2170008.0,SPG,1d
2010-11-15 00:00:00+00:00,60.2332649230957,93.81938171386719,95.794921875,93.7441177368164,94.7789306640625,2034582.0,SPG,1d
2010-11-16 00:00:00+00:00,58.06502914428711,90.44214630126953,93.7911605834961,89.84007263183594,93.37723541259766,4150271.0,SPG,1d
2010-11-17 00:00:00+00:00,58.548187255859375,91.19473266601562,91.52398681640625,90.34806823730469,90.71495819091797,1992806.0,SPG,1d
2010-11-18 00:00:00+00:00,59.158203125,92.1448745727539,93.01034545898438,91.83443450927734,92.56820678710938,2000672.0,SPG,1d
2010-11-19 00:00:00+00:00,59.29106521606445,92.35183715820312,92.55879974365234,90.90310668945312,91.86265563964844,1756395.0,SPG,1d
2010-11-22 00:00:00+00:00,59.53870391845703,92.73753356933594,93.17967987060547,91.84384155273438,91.97554016113281,1618418.0,SPG,1d
2010-11-23 00:00:00+00:00,58.928680419921875,91.78739166259766,92.02257537841797,91.25117492675781,91.2793960571289,1495110.0,SPG,1d
2010-11-24 00:00:00+00:00,60.559383392333984,94.32737731933594,94.36500549316406,92.50234985351562,92.53997802734375,1845793.0,SPG,1d
2010-11-26 00:00:00+00:00,59.69572067260742,92.98212432861328,93.52775573730469,92.28598022460938,93.52775573730469,1196619.0,SPG,1d
2010-11-29 00:00:00+00:00,59.62929153442383,92.87864685058594,93.0479736328125,91.4205093383789,92.31420135498047,1698780.0,SPG,1d
2010-11-30 00:00:00+00:00,59.490379333496094,92.66227722167969,93.7723388671875,91.38288116455078,91.4769515991211,2968640.0,SPG,1d
2010-12-01 00:00:00+00:00,60.29969024658203,93.92285919189453,94.28034210205078,92.83161163330078,94.01692962646484,1797852.0,SPG,1d
2010-12-02 00:00:00+00:00,61.56196594238281,95.88899230957031,95.99247741699219,93.9134521484375,94.22389221191406,2121004.0,SPG,1d
2010-12-03 00:00:00+00:00,61.652565002441406,96.03010559082031,96.2088394165039,95.01411437988281,95.23047637939453,1406562.0,SPG,1d
2010-12-06 00:00:00+00:00,61.54385757446289,95.86077117919922,96.15239715576172,94.6378173828125,95.55973815917969,1435688.0,SPG,1d
2010-12-07 00:00:00+00:00,61.30228042602539,95.48448181152344,97.06491088867188,95.3621826171875,96.62276458740234,2397915.0,SPG,1d
2010-12-08 00:00:00+00:00,60.29365921020508,93.9134521484375,96.1147689819336,93.1608657836914,95.58795928955078,2016830.0,SPG,1d
2010-12-09 00:00:00+00:00,59.448089599609375,92.59642791748047,94.59078216552734,92.52116394042969,94.30856323242188,2348380.0,SPG,1d
2010-12-10 00:00:00+00:00,59.762184143066406,93.08560943603516,93.67826843261719,92.69049835205078,92.98212432861328,1512011.0,SPG,1d
2010-12-13 00:00:00+00:00,59.750091552734375,93.0667953491211,93.68767547607422,92.79397583007812,93.3019790649414,1450570.0,SPG,1d
2010-12-14 00:00:00+00:00,58.989105224609375,91.8814697265625,94.35559844970703,91.7685775756836,92.95390319824219,1876727.0,SPG,1d
2010-12-15 00:00:00+00:00,57.545623779296875,89.63311767578125,91.65569305419922,89.55785369873047,91.51457977294922,2855962.0,SPG,1d
2010-12-16 00:00:00+00:00,57.20134353637695,89.09689331054688,90.2634048461914,88.71119689941406,89.68955993652344,2623590.0,SPG,1d
2010-12-17 00:00:00+00:00,57.63621139526367,89.77422332763672,90.00940704345703,88.8428955078125,89.12511444091797,2893061.0,SPG,1d
2010-12-20 00:00:00+00:00,58.518001556396484,91.14769744873047,91.3076171875,89.7083740234375,89.77422332763672,2067216.0,SPG,1d
2010-12-21 00:00:00+00:00,59.56283950805664,92.77516174316406,92.90686798095703,90.92192077636719,91.7121353149414,1806462.0,SPG,1d
2010-12-22 00:00:00+00:00,59.574954986572266,92.79397583007812,94.07337951660156,92.40827941894531,92.67168426513672,1955707.0,SPG,1d
2010-12-23 00:00:00+00:00,59.05552673339844,91.98494720458984,92.95390319824219,91.92850494384766,92.61524200439453,1278576.0,SPG,1d
2010-12-27 00:00:00+00:00,60.08831787109375,93.5936050415039,93.63123321533203,91.52398681640625,91.69332122802734,1115937.0,SPG,1d
2010-12-28 00:00:00+00:00,59.76820755004883,93.09501647949219,93.99811553955078,92.85042572021484,93.64064025878906,1033023.0,SPG,1d
2010-12-29 00:00:00+00:00,60.5533447265625,94.3179702758789,94.42144775390625,92.82220458984375,93.75352478027344,1388703.0,SPG,1d
2010-12-30 00:00:00+00:00,60.19096755981445,93.75352478027344,94.34619140625,93.64064025878906,93.90404510498047,1154524.0,SPG,1d
2010-12-31 00:00:00+00:00,60.08831787109375,93.5936050415039,94.34619140625,93.38664245605469,93.60301208496094,1297073.0,SPG,1d
2011-01-03 00:00:00+00:00,60.9579963684082,94.94825744628906,95.070556640625,94.16744995117188,94.27092742919922,2448727.0,SPG,1d
2011-01-04 00:00:00+00:00,59.152164459228516,92.13546752929688,95.01411437988281,91.69332122802734,94.79774475097656,2634220.0,SPG,1d
2011-01-05 00:00:00+00:00,59.33940505981445,92.42709350585938,92.8692398071289,91.9096908569336,91.9096908569336,2081460.0,SPG,1d
2011-01-06 00:00:00+00:00,57.58787155151367,89.69896697998047,92.66227722167969,89.64252471923828,92.61524200439453,2534724.0,SPG,1d
2011-01-07 00:00:00+00:00,58.55422592163086,91.20413970947266,91.41110229492188,90.19755554199219,90.20696258544922,2468924.0,SPG,1d
2011-01-10 00:00:00+00:00,58.910560607910156,91.75917053222656,92.7281265258789,90.79021453857422,90.80902862548828,2781021.0,SPG,1d
2011-01-11 00:00:00+00:00,58.928680419921875,91.78739166259766,93.03856658935547,91.54280090332031,92.31420135498047,2545247.0,SPG,1d
2011-01-12 00:00:00+00:00,59.01325225830078,91.91909790039062,92.87864685058594,91.39228820800781,92.4929428100586,1891715.0,SPG,1d
2011-01-13 00:00:00+00:00,59.27898406982422,92.33302307128906,92.44590759277344,91.26998901367188,91.7685775756836,1133583.0,SPG,1d
2011-01-14 00:00:00+00:00,59.75613021850586,93.07620239257812,93.09501647949219,91.73094940185547,92.28598022460938,1360109.0,SPG,1d
2011-01-18 00:00:00+00:00,60.269493103027344,93.87582397460938,93.87582397460938,92.31420135498047,93.00093841552734,1493515.0,SPG,1d
2011-01-19 00:00:00+00:00,59.62929153442383,92.87864685058594,94.03575134277344,92.37065124511719,93.98870849609375,1834100.0,SPG,1d
2011-01-20 00:00:00+00:00,59.659481048583984,92.9256820678711,93.99811553955078,92.67168426513672,92.85042572021484,1427396.0,SPG,1d
2011-01-21 00:00:00+00:00,60.11245346069336,93.63123321533203,93.64064025878906,92.69990539550781,93.32079315185547,1524236.0,SPG,1d
2011-01-24 00:00:00+00:00,60.245338439941406,93.83819580078125,94.12041473388672,92.85983276367188,93.97930145263672,1552724.0,SPG,1d
2011-01-25 00:00:00+00:00,60.73453903198242,94.60018920898438,94.67544555664062,93.17027282714844,93.67826843261719,1896392.0,SPG,1d
2011-01-26 00:00:00+00:00,60.82514572143555,94.74129486083984,95.1928482055664,93.75352478027344,94.7507095336914,1530826.0,SPG,1d
2011-01-27 00:00:00+00:00,61.211669921875,95.34336853027344,95.54092407226562,94.07337951660156,95.12699890136719,1664764.0,SPG,1d
2011-01-28 00:00:00+00:00,60.378204345703125,94.04515838623047,96.0583267211914,93.6500473022461,95.56914520263672,1783714.0,SPG,1d
2011-01-31 00:00:00+00:00,61.27204895019531,95.43743896484375,95.61618041992188,94.14863586425781,94.14863586425781,1421763.0,SPG,1d
2011-02-01 00:00:00+00:00,61.88811111450195,96.39698791503906,96.67920684814453,94.79774475097656,95.98307037353516,1769576.0,SPG,1d
2011-02-02 00:00:00+00:00,62.12968444824219,96.77328491210938,97.34712982177734,95.80432891845703,96.27469635009766,1774253.0,SPG,1d
2011-02-03 00:00:00+00:00,63.23493194580078,98.49482727050781,98.71119689941406,96.53810119628906,96.53810119628906,2268867.0,SPG,1d
2011-02-04 00:00:00+00:00,62.49208068847656,97.33772277832031,98.77704620361328,96.79209899902344,98.06208801269531,2577456.0,SPG,1d
2011-02-07 00:00:00+00:00,63.43424606323242,98.80526733398438,98.8711166381836,97.46942901611328,97.58231353759766,2919317.0,SPG,1d
2011-02-08 00:00:00+00:00,64.18318176269531,99.9717788696289,100.03762817382812,98.55126953125,99.04045104980469,1744915.0,SPG,1d
2011-02-09 00:00:00+00:00,64.17713165283203,99.96237182617188,100.57384490966797,99.36029815673828,99.5672607421875,1339486.0,SPG,1d
2011-02-10 00:00:00+00:00,64.78619384765625,100.10347747802734,100.47036743164062,98.79586029052734,99.08748626708984,1845581.0,SPG,1d
2011-02-11 00:00:00+00:00,65.2428207397461,100.80902862548828,101.08184051513672,99.5390396118164,100.0,1327049.0,SPG,1d
2011-02-14 00:00:00+00:00,65.16370391845703,100.68673706054688,101.22295379638672,99.72718811035156,101.08184051513672,1274643.0,SPG,1d
2011-02-15 00:00:00+00:00,65.05408477783203,100.51740264892578,101.43932342529297,99.84007263183594,100.14111328125,943519.0,SPG,1d
2011-02-16 00:00:00+00:00,65.6385726928711,101.4205093383789,101.96613311767578,100.7525863647461,101.09124755859375,1358301.0,SPG,1d
2011-02-17 00:00:00+00:00,65.83341979980469,101.72154235839844,101.87206268310547,100.95954895019531,101.16651153564453,896109.0,SPG,1d
2011-02-18 00:00:00+00:00,65.71771240234375,101.54280090332031,102.07902526855469,100.79962158203125,102.07902526855469,1495747.0,SPG,1d
2011-02-22 00:00:00+00:00,65.68119049072266,101.48635864257812,102.15428161621094,100.52680969238281,100.54562377929688,1904790.0,SPG,1d
2011-02-23 00:00:00+00:00,65.13323974609375,100.63970184326172,102.07902526855469,99.54844665527344,101.22295379638672,2096236.0,SPG,1d
2011-02-24 00:00:00+00:00,64.31741333007812,99.37911224365234,100.62088775634766,98.07149505615234,100.62088775634766,1653603.0,SPG,1d
2011-02-25 00:00:00+00:00,65.13323974609375,100.63970184326172,100.73377227783203,99.45437622070312,99.8777084350586,2243568.0,SPG,1d
2011-02-28 00:00:00+00:00,66.99628448486328,103.51834106445312,103.73471069335938,100.91251373291016,100.91251373291016,2199985.0,SPG,1d
2011-03-01 00:00:00+00:00,65.1697769165039,100.6961441040039,103.9416732788086,100.63970184326172,103.78175354003906,2357734.0,SPG,1d
2011-03-02 00:00:00+00:00,64.18955993652344,99.18156433105469,101.39228820800781,99.02163696289062,100.70555114746094,1976436.0,SPG,1d
2011-03-03 00:00:00+00:00,65.37679290771484,101.0159912109375,101.16651153564453,100.30103302001953,100.34806823730469,1421975.0,SPG,1d
2011-03-04 00:00:00+00:00,64.93232727050781,100.32925415039062,101.37347412109375,99.60488891601562,100.71495819091797,1163241.0,SPG,1d
2011-03-07 00:00:00+00:00,64.50614166259766,99.67074584960938,101.1288833618164,99.02163696289062,100.79021453857422,1031535.0,SPG,1d
2011-03-08 00:00:00+00:00,65.28546142578125,100.87488555908203,101.50517272949219,99.84947967529297,100.03762817382812,1234356.0,SPG,1d
2011-03-09 00:00:00+00:00,64.85317993164062,100.20696258544922,101.39228820800781,99.75540924072266,100.54562377929688,1231379.0,SPG,1d
2011-03-10 00:00:00+00:00,64.16519165039062,99.14392852783203,100.01881408691406,98.9557876586914,99.32266998291016,1412727.0,SPG,1d
2011-03-11 00:00:00+00:00,65.06018829345703,100.52680969238281,100.68673706054688,98.77704620361328,99.20978546142578,1230104.0,SPG,1d
2011-03-14 00:00:00+00:00,64.31134033203125,99.36970520019531,100.4045181274414,99.11570739746094,99.78363037109375,1487987.0,SPG,1d
2011-03-15 00:00:00+00:00,63.85469436645508,98.6641616821289,99.57666778564453,96.57572937011719,96.57572937011719,1939869.0,SPG,1d
2011-03-16 00:00:00+00:00,62.655296325683594,96.8109130859375,98.60771179199219,96.12417602539062,98.41015625,1892565.0,SPG,1d
2011-03-17 00:00:00+00:00,62.85618591308594,97.12135314941406,98.39134216308594,96.24647521972656,98.20320129394531,2014279.0,SPG,1d
2011-03-18 00:00:00+00:00,63.24583435058594,97.72342681884766,98.83348846435547,97.35653686523438,98.3819351196289,2440861.0,SPG,1d
2011-03-21 00:00:00+00:00,64.11042022705078,99.05926513671875,99.82125854492188,98.54186248779297,98.9557876586914,1492027.0,SPG,1d
2011-03-22 00:00:00+00:00,63.87295913696289,98.6923828125,99.20978546142578,98.13734436035156,98.92756652832031,1689213.0,SPG,1d
2011-03-23 00:00:00+00:00,62.63703536987305,96.7826919555664,98.49482727050781,96.58513641357422,98.45719909667969,1672737.0,SPG,1d
2011-03-24 00:00:00+00:00,63.12409591674805,97.5352783203125,97.88334655761719,96.29351043701172,97.24365234375,1433668.0,SPG,1d
2011-03-25 00:00:00+00:00,63.708580017089844,98.43838500976562,98.80526733398438,97.28128051757812,97.59172058105469,1143575.0,SPG,1d
2011-03-28 00:00:00+00:00,64.01299285888672,98.90875244140625,99.45437622070312,98.49482727050781,98.55126953125,1367018.0,SPG,1d
2011-03-29 00:00:00+00:00,64.49398040771484,99.65193176269531,99.76481628417969,97.68579864501953,98.9840087890625,1377223.0,SPG,1d
2011-03-30 00:00:00+00:00,64.9505844116211,100.35747528076172,100.47977447509766,99.50141143798828,100.01881408691406,1867266.0,SPG,1d
2011-03-31 00:00:00+00:00,65.2428207397461,100.80902862548828,101.38288116455078,99.93415069580078,99.93415069580078,1550386.0,SPG,1d
2011-04-01 00:00:00+00:00,65.21238708496094,100.76199340820312,101.63687896728516,100.31044006347656,101.13829040527344,1532740.0,SPG,1d
2011-04-04 00:00:00+00:00,65.11499786376953,100.61148071289062,101.48635864257812,100.35747528076172,100.95954895019531,1163985.0,SPG,1d
2011-04-05 00:00:00+00:00,65.23674774169922,100.79962158203125,101.45813751220703,100.24459075927734,100.42333221435547,1194599.0,SPG,1d
2011-04-06 00:00:00+00:00,65.34025573730469,100.95954895019531,101.10066223144531,100.31044006347656,101.0442123413086,793848.0,SPG,1d
2011-04-07 00:00:00+00:00,64.76187896728516,100.06584930419922,100.78080749511719,98.37252807617188,100.54562377929688,3552121.0,SPG,1d
2011-04-08 00:00:00+00:00,64.32350158691406,99.38851928710938,100.85607147216797,98.93697357177734,100.66792297363281,1590886.0,SPG,1d
2011-04-11 00:00:00+00:00,64.38438415527344,99.48259735107422,100.25399780273438,98.90875244140625,99.38851928710938,1422294.0,SPG,1d
2011-04-12 00:00:00+00:00,63.78164291381836,98.55126953125,99.54844665527344,98.34430694580078,99.03104400634766,1410495.0,SPG,1d
2011-04-13 00:00:00+00:00,63.958194732666016,98.82408142089844,99.34148406982422,98.56067657470703,98.77704620361328,1082028.0,SPG,1d
2011-04-14 00:00:00+00:00,65.41942596435547,101.08184051513672,101.38288116455078,98.2314224243164,98.47601318359375,1812947.0,SPG,1d
2011-04-15 00:00:00+00:00,66.1987075805664,102.28598022460938,102.69049835205078,101.00658416748047,101.22295379638672,1868010.0,SPG,1d
2011-04-18 00:00:00+00:00,65.78471374511719,101.64628601074219,101.93791198730469,100.96895599365234,101.7685775756836,1282616.0,SPG,1d
2011-04-19 00:00:00+00:00,65.9795150756836,101.94731903076172,102.33302307128906,101.14769744873047,101.66510009765625,1280065.0,SPG,1d
2011-04-20 00:00:00+00:00,66.74058532714844,103.12323760986328,103.14205169677734,101.73094940185547,103.14205169677734,1340018.0,SPG,1d
2011-04-21 00:00:00+00:00,67.25807189941406,103.92285919189453,104.07337951660156,102.54939270019531,103.480712890625,1315463.0,SPG,1d
2011-04-25 00:00:00+00:00,68.02520751953125,105.10818481445312,105.70084381103516,103.27375030517578,103.93226623535156,1287931.0,SPG,1d
2011-04-26 00:00:00+00:00,68.20177459716797,105.38099670410156,105.92662048339844,104.56256103515625,105.40921783447266,1384026.0,SPG,1d
2011-04-27 00:00:00+00:00,69.07852172851562,106.73565673828125,106.99906158447266,105.2210693359375,105.794921875,1561653.0,SPG,1d
2011-04-28 00:00:00+00:00,69.98564910888672,108.13734436035156,108.88052368164062,106.68861389160156,106.68861389160156,2041066.0,SPG,1d
2011-04-29 00:00:00+00:00,69.73604583740234,107.75164794921875,108.97460174560547,106.32173156738281,108.27845764160156,1488200.0,SPG,1d
2011-05-02 00:00:00+00:00,70.41791534423828,108.80526733398438,109.1533432006836,107.52587127685547,108.27845764160156,1369994.0,SPG,1d
2011-05-03 00:00:00+00:00,70.66756439208984,109.19097137451172,110.2634048461914,107.63875579833984,109.12511444091797,2362518.0,SPG,1d
2011-05-04 00:00:00+00:00,70.3753433227539,108.73941802978516,109.50141143798828,108.29727172851562,108.96519470214844,1906384.0,SPG,1d
2011-05-05 00:00:00+00:00,70.16223907470703,108.41015625,109.21919250488281,107.71401977539062,108.15615844726562,1391999.0,SPG,1d
2011-05-06 00:00:00+00:00,69.9613037109375,108.09971618652344,109.55785369873047,107.57290649414062,109.55785369873047,1680178.0,SPG,1d
2011-05-09 00:00:00+00:00,70.47271728515625,108.88993072509766,109.32266998291016,107.7986831665039,108.22201538085938,949472.0,SPG,1d
2011-05-10 00:00:00+00:00,71.47733306884766,110.44214630126953,110.49858856201172,109.00282287597656,109.2474136352539,1426759.0,SPG,1d
2011-05-11 00:00:00+00:00,71.05115509033203,109.78363037109375,110.50799560546875,109.6801528930664,110.09407043457031,1884593.0,SPG,1d
2011-05-12 00:00:00+00:00,71.20333862304688,110.01881408691406,110.07525634765625,108.57008361816406,109.23800659179688,1594500.0,SPG,1d
2011-05-13 00:00:00+00:00,70.69454193115234,108.43838500976562,109.77422332763672,108.40074920654297,109.75540924072266,1638933.0,SPG,1d
2011-05-16 00:00:00+00:00,71.04412841796875,108.97460174560547,109.84007263183594,108.13734436035156,108.44779205322266,1012295.0,SPG,1d
2011-05-17 00:00:00+00:00,70.87240600585938,108.71119689941406,108.86170959472656,107.84571838378906,108.7206039428711,1450251.0,SPG,1d
2011-05-18 00:00:00+00:00,71.54090118408203,109.7365951538086,109.77422332763672,107.94920349121094,108.6923828125,1178336.0,SPG,1d
2011-05-19 00:00:00+00:00,71.28945922851562,109.35089111328125,110.2916259765625,108.71119689941406,110.18814849853516,1490007.0,SPG,1d
2011-05-20 00:00:00+00:00,70.15486145019531,107.61053466796875,109.43556213378906,107.61053466796875,109.1533432006836,2494330.0,SPG,1d
2011-05-23 00:00:00+00:00,69.30236053466797,106.30291748046875,107.09313201904297,105.98307037353516,106.42520904541016,1991743.0,SPG,1d
2011-05-24 00:00:00+00:00,69.90340423583984,107.22483825683594,107.968017578125,106.38758087158203,106.50988006591797,1434625.0,SPG,1d
2011-05-25 00:00:00+00:00,70.20390319824219,107.68579864501953,108.17497253417969,106.33113861083984,107.01787567138672,1476507.0,SPG,1d
2011-05-26 00:00:00+00:00,70.95213317871094,108.83348846435547,109.20037841796875,106.75447082519531,107.28128051757812,1418786.0,SPG,1d
2011-05-27 00:00:00+00:00,71.29557037353516,109.36029815673828,109.5954818725586,108.44779205322266,109.18156433105469,1150166.0,SPG,1d
2011-05-31 00:00:00+00:00,72.40564727783203,111.06302642822266,111.10066223144531,109.68955993652344,110.2634048461914,2593295.0,SPG,1d
2011-06-01 00:00:00+00:00,70.65772247314453,108.3819351196289,110.9877700805664,108.08090209960938,110.9877700805664,2641768.0,SPG,1d
2011-06-02 00:00:00+00:00,70.17936706542969,107.64816284179688,109.36970520019531,107.63875579833984,108.36312103271484,1744915.0,SPG,1d
2011-06-03 00:00:00+00:00,70.73133850097656,108.49482727050781,109.22859954833984,106.378173828125,106.378173828125,1652434.0,SPG,1d
2011-06-06 00:00:00+00:00,69.85432434082031,107.14957427978516,108.70178985595703,107.14957427978516,108.35371398925781,1378073.0,SPG,1d
2011-06-07 00:00:00+00:00,70.5228271484375,108.17497253417969,109.46378326416016,107.18720245361328,107.57290649414062,1701544.0,SPG,1d
2011-06-08 00:00:00+00:00,70.4492416381836,108.06208801269531,108.91815948486328,107.68579864501953,107.77986907958984,1627666.0,SPG,1d
2011-06-09 00:00:00+00:00,69.66419982910156,106.85794830322266,108.57008361816406,106.45343780517578,108.36312103271484,2002479.0,SPG,1d
2011-06-10 00:00:00+00:00,68.00830078125,104.3179702758789,106.8109130859375,104.16744995117188,106.3499526977539,2651335.0,SPG,1d
2011-06-13 00:00:00+00:00,68.46216583251953,105.01411437988281,105.72907257080078,103.57479095458984,104.41204071044922,1754163.0,SPG,1d
2011-06-14 00:00:00+00:00,69.54154205322266,106.6697998046875,106.79209899902344,105.37158966064453,106.2558822631836,2135780.0,SPG,1d
2011-06-15 00:00:00+00:00,68.30884552001953,104.7789306640625,106.10536193847656,103.7723388671875,105.8231430053711,1989723.0,SPG,1d
2011-06-16 00:00:00+00:00,69.0202407836914,105.87017822265625,106.2276611328125,104.28034210205078,104.5249252319336,2339876.0,SPG,1d
2011-06-17 00:00:00+00:00,69.9156723022461,107.24365234375,107.45060729980469,106.15239715576172,106.90498352050781,2678866.0,SPG,1d
2011-06-20 00:00:00+00:00,70.56574249267578,108.24082946777344,108.57008361816406,106.58513641357422,106.73565673828125,1265502.0,SPG,1d
2011-06-21 00:00:00+00:00,70.50443267822266,108.1467514038086,109.00282287597656,107.43179321289062,108.88052368164062,1521047.0,SPG,1d
2011-06-22 00:00:00+00:00,70.05059051513672,107.45060729980469,108.74882507324219,107.37535095214844,107.6763916015625,1317695.0,SPG,1d
2011-06-23 00:00:00+00:00,68.67678833007812,105.34336853027344,106.13358306884766,103.75352478027344,106.04891967773438,2540783.0,SPG,1d
2011-06-24 00:00:00+00:00,68.95891571044922,105.77610778808594,106.31232452392578,104.86359405517578,105.34336853027344,2173835.0,SPG,1d
2011-06-27 00:00:00+00:00,69.76847076416016,107.01787567138672,107.22483825683594,105.71025085449219,106.14299011230469,1226808.0,SPG,1d
2011-06-28 00:00:00+00:00,69.940185546875,107.28128051757812,107.55409240722656,106.39698791503906,107.33772277832031,1675607.0,SPG,1d
2011-06-29 00:00:00+00:00,70.98277282714844,108.88052368164062,109.07807922363281,107.29068756103516,107.78927612304688,1346290.0,SPG,1d
2011-06-30 00:00:00+00:00,71.28330993652344,109.34148406982422,109.67074584960938,108.09971618652344,108.99341583251953,1918396.0,SPG,1d
2011-07-01 00:00:00+00:00,72.71841430664062,111.54280090332031,111.64628601074219,109.02163696289062,109.1063003540039,1647331.0,SPG,1d
2011-07-05 00:00:00+00:00,73.12934112548828,112.173095703125,112.40827941894531,110.91251373291016,111.52398681640625,1653071.0,SPG,1d
2011-07-06 00:00:00+00:00,73.73649597167969,113.10442352294922,113.25493621826172,111.34524536132812,111.7121353149414,1730670.0,SPG,1d
2011-07-07 00:00:00+00:00,74.56443786621094,114.3744125366211,114.48729705810547,113.24552917480469,113.90404510498047,1687619.0,SPG,1d
2011-07-08 00:00:00+00:00,74.3129653930664,113.98870849609375,114.16744995117188,112.45531463623047,113.17027282714844,1263801.0,SPG,1d
2011-07-11 00:00:00+00:00,73.08027648925781,112.09783935546875,113.08560943603516,111.8532485961914,112.75634765625,1254340.0,SPG,1d
2011-07-12 00:00:00+00:00,73.1354751586914,112.18250274658203,113.71589660644531,111.5710220336914,111.5710220336914,1355644.0,SPG,1d
2011-07-13 00:00:00+00:00,72.47924041748047,111.17591857910156,112.98212432861328,111.1571044921875,112.52116394042969,1531464.0,SPG,1d
2011-07-14 00:00:00+00:00,72.0744857788086,110.5550308227539,111.94731903076172,110.22577667236328,111.64628601074219,1211076.0,SPG,1d
2011-07-15 00:00:00+00:00,72.85331726074219,111.74976348876953,111.78739166259766,110.14111328125,110.90310668945312,1337679.0,SPG,1d
2011-07-18 00:00:00+00:00,72.28298950195312,110.87488555908203,111.6180648803711,109.8306655883789,111.55220794677734,1376585.0,SPG,1d
2011-07-19 00:00:00+00:00,73.73649597167969,113.10442352294922,113.27375030517578,111.05361938476562,111.31702423095703,1765430.0,SPG,1d
2011-07-20 00:00:00+00:00,73.9020767211914,113.3584213256836,113.81938171386719,112.69049835205078,113.81938171386719,1348097.0,SPG,1d
2011-07-21 00:00:00+00:00,74.37429809570312,114.0827865600586,114.71307373046875,113.47130584716797,114.09219360351562,1563886.0,SPG,1d
2011-07-22 00:00:00+00:00,74.73002624511719,114.62841033935547,114.83537292480469,113.49952697753906,114.205078125,1027283.0,SPG,1d
2011-07-25 00:00:00+00:00,73.8836669921875,113.3302001953125,113.96989440917969,112.71871948242188,113.17027282714844,1179824.0,SPG,1d
2011-07-26 00:00:00+00:00,75.06118774414062,115.13640594482422,116.16180419921875,113.14205169677734,113.60301208496094,1790730.0,SPG,1d
2011-07-27 00:00:00+00:00,73.11092376708984,112.1448745727539,115.0423355102539,111.98494720458984,114.6095962524414,2020550.0,SPG,1d
2011-07-28 00:00:00+00:00,73.9879379272461,113.49011993408203,114.54374694824219,111.32643127441406,112.39887237548828,1600028.0,SPG,1d
2011-07-29 00:00:00+00:00,73.908203125,113.36782836914062,113.5089340209961,111.11006927490234,112.52116394042969,2224540.0,SPG,1d
2011-08-01 00:00:00+00:00,73.43596649169922,112.64346313476562,115.39981079101562,111.62747192382812,114.60018920898438,2484337.0,SPG,1d
2011-08-02 00:00:00+00:00,71.01345825195312,108.92756652832031,112.4929428100586,108.91815948486328,111.84384155273438,2546098.0,SPG,1d
2011-08-03 00:00:00+00:00,70.78041076660156,108.57008361816406,109.09689331054688,105.63499450683594,108.86170959472656,2029480.0,SPG,1d
2011-08-04 00:00:00+00:00,68.01443481445312,104.32737731933594,107.74224090576172,104.11100769042969,107.25305938720703,3472927.0,SPG,1d
2011-08-05 00:00:00+00:00,66.75104522705078,102.38946533203125,105.6820297241211,100.54562377929688,105.65380859375,3590708.0,SPG,1d
2011-08-08 00:00:00+00:00,61.170074462890625,93.82878875732422,100.9877700805664,93.69708251953125,99.51081848144531,5508466.0,SPG,1d
2011-08-09 00:00:00+00:00,68.12483978271484,104.4967041015625,104.6378173828125,94.04515838623047,95.2210693359375,6481749.0,SPG,1d
2011-08-10 00:00:00+00:00,66.16842651367188,101.49576568603516,106.3499526977539,100.48918151855469,101.58043670654297,5127274.0,SPG,1d
2011-08-11 00:00:00+00:00,70.24071502685547,107.74224090576172,109.67074584960938,101.56161499023438,101.77798461914062,4905320.0,SPG,1d
2011-08-12 00:00:00+00:00,70.07512664794922,107.48824310302734,110.06584930419922,106.56632232666016,108.37252807617188,2170859.0,SPG,1d
2011-08-15 00:00:00+00:00,71.69422912597656,109.1533432006836,109.22859954833984,107.22483825683594,107.93038940429688,2560873.0,SPG,1d
2011-08-16 00:00:00+00:00,72.44808197021484,110.30103302001953,110.82784271240234,106.42520904541016,107.26246643066406,3354190.0,SPG,1d
2011-08-17 00:00:00+00:00,72.6519775390625,110.61148071289062,111.83443450927734,109.72718811035156,111.06302642822266,2398660.0,SPG,1d
2011-08-18 00:00:00+00:00,69.642822265625,106.03010559082031,108.25023651123047,104.76952362060547,107.4223861694336,4287504.0,SPG,1d
2011-08-19 00:00:00+00:00,68.12898254394531,103.72530364990234,107.06491088867188,103.480712890625,104.9576644897461,3322300.0,SPG,1d
2011-08-22 00:00:00+00:00,68.25875091552734,103.92285919189453,105.9736557006836,102.7845687866211,105.9736557006836,2398766.0,SPG,1d
2011-08-23 00:00:00+00:00,70.2298355102539,106.92379760742188,106.96143341064453,103.480712890625,104.04515838623047,1866947.0,SPG,1d
2011-08-24 00:00:00+00:00,71.33588409423828,108.60771179199219,109.07807922363281,105.69143676757812,106.56632232666016,2332647.0,SPG,1d
2011-08-25 00:00:00+00:00,70.03208923339844,106.62276458740234,110.73377227783203,105.40921783447266,109.28504180908203,2450640.0,SPG,1d
2011-08-26 00:00:00+00:00,71.15666961669922,108.33489990234375,108.55126953125,103.46189880371094,106.10536193847656,2351888.0,SPG,1d
2011-08-29 00:00:00+00:00,72.42952728271484,110.27281188964844,110.38570404052734,108.19379425048828,109.75540924072266,2062752.0,SPG,1d
2011-08-30 00:00:00+00:00,71.87960815429688,109.43556213378906,110.38570404052734,107.98683166503906,109.86829376220703,2188717.0,SPG,1d
2011-08-31 00:00:00+00:00,72.60254669189453,110.53621673583984,110.97836303710938,108.77704620361328,110.03762817382812,2642937.0,SPG,1d
2011-09-01 00:00:00+00:00,72.57783508300781,110.49858856201172,111.89087677001953,109.85888671875,110.88429260253906,2668449.0,SPG,1d
2011-09-02 00:00:00+00:00,70.80448913574219,107.7986831665039,109.58607482910156,107.5070571899414,107.968017578125,2185209.0,SPG,1d
2011-09-06 00:00:00+00:00,71.76223754882812,109.25682067871094,110.0282211303711,104.55315399169922,104.93885040283203,2917404.0,SPG,1d
2011-09-07 00:00:00+00:00,73.76416778564453,112.30479431152344,112.39887237548828,109.3038558959961,111.19473266601562,3230032.0,SPG,1d
2011-09-08 00:00:00+00:00,73.3501968383789,111.67450714111328,112.87864685058594,110.66792297363281,111.77798461914062,1855573.0,SPG,1d
2011-09-09 00:00:00+00:00,71.57685852050781,108.97460174560547,111.16651153564453,107.47883605957031,110.21636962890625,2536212.0,SPG,1d
2011-09-12 00:00:00+00:00,71.71278381347656,109.18156433105469,109.275634765625,106.53810119628906,107.30009460449219,2344021.0,SPG,1d
2011-09-13 00:00:00+00:00,71.8919677734375,109.45437622070312,109.69896697998047,107.52587127685547,109.416748046875,2409396.0,SPG,1d
2011-09-14 00:00:00+00:00,71.9846420288086,109.5954818725586,110.35747528076172,107.63875579833984,110.10347747802734,2269930.0,SPG,1d
2011-09-15 00:00:00+00:00,73.5788345336914,112.02257537841797,112.0602035522461,109.72718811035156,110.42333221435547,2674614.0,SPG,1d
2011-09-16 00:00:00+00:00,74.57978820800781,113.54656219482422,113.60301208496094,110.56443786621094,112.25775909423828,2978420.0,SPG,1d
2011-09-19 00:00:00+00:00,73.42435455322266,111.78739166259766,112.9256820678711,110.97836303710938,111.6180648803711,2226772.0,SPG,1d
2011-09-20 00:00:00+00:00,73.88777160644531,112.4929428100586,113.99811553955078,111.39228820800781,112.33302307128906,1931471.0,SPG,1d
2011-09-21 00:00:00+00:00,69.51309967041016,105.83255004882812,113.0479736328125,105.3621826171875,112.80339050292969,3575613.0,SPG,1d
2011-09-22 00:00:00+00:00,68.47502899169922,104.25211334228516,106.1147689819336,102.80339050292969,103.52775573730469,4510415.0,SPG,1d
2011-09-23 00:00:00+00:00,69.642822265625,106.03010559082031,106.70743560791016,102.54939270019531,103.29256439208984,2862659.0,SPG,1d
2011-09-26 00:00:00+00:00,70.13096618652344,106.77328491210938,106.9332046508789,104.58137512207031,106.33113861083984,2681630.0,SPG,1d
2011-09-27 00:00:00+00:00,70.19276428222656,106.86735534667969,109.35089111328125,106.16180419921875,108.49482727050781,2458825.0,SPG,1d
2011-09-28 00:00:00+00:00,68.7530746459961,104.67544555664062,107.7986831665039,104.48729705810547,107.11194610595703,2447239.0,SPG,1d
2011-09-29 00:00:00+00:00,69.56250762939453,105.90780639648438,106.77328491210938,104.41204071044922,106.56632232666016,2064771.0,SPG,1d
2011-09-30 00:00:00+00:00,67.9559555053711,103.46189880371094,106.67920684814453,103.42427062988281,104.60018920898438,3697114.0,SPG,1d
2011-10-03 00:00:00+00:00,65.80571746826172,100.18814849853516,105.55033111572266,100.17874145507812,102.59642791748047,5539931.0,SPG,1d
2011-10-04 00:00:00+00:00,68.45648193359375,104.22389221191406,104.51551818847656,97.19660949707031,98.86170959472656,4996100.0,SPG,1d
2011-10-05 00:00:00+00:00,67.59761047363281,102.91627502441406,104.01692962646484,99.84947967529297,103.80056762695312,4149952.0,SPG,1d
2011-10-06 00:00:00+00:00,69.55015563964844,105.88899230957031,106.03951263427734,100.96895599365234,102.75634765625,2826517.0,SPG,1d
2011-10-07 00:00:00+00:00,67.65941619873047,103.01034545898438,106.72624969482422,102.8974609375,106.43461608886719,2700445.0,SPG,1d
2011-10-10 00:00:00+00:00,70.81066131591797,107.80809020996094,107.88334655761719,104.89181518554688,105.17403411865234,2481042.0,SPG,1d
2011-10-11 00:00:00+00:00,69.72315979003906,106.15239715576172,107.7046127319336,105.41862487792969,106.99906158447266,1882360.0,SPG,1d
2011-10-12 00:00:00+00:00,71.19993591308594,108.40074920654297,109.57666778564453,106.03951263427734,106.88616943359375,2118665.0,SPG,1d
2011-10-13 00:00:00+00:00,69.9394302368164,106.48165893554688,107.57290649414062,105.20225524902344,107.5070571899414,1658705.0,SPG,1d
2011-10-14 00:00:00+00:00,71.60772705078125,109.02163696289062,109.32266998291016,107.23424530029297,107.62934875488281,1445786.0,SPG,1d
2011-10-17 00:00:00+00:00,69.78495788574219,106.24647521972656,108.77704620361328,106.07714080810547,108.56067657470703,2143433.0,SPG,1d
2011-10-18 00:00:00+00:00,72.42337799072266,110.2634048461914,110.67733001708984,106.27469635009766,106.62276458740234,2257281.0,SPG,1d
2011-10-19 00:00:00+00:00,71.40384674072266,108.71119689941406,110.77140045166016,108.30667877197266,110.24459075927734,2211572.0,SPG,1d
2011-10-20 00:00:00+00:00,72.13296508789062,109.82125854492188,110.00940704345703,107.05550384521484,108.54186248779297,1849726.0,SPG,1d
2011-10-21 00:00:00+00:00,74.57978820800781,113.54656219482422,113.60301208496094,110.3198471069336,111.26998901367188,3050172.0,SPG,1d
2011-10-24 00:00:00+00:00,75.92061614990234,115.58795928955078,115.95484161376953,112.6340560913086,113.47130584716797,2569590.0,SPG,1d
2011-10-25 00:00:00+00:00,74.8331527709961,113.93226623535156,115.96424865722656,113.65945434570312,114.78833770751953,2251966.0,SPG,1d
2011-10-26 00:00:00+00:00,76.36550903320312,116.26528930664062,116.89557647705078,114.2332992553711,114.55315399169922,2327757.0,SPG,1d
2011-10-27 00:00:00+00:00,79.77012634277344,121.44873046875,122.38946533203125,118.08090209960938,118.51364135742188,2987774.0,SPG,1d
2011-10-28 00:00:00+00:00,79.9740219116211,121.75917053222656,121.82502746582031,119.43556213378906,119.92474365234375,2303202.0,SPG,1d
2011-10-31 00:00:00+00:00,79.36231994628906,120.82784271240234,122.1448745727539,119.75540924072266,120.06584930419922,2339450.0,SPG,1d
2011-11-01 00:00:00+00:00,77.45304107666016,117.92097473144531,121.68391418457031,116.84854125976562,117.71401977539062,3507050.0,SPG,1d
2011-11-02 00:00:00+00:00,78.89270782470703,120.11288452148438,120.865478515625,117.44120025634766,119.91533660888672,2197221.0,SPG,1d
2011-11-03 00:00:00+00:00,79.95549774169922,121.73094940185547,122.19190979003906,118.3819351196289,120.77140045166016,2108673.0,SPG,1d
2011-11-04 00:00:00+00:00,79.60945892333984,121.20413970947266,121.52398681640625,118.44779205322266,120.81843566894531,1520090.0,SPG,1d
2011-11-07 00:00:00+00:00,80.19646453857422,122.09783935546875,122.9256820678711,120.0,121.3076171875,1111579.0,SPG,1d
2011-11-08 00:00:00+00:00,80.82054901123047,123.0479736328125,123.43367767333984,119.81185150146484,122.53997802734375,1803486.0,SPG,1d
2011-11-09 00:00:00+00:00,77.35415649414062,117.77046203613281,120.88429260253906,117.40357208251953,120.73377227783203,2515164.0,SPG,1d
2011-11-10 00:00:00+00:00,77.7557601928711,118.3819351196289,119.66133880615234,117.18720245361328,119.5390396118164,1451633.0,SPG,1d
2011-11-11 00:00:00+00:00,79.07191467285156,120.38570404052734,120.63970184326172,118.57008361816406,120.06584930419922,1964424.0,SPG,1d
2011-11-14 00:00:00+00:00,77.81230926513672,117.58231353759766,119.52963256835938,116.82032012939453,118.93697357177734,1604492.0,SPG,1d
2011-11-15 00:00:00+00:00,78.61539459228516,118.79586029052734,119.77422332763672,117.1025390625,117.35653686523438,1642654.0,SPG,1d
2011-11-16 00:00:00+00:00,77.10260772705078,116.50988006591797,118.90875244140625,116.39698791503906,117.87393951416016,1630536.0,SPG,1d
2011-11-17 00:00:00+00:00,76.01937103271484,114.87300109863281,116.75447082519531,114.18626403808594,116.2558822631836,1702501.0,SPG,1d
2011-11-18 00:00:00+00:00,76.70414733886719,115.90780639648438,116.19943237304688,114.25211334228516,115.64440155029297,1519346.0,SPG,1d
2011-11-21 00:00:00+00:00,74.39452362060547,112.41768646240234,114.69425964355469,112.02257537841797,113.3302001953125,1751186.0,SPG,1d
2011-11-22 00:00:00+00:00,74.1454849243164,112.04138946533203,113.03856658935547,110.92192077636719,112.08843231201172,1266033.0,SPG,1d
2011-11-23 00:00:00+00:00,72.07862854003906,108.91815948486328,111.05361938476562,108.85230255126953,110.80902862548828,1642441.0,SPG,1d
2011-11-25 00:00:00+00:00,72.42101287841797,109.43556213378906,111.51457977294922,108.3819351196289,108.77704620361328,826057.0,SPG,1d
2011-11-28 00:00:00+00:00,73.80310821533203,111.52398681640625,112.99153137207031,110.4327392578125,112.7281265258789,1939444.0,SPG,1d
2011-11-29 00:00:00+00:00,74.1952896118164,112.11665344238281,112.41768646240234,111.1853256225586,111.89087677001953,1525937.0,SPG,1d
2011-11-30 00:00:00+00:00,77.40765380859375,116.97084045410156,117.23424530029297,114.10160064697266,115.6255874633789,3091629.0,SPG,1d
2011-12-01 00:00:00+00:00,76.57342529296875,115.71025085449219,116.8109130859375,114.81655883789062,116.4910659790039,1349160.0,SPG,1d
2011-12-02 00:00:00+00:00,76.44893646240234,115.52210998535156,117.59172058105469,115.42803192138672,116.91439056396484,1700694.0,SPG,1d
2011-12-05 00:00:00+00:00,76.55474853515625,115.6820297241211,117.06491088867188,114.9012222290039,116.84854125976562,1648182.0,SPG,1d
2011-12-06 00:00:00+00:00,76.47383117675781,115.55973815917969,116.03951263427734,114.71307373046875,115.64440155029297,1329175.0,SPG,1d
2011-12-07 00:00:00+00:00,77.38273620605469,116.9332046508789,117.30009460449219,114.28034210205078,114.88240814208984,1286762.0,SPG,1d
2011-12-08 00:00:00+00:00,75.63959503173828,114.29915618896484,116.12417602539062,113.92285919189453,115.95484161376953,1483523.0,SPG,1d
2011-12-09 00:00:00+00:00,77.38273620605469,116.9332046508789,117.64816284179688,114.50611877441406,114.99529266357422,1816029.0,SPG,1d
2011-12-12 00:00:00+00:00,75.79524230957031,114.53433990478516,115.93602752685547,113.52775573730469,115.92662048339844,1747359.0,SPG,1d
2011-12-13 00:00:00+00:00,75.0419692993164,113.39604949951172,115.89839935302734,112.58702087402344,115.28692626953125,1614166.0,SPG,1d
2011-12-14 00:00:00+00:00,75.1479721069336,113.36782836914062,114.76952362060547,112.53997802734375,112.98212432861328,1756714.0,SPG,1d
2011-12-15 00:00:00+00:00,76.2330093383789,115.00470733642578,115.96424865722656,113.87582397460938,114.44026184082031,1429310.0,SPG,1d
2011-12-16 00:00:00+00:00,76.9126968383789,116.03010559082031,117.5634994506836,115.35277557373047,116.13358306884766,2416305.0,SPG,1d
2011-12-19 00:00:00+00:00,76.86282348632812,115.95484161376953,117.54468536376953,115.77610778808594,116.66039276123047,1450038.0,SPG,1d
2011-12-20 00:00:00+00:00,79.36963653564453,119.7365951538086,120.00940704345703,117.4223861694336,117.5352783203125,2004393.0,SPG,1d
2011-12-21 00:00:00+00:00,79.59412384033203,120.07525634765625,120.2634048461914,118.3819351196289,119.37911224365234,1629792.0,SPG,1d
2011-12-22 00:00:00+00:00,80.47959899902344,121.41110229492188,121.81561279296875,120.18814849853516,120.52680969238281,2447132.0,SPG,1d
2011-12-23 00:00:00+00:00,81.2279052734375,122.53997802734375,122.58702087402344,121.25117492675781,121.73094940185547,947452.0,SPG,1d
2011-12-27 00:00:00+00:00,81.68934631347656,123.23612213134766,124.10160064697266,121.87206268310547,122.61524200439453,1333959.0,SPG,1d
2011-12-28 00:00:00+00:00,80.46089935302734,121.38288116455078,123.72530364990234,121.32643127441406,123.72530364990234,1200340.0,SPG,1d
2011-12-29 00:00:00+00:00,80.95979309082031,122.13546752929688,122.76575469970703,121.1288833618164,121.38288116455078,1279746.0,SPG,1d
2011-12-30 00:00:00+00:00,80.40477752685547,121.29821014404297,122.96331024169922,121.29821014404297,122.50234985351562,1083197.0,SPG,1d
2012-01-03 00:00:00+00:00,80.67916870117188,121.7121353149414,124.44966888427734,120.14111328125,123.42427062988281,2272163.0,SPG,1d
2012-01-04 00:00:00+00:00,79.28233337402344,119.60488891601562,121.44873046875,119.43556213378906,120.79021453857422,1672843.0,SPG,1d
2012-01-05 00:00:00+00:00,79.70013427734375,120.23518371582031,121.46754455566406,119.03104400634766,119.34148406982422,2244206.0,SPG,1d
2012-01-06 00:00:00+00:00,79.08277130126953,119.3038558959961,120.63029479980469,119.16275024414062,120.21636962890625,1792643.0,SPG,1d
2012-01-09 00:00:00+00:00,79.02043151855469,119.20978546142578,119.98118591308594,118.78645324707031,118.92756652832031,1225320.0,SPG,1d
2012-01-10 00:00:00+00:00,79.49434661865234,119.92474365234375,120.93132781982422,119.77422332763672,120.24459075927734,1458011.0,SPG,1d
2012-01-11 00:00:00+00:00,79.84353637695312,120.45155334472656,120.67733001708984,119.11570739746094,119.26622772216797,1226277.0,SPG,1d
2012-01-12 00:00:00+00:00,79.20127868652344,119.48259735107422,121.05361938476562,118.48542022705078,121.02539825439453,1462688.0,SPG,1d
2012-01-13 00:00:00+00:00,79.14514923095703,119.3979263305664,119.40734100341797,118.0903091430664,118.33489990234375,1258273.0,SPG,1d
2012-01-17 00:00:00+00:00,79.94335174560547,120.6020736694336,121.35466003417969,119.47319030761719,119.47319030761719,1403160.0,SPG,1d
2012-01-18 00:00:00+00:00,80.1179428100586,120.865478515625,121.58984375,120.34806823730469,120.68673706054688,1420168.0,SPG,1d
2012-01-19 00:00:00+00:00,81.82654571533203,123.44308471679688,123.73471069335938,120.70555114746094,121.13829040527344,2206150.0,SPG,1d
2012-01-20 00:00:00+00:00,82.1009292602539,123.85700988769531,124.0827865600586,122.75634765625,123.57479095458984,2411734.0,SPG,1d
2012-01-23 00:00:00+00:00,82.08219909667969,123.82878875732422,124.76011657714844,123.07620239257812,123.83819580078125,1201722.0,SPG,1d
2012-01-24 00:00:00+00:00,83.39795684814453,125.81373596191406,125.81373596191406,123.0667953491211,123.31138610839844,1663808.0,SPG,1d
2012-01-25 00:00:00+00:00,84.68254089355469,127.75164794921875,127.80809020996094,124.99529266357422,125.39981079101562,1907554.0,SPG,1d
2012-01-26 00:00:00+00:00,85.13775634765625,128.43838500976562,129.15333557128906,127.41297912597656,128.2126007080078,1608851.0,SPG,1d
2012-01-27 00:00:00+00:00,85.23753356933594,128.58889770507812,128.8993377685547,127.33772277832031,128.15615844726562,1374991.0,SPG,1d
2012-01-30 00:00:00+00:00,84.50170135498047,127.47883605957031,127.94920349121094,126.62276458740234,127.6575698852539,1274962.0,SPG,1d
2012-01-31 00:00:00+00:00,84.71996307373047,127.80809020996094,128.1655731201172,126.72624969482422,127.88334655761719,2205831.0,SPG,1d
2012-02-01 00:00:00+00:00,85.11906433105469,128.41015625,129.24740600585938,127.54468536376953,128.7017822265625,1411877.0,SPG,1d
2012-02-02 00:00:00+00:00,85.71147918701172,129.30386352539062,129.557861328125,127.61053466796875,128.44778442382812,1417829.0,SPG,1d
2012-02-03 00:00:00+00:00,86.5096664428711,130.50799560546875,131.3546600341797,128.76763916015625,130.71495056152344,1840266.0,SPG,1d
2012-02-06 00:00:00+00:00,85.7551040649414,129.3697052001953,130.31044006347656,128.5042266845703,130.24459838867188,1247856.0,SPG,1d
2012-02-07 00:00:00+00:00,85.73016357421875,129.3320770263672,129.7177734375,128.72059631347656,129.08749389648438,1411133.0,SPG,1d
2012-02-08 00:00:00+00:00,85.82994079589844,129.4825897216797,129.9529571533203,128.09971618652344,129.17214965820312,1155587.0,SPG,1d
2012-02-09 00:00:00+00:00,85.99208068847656,129.72718811035156,130.10348510742188,127.64816284179688,129.40733337402344,1341825.0,SPG,1d
2012-02-10 00:00:00+00:00,85.28121185302734,128.65475463867188,129.31326293945312,127.6763916015625,128.32550048828125,1574516.0,SPG,1d
2012-02-13 00:00:00+00:00,85.99097442626953,128.76763916015625,129.31326293945312,128.0526885986328,129.23800659179688,821486.0,SPG,1d
2012-02-14 00:00:00+00:00,85.2999267578125,127.73283386230469,128.41957092285156,126.9332046508789,128.37252807617188,976259.0,SPG,1d
2012-02-15 00:00:00+00:00,85.48213195800781,128.00564575195312,128.90875244140625,127.37535095214844,128.2032012939453,1063000.0,SPG,1d
2012-02-16 00:00:00+00:00,86.65058898925781,129.75540161132812,130.0093994140625,127.89275360107422,128.00564575195312,1635107.0,SPG,1d
2012-02-17 00:00:00+00:00,86.54383850097656,129.59548950195312,130.27281188964844,128.73941040039062,130.0,1206930.0,SPG,1d
2012-02-21 00:00:00+00:00,85.31880187988281,127.76105499267578,130.10348510742188,126.8109130859375,129.9153289794922,1459499.0,SPG,1d
2012-02-22 00:00:00+00:00,84.74712371826172,126.90498352050781,128.18438720703125,126.45343780517578,127.5352783203125,987208.0,SPG,1d
2012-02-23 00:00:00+00:00,85.29367065429688,127.72342681884766,127.74224090576172,126.378173828125,126.99906158447266,1201934.0,SPG,1d
2012-02-24 00:00:00+00:00,85.85279083251953,128.56068420410156,129.20037841796875,127.02728271484375,128.12794494628906,856140.0,SPG,1d
2012-02-27 00:00:00+00:00,85.95331573486328,128.71119689941406,129.1251220703125,126.73565673828125,127.3941650390625,928318.0,SPG,1d
2012-02-28 00:00:00+00:00,85.62659454345703,128.22201538085938,129.44496154785156,127.75164794921875,128.9275665283203,1077244.0,SPG,1d
2012-02-29 00:00:00+00:00,85.11148071289062,127.45060729980469,129.58607482910156,127.18720245361328,128.57008361816406,1356388.0,SPG,1d
2012-03-01 00:00:00+00:00,85.6894302368164,128.3160858154297,128.4571990966797,127.18720245361328,127.73283386230469,971795.0,SPG,1d
2012-03-02 00:00:00+00:00,86.2234115600586,129.11570739746094,129.37911987304688,128.29727172851562,128.5042266845703,1032173.0,SPG,1d
2012-03-05 00:00:00+00:00,86.9521713256836,130.2069549560547,130.25399780273438,128.41957092285156,129.134521484375,1213840.0,SPG,1d
2012-03-06 00:00:00+00:00,85.90303802490234,128.6359405517578,130.0,128.52304077148438,129.20037841796875,1417192.0,SPG,1d
2012-03-07 00:00:00+00:00,86.83281707763672,130.02822875976562,130.13169860839844,128.0244598388672,129.557861328125,1219048.0,SPG,1d
2012-03-08 00:00:00+00:00,86.84537506103516,130.0470428466797,130.11288452148438,127.2154312133789,129.57667541503906,2344872.0,SPG,1d
2012-03-09 00:00:00+00:00,85.72085571289062,128.36312866210938,129.10630798339844,128.3066864013672,128.9275665283203,4735452.0,SPG,1d
2012-03-12 00:00:00+00:00,87.41707611083984,130.90310668945312,131.66510009765625,128.3537139892578,128.81468200683594,3462829.0,SPG,1d
2012-03-13 00:00:00+00:00,88.5478286743164,132.59642028808594,133.2455291748047,131.0630340576172,132.10723876953125,2516865.0,SPG,1d
2012-03-14 00:00:00+00:00,88.6546630859375,132.75634765625,133.480712890625,131.70272827148438,132.7469482421875,1502763.0,SPG,1d
2012-03-15 00:00:00+00:00,88.70491027832031,132.83160400390625,133.480712890625,132.27658081054688,133.1420440673828,1837396.0,SPG,1d
2012-03-16 00:00:00+00:00,89.14464569091797,133.49012756347656,133.7064971923828,132.59642028808594,133.1044158935547,5181594.0,SPG,1d
2012-03-19 00:00:00+00:00,90.2000732421875,135.070556640625,135.46566772460938,132.9539031982422,133.25494384765625,1848344.0,SPG,1d
2012-03-20 00:00:00+00:00,90.1498031616211,134.99530029296875,135.47506713867188,133.97930908203125,134.2521209716797,1525618.0,SPG,1d
2012-03-21 00:00:00+00:00,90.60212707519531,135.67262268066406,136.30291748046875,134.64723205566406,135.1175994873047,1521578.0,SPG,1d
2012-03-22 00:00:00+00:00,89.69123077392578,134.30856323242188,134.7789306640625,133.29257202148438,134.7789306640625,1904365.0,SPG,1d
2012-03-23 00:00:00+00:00,90.2251968383789,135.10818481445312,135.81373596191406,133.8664093017578,134.70367431640625,1335234.0,SPG,1d
2012-03-26 00:00:00+00:00,90.80320739746094,135.97366333007812,136.50047302246094,134.9764862060547,136.30291748046875,1595882.0,SPG,1d
2012-03-27 00:00:00+00:00,90.8534164428711,136.04891967773438,137.36595153808594,135.48448181152344,136.237060546875,1136772.0,SPG,1d
2012-03-28 00:00:00+00:00,90.63983154296875,135.72906494140625,136.5286865234375,133.88522338867188,135.4562530517578,1647969.0,SPG,1d
2012-03-29 00:00:00+00:00,90.92253112792969,136.15240478515625,136.3217315673828,134.3555908203125,135.18344116210938,1392105.0,SPG,1d
2012-03-30 00:00:00+00:00,91.51931762695312,137.0460968017578,137.66697692871094,135.91722106933594,137.0178680419922,1857911.0,SPG,1d
2012-04-02 00:00:00+00:00,92.3108901977539,138.23141479492188,138.36312866210938,136.73565673828125,137.1966094970703,1534653.0,SPG,1d
2012-04-03 00:00:00+00:00,92.0973129272461,137.9115753173828,138.41957092285156,137.16839599609375,137.79867553710938,978066.0,SPG,1d
2012-04-04 00:00:00+00:00,91.50675201416016,137.02728271484375,137.7328338623047,135.81373596191406,136.68861389160156,1590035.0,SPG,1d
2012-04-05 00:00:00+00:00,91.58845520019531,137.1495819091797,137.7328338623047,136.1429901123047,136.78268432617188,1154099.0,SPG,1d
2012-04-09 00:00:00+00:00,90.87226104736328,136.07713317871094,136.94261169433594,134.56256103515625,135.4468536376953,1193749.0,SPG,1d
2012-04-10 00:00:00+00:00,89.0378646850586,133.3302001953125,137.16839599609375,133.17027282714844,136.20884704589844,1407731.0,SPG,1d
2012-04-11 00:00:00+00:00,90.06187438964844,134.86358642578125,135.1646270751953,133.74412536621094,134.56256103515625,1245517.0,SPG,1d
2012-04-12 00:00:00+00:00,91.55075073242188,137.0931396484375,137.0931396484375,133.79115295410156,135.0141143798828,1196300.0,SPG,1d
2012-04-13 00:00:00+00:00,90.92881774902344,136.16180419921875,137.22483825683594,135.93603515625,136.64158630371094,1134965.0,SPG,1d
2012-04-16 00:00:00+00:00,93.37889862060547,139.83067321777344,139.83067321777344,136.45343017578125,136.87677001953125,2587555.0,SPG,1d
2012-04-17 00:00:00+00:00,93.93171691894531,140.65850830078125,141.17591857910156,138.8993377685547,140.27281188964844,1751186.0,SPG,1d
2012-04-18 00:00:00+00:00,93.61758422851562,140.18814086914062,140.96896362304688,139.7083740234375,139.9906005859375,1045992.0,SPG,1d
2012-04-19 00:00:00+00:00,93.0145034790039,139.28504943847656,140.5738525390625,138.56068420410156,140.39511108398438,1028240.0,SPG,1d
2012-04-20 00:00:00+00:00,94.30233764648438,141.2135467529297,141.84384155273438,139.3320770263672,139.3320770263672,1571539.0,SPG,1d
2012-04-23 00:00:00+00:00,93.3663330078125,139.81185913085938,140.61148071289062,138.38194274902344,140.0940704345703,1627453.0,SPG,1d
2012-04-24 00:00:00+00:00,94.77980041503906,141.92849731445312,141.98495483398438,139.84007263183594,140.10348510742188,1470129.0,SPG,1d
2012-04-25 00:00:00+00:00,95.91688537597656,143.6312255859375,143.65003967285156,142.0884246826172,143.15145874023438,1404329.0,SPG,1d
2012-04-26 00:00:00+00:00,95.60909271240234,143.17027282714844,143.8664093017578,142.56820678710938,143.59359741210938,1754056.0,SPG,1d
2012-04-27 00:00:00+00:00,97.58169555664062,146.12417602539062,146.67921447753906,144.4402618408203,145.070556640625,1933066.0,SPG,1d
2012-04-30 00:00:00+00:00,97.7513198852539,146.378173828125,146.50987243652344,144.79774475097656,146.2276611328125,1390510.0,SPG,1d
2012-05-01 00:00:00+00:00,98.99519348144531,148.24082946777344,149.20037841796875,146.09596252441406,146.378173828125,1645205.0,SPG,1d
2012-05-02 00:00:00+00:00,98.6245346069336,147.685791015625,148.32550048828125,146.35935974121094,147.7704620361328,1456523.0,SPG,1d
2012-05-03 00:00:00+00:00,97.69477081298828,146.2935028076172,148.14675903320312,146.24647521972656,147.7328338623047,1565055.0,SPG,1d
2012-05-04 00:00:00+00:00,96.8655014038086,145.05174255371094,146.24647521972656,144.44967651367188,145.82313537597656,1499574.0,SPG,1d
2012-05-07 00:00:00+00:00,97.41836547851562,145.8795928955078,146.39698791503906,144.07337951660156,144.2897491455078,1034831.0,SPG,1d
2012-05-08 00:00:00+00:00,97.63194274902344,146.19943237304688,146.35935974121094,144.76011657714844,145.09877014160156,1197576.0,SPG,1d
2012-05-09 00:00:00+00:00,97.19845581054688,145.55032348632812,147.1589813232422,144.76011657714844,144.929443359375,1345014.0,SPG,1d
2012-05-10 00:00:00+00:00,97.33037567138672,145.7478790283203,146.8203125,145.1646270751953,146.8203125,922259.0,SPG,1d
2012-05-11 00:00:00+00:00,98.05287170410156,146.82972717285156,147.13076782226562,144.6848602294922,145.39041137695312,1176103.0,SPG,1d
2012-05-14 00:00:00+00:00,97.0351333618164,145.3057403564453,147.69520568847656,145.3057403564453,145.83255004882812,1884274.0,SPG,1d
2012-05-15 00:00:00+00:00,96.95479583740234,144.18626403808594,145.0799560546875,143.2455291748047,144.85418701171875,1404542.0,SPG,1d
2012-05-16 00:00:00+00:00,95.10134887695312,141.42991638183594,145.1269989013672,141.12887573242188,145.06114196777344,2060413.0,SPG,1d
2012-05-17 00:00:00+00:00,92.54574584960938,137.6293487548828,141.60865783691406,137.6293487548828,141.20413208007812,1880234.0,SPG,1d
2012-05-18 00:00:00+00:00,91.30590057373047,135.78550720214844,138.94638061523438,135.39981079101562,137.99623107910156,2168095.0,SPG,1d
2012-05-21 00:00:00+00:00,93.28588104248047,138.73001098632812,138.94638061523438,136.1429901123047,136.15240478515625,1380731.0,SPG,1d
2012-05-22 00:00:00+00:00,93.4819564819336,139.02163696289062,140.07525634765625,138.28787231445312,139.03103637695312,1054071.0,SPG,1d
2012-05-23 00:00:00+00:00,93.56420135498047,139.14393615722656,139.28504943847656,136.378173828125,138.36312866210938,1055559.0,SPG,1d
2012-05-24 00:00:00+00:00,94.27266693115234,140.1975555419922,140.40451049804688,138.22201538085938,139.5108184814453,968499.0,SPG,1d
2012-05-25 00:00:00+00:00,93.69703674316406,139.34149169921875,140.90310668945312,138.83349609375,140.0470428466797,841896.0,SPG,1d
2012-05-29 00:00:00+00:00,94.98748016357422,141.26058959960938,141.42050170898438,139.60488891601562,139.78363037109375,1150804.0,SPG,1d
2012-05-30 00:00:00+00:00,92.46983337402344,137.51646423339844,140.2351837158203,137.4788360595703,140.2351837158203,1708985.0,SPG,1d
2012-05-31 00:00:00+00:00,93.31747436523438,138.77703857421875,140.0846710205078,136.05831909179688,137.51646423339844,2197221.0,SPG,1d
2012-06-01 00:00:00+00:00,90.78085327148438,135.00469970703125,137.7422332763672,134.71307373046875,136.05831909179688,1700694.0,SPG,1d
2012-06-04 00:00:00+00:00,90.66697692871094,134.8353729248047,135.66322326660156,133.65945434570312,135.28692626953125,1736836.0,SPG,1d
2012-06-05 00:00:00+00:00,92.45716857910156,137.49765014648438,137.9774169921875,133.78175354003906,134.44967651367188,1465983.0,SPG,1d
2012-06-06 00:00:00+00:00,94.32959747314453,140.2822265625,140.31044006347656,137.36595153808594,138.97459411621094,1627134.0,SPG,1d
2012-06-07 00:00:00+00:00,94.120849609375,139.97177124023438,141.7403564453125,139.557861328125,139.6613311767578,947771.0,SPG,1d
2012-06-08 00:00:00+00:00,95.27213287353516,141.6839141845703,141.6839141845703,139.67074584960938,139.92474365234375,940330.0,SPG,1d
2012-06-11 00:00:00+00:00,93.44400787353516,138.96519470214844,142.68109130859375,138.7488250732422,142.64346313476562,1543157.0,SPG,1d
2012-06-12 00:00:00+00:00,94.27266693115234,140.1975555419922,140.1975555419922,137.75164794921875,138.1655731201172,1106689.0,SPG,1d
2012-06-13 00:00:00+00:00,93.19095611572266,138.58889770507812,140.54562377929688,138.08090209960938,139.50140380859375,1297179.0,SPG,1d
2012-06-14 00:00:00+00:00,93.77925109863281,139.46377563476562,140.16932678222656,138.43838500976562,138.9275665283203,1766493.0,SPG,1d
2012-06-15 00:00:00+00:00,94.34858703613281,140.31044006347656,140.6302947998047,138.6923828125,140.3856964111328,2210083.0,SPG,1d
2012-06-18 00:00:00+00:00,94.44978332519531,140.46095275878906,141.52398681640625,139.3320770263672,139.9059295654297,1469385.0,SPG,1d
2012-06-19 00:00:00+00:00,95.677001953125,142.28598022460938,142.87864685058594,140.53622436523438,140.98776245117188,1385727.0,SPG,1d
2012-06-20 00:00:00+00:00,96.32855224609375,143.25494384765625,143.73471069335938,141.9755401611328,142.48353576660156,1590461.0,SPG,1d
2012-06-21 00:00:00+00:00,94.5763168334961,140.64910888671875,143.88522338867188,140.3386688232422,143.80996704101562,1338636.0,SPG,1d
2012-06-22 00:00:00+00:00,95.00013732910156,141.27940368652344,141.86265563964844,140.0564422607422,141.70272827148438,1821025.0,SPG,1d
2012-06-25 00:00:00+00:00,94.83565521240234,141.03480529785156,141.61805725097656,139.68955993652344,140.49859619140625,926511.0,SPG,1d
2012-06-26 00:00:00+00:00,95.18358612060547,141.55221557617188,142.6058349609375,140.88429260253906,140.98776245117188,1031642.0,SPG,1d
2012-06-27 00:00:00+00:00,95.51250457763672,142.04139709472656,142.5211639404297,140.97836303710938,141.71212768554688,956806.0,SPG,1d
2012-06-28 00:00:00+00:00,95.96165466308594,142.70932006835938,142.93508911132812,140.6302947998047,141.3546600341797,900893.0,SPG,1d
2012-06-29 00:00:00+00:00,98.46663665771484,146.4346160888672,146.49105834960938,144.53433227539062,145.5691375732422,1568350.0,SPG,1d
2012-07-02 00:00:00+00:00,99.99746704101562,148.71119689941406,148.71119689941406,146.45343017578125,147.37535095214844,1571752.0,SPG,1d
2012-07-03 00:00:00+00:00,100.26947021484375,149.11570739746094,149.89651489257812,148.43838500976562,148.80526733398438,850613.0,SPG,1d
2012-07-05 00:00:00+00:00,99.21305847167969,147.544677734375,148.9369659423828,147.0931396484375,148.72059631347656,1005492.0,SPG,1d
2012-07-06 00:00:00+00:00,99.56733703613281,148.07150268554688,148.43838500976562,146.19003295898438,146.31231689453125,828609.0,SPG,1d
2012-07-09 00:00:00+00:00,100.30109405517578,149.16275024414062,149.39793395996094,147.55409240722656,147.7422332763672,1066614.0,SPG,1d
2012-07-10 00:00:00+00:00,99.14984893798828,147.4506072998047,150.17874145507812,146.7544708251953,149.557861328125,914712.0,SPG,1d
2012-07-11 00:00:00+00:00,99.3775405883789,147.78927612304688,148.0338592529297,146.3687744140625,147.52586364746094,1286230.0,SPG,1d
2012-07-12 00:00:00+00:00,99.2636947631836,147.6199493408203,148.5042266845703,146.15240478515625,147.0178680419922,1070866.0,SPG,1d
2012-07-13 00:00:00+00:00,100.30109405517578,149.16275024414062,149.28504943847656,147.37535095214844,147.5917205810547,1034193.0,SPG,1d
2012-07-16 00:00:00+00:00,100.27580261230469,149.1251220703125,150.24459838867188,148.88052368164062,150.24459838867188,1171532.0,SPG,1d
2012-07-17 00:00:00+00:00,101.1108169555664,150.36688232421875,150.9595489501953,148.27845764160156,150.0,1410707.0,SPG,1d
2012-07-18 00:00:00+00:00,100.74393463134766,149.82125854492188,150.79962158203125,149.29444885253906,149.83067321777344,914605.0,SPG,1d
2012-07-19 00:00:00+00:00,100.02909088134766,148.7582244873047,150.2916259765625,147.7704620361328,149.77423095703125,1302494.0,SPG,1d
2012-07-20 00:00:00+00:00,99.29530334472656,147.66697692871094,148.993408203125,147.0554962158203,147.52586364746094,1655623.0,SPG,1d
2012-07-23 00:00:00+00:00,98.64376831054688,146.69802856445312,147.3377227783203,145.54092407226562,146.12417602539062,1275069.0,SPG,1d
2012-07-24 00:00:00+00:00,99.6938247680664,148.2596435546875,151.2135467529297,146.78268432617188,146.98965454101562,1538693.0,SPG,1d
2012-07-25 00:00:00+00:00,98.89682006835938,147.07432556152344,150.7714080810547,146.65098571777344,149.52023315429688,1343207.0,SPG,1d
2012-07-26 00:00:00+00:00,100.57946014404297,149.57667541503906,150.5174102783203,148.67356872558594,149.02163696289062,1078201.0,SPG,1d
2012-07-27 00:00:00+00:00,101.51565551757812,150.96896362304688,152.83160400390625,150.18814086914062,150.1975555419922,1338317.0,SPG,1d
2012-07-30 00:00:00+00:00,101.90156555175781,151.5428009033203,152.10723876953125,150.5268096923828,150.96896362304688,836050.0,SPG,1d
2012-07-31 00:00:00+00:00,101.52196502685547,150.97836303710938,151.92849731445312,150.41392517089844,151.92849731445312,1070654.0,SPG,1d
2012-08-01 00:00:00+00:00,101.95848846435547,151.62747192382812,153.02915954589844,151.48635864257812,151.91909790039062,1314293.0,SPG,1d
2012-08-02 00:00:00+00:00,102.10394287109375,151.84384155273438,151.9755401611328,149.38851928710938,150.8090362548828,825101.0,SPG,1d
2012-08-03 00:00:00+00:00,103.12872314453125,153.36782836914062,153.97930908203125,152.14486694335938,153.97930908203125,1001452.0,SPG,1d
2012-08-06 00:00:00+00:00,102.3380126953125,152.19190979003906,154.04515075683594,152.05079650878906,153.8193817138672,1080114.0,SPG,1d
2012-08-07 00:00:00+00:00,100.82615661621094,149.9435577392578,152.68109130859375,149.59548950195312,152.6716766357422,1376585.0,SPG,1d
2012-08-08 00:00:00+00:00,100.2505111694336,149.08749389648438,149.78363037109375,148.39134216308594,149.44496154785156,1025264.0,SPG,1d
2012-08-09 00:00:00+00:00,99.34590911865234,147.7422332763672,149.45437622070312,147.34713745117188,149.08749389648438,1341293.0,SPG,1d
2012-08-10 00:00:00+00:00,99.757080078125,148.3537139892578,148.68296813964844,147.35653686523438,147.35653686523438,684147.0,SPG,1d
2012-08-13 00:00:00+00:00,99.42182922363281,147.85513305664062,148.4665985107422,147.43179321289062,148.15615844726562,736234.0,SPG,1d
2012-08-14 00:00:00+00:00,99.66219329833984,148.2126007080078,148.77703857421875,147.8833465576172,147.8833465576172,952554.0,SPG,1d
2012-08-15 00:00:00+00:00,100.48159790039062,148.37252807617188,148.8899383544922,147.4882354736328,147.6763916015625,863475.0,SPG,1d
2012-08-16 00:00:00+00:00,101.7494125366211,150.24459838867188,150.82785034179688,147.2530517578125,148.0620880126953,1566756.0,SPG,1d
2012-08-17 00:00:00+00:00,101.838623046875,150.3762969970703,150.5268096923828,149.9529571533203,150.14111328125,1075862.0,SPG,1d
2012-08-20 00:00:00+00:00,101.34165954589844,149.64251708984375,150.59266662597656,148.51364135742188,150.47036743164062,1254553.0,SPG,1d
2012-08-21 00:00:00+00:00,100.98489379882812,149.11570739746094,150.27281188964844,149.0686798095703,149.7177734375,929381.0,SPG,1d
2012-08-22 00:00:00+00:00,101.10595703125,149.29444885253906,149.7648162841797,147.8175048828125,149.10630798339844,1025582.0,SPG,1d
2012-08-23 00:00:00+00:00,99.67887115478516,147.1872100830078,149.68955993652344,147.1025390625,149.2285919189453,1644461.0,SPG,1d
2012-08-24 00:00:00+00:00,100.09933471679688,147.80809020996094,148.07150268554688,146.79209899902344,146.92379760742188,1470767.0,SPG,1d
2012-08-27 00:00:00+00:00,101.12507629394531,149.3226776123047,149.74600219726562,147.826904296875,148.0526885986328,1217667.0,SPG,1d
2012-08-28 00:00:00+00:00,101.0358657836914,149.1909637451172,149.40733337402344,148.1185302734375,148.7864532470703,925235.0,SPG,1d
2012-08-29 00:00:00+00:00,100.5389633178711,148.4571990966797,149.50140380859375,148.19378662109375,149.38851928710938,1184926.0,SPG,1d
2012-08-30 00:00:00+00:00,100.28409576416016,148.08090209960938,148.4007568359375,147.49765014648438,148.0338592529297,1087236.0,SPG,1d
2012-08-31 00:00:00+00:00,101.10595703125,149.29444885253906,149.37911987304688,147.22483825683594,148.4571990966797,2286726.0,SPG,1d
2012-09-04 00:00:00+00:00,101.13780212402344,149.34149169921875,149.58607482910156,147.9209747314453,149.29444885253906,1220643.0,SPG,1d
2012-09-05 00:00:00+00:00,100.62813568115234,148.58889770507812,149.78363037109375,147.70460510253906,149.59548950195312,1426759.0,SPG,1d
2012-09-06 00:00:00+00:00,101.2015151977539,149.43556213378906,150.22576904296875,149.05926513671875,149.134521484375,1333852.0,SPG,1d
2012-09-07 00:00:00+00:00,101.32891845703125,149.6237030029297,150.17874145507812,149.24740600585938,149.84007263183594,938416.0,SPG,1d
2012-09-10 00:00:00+00:00,99.51959228515625,146.9520263671875,150.1505126953125,146.77328491210938,150.1505126953125,1520728.0,SPG,1d
2012-09-11 00:00:00+00:00,100.49435424804688,148.39134216308594,148.4948272705078,146.38758850097656,147.1495819091797,1229466.0,SPG,1d
2012-09-12 00:00:00+00:00,101.0358657836914,149.1909637451172,149.45437622070312,147.76104736328125,148.55126953125,1130501.0,SPG,1d
2012-09-13 00:00:00+00:00,102.99175262451172,152.0790252685547,152.35183715820312,148.81468200683594,148.8899383544922,1703670.0,SPG,1d
2012-09-14 00:00:00+00:00,103.6542739868164,153.05738830566406,154.04515075683594,152.0790252685547,152.3236083984375,1544008.0,SPG,1d
2012-09-17 00:00:00+00:00,104.1831283569336,153.83819580078125,154.4402618408203,153.11383056640625,153.15145874023438,1028240.0,SPG,1d
2012-09-18 00:00:00+00:00,103.01720428466797,152.1166534423828,153.78175354003906,151.70272827148438,153.4242706298828,1231698.0,SPG,1d
2012-09-19 00:00:00+00:00,102.36100769042969,151.14768981933594,152.44590759277344,151.14768981933594,152.09783935546875,1018460.0,SPG,1d
2012-09-20 00:00:00+00:00,99.31575775146484,146.65098571777344,146.98023986816406,145.87017822265625,146.7544708251953,4632660.0,SPG,1d
2012-09-21 00:00:00+00:00,99.50688934326172,146.93321228027344,147.55409240722656,146.3311309814453,147.11195373535156,2721918.0,SPG,1d
2012-09-24 00:00:00+00:00,98.95260620117188,146.11477661132812,147.16839599609375,146.0865478515625,146.7544708251953,1643823.0,SPG,1d
2012-09-25 00:00:00+00:00,97.08592224121094,143.35841369628906,146.91439819335938,143.11383056640625,146.73565673828125,2356352.0,SPG,1d
2012-09-26 00:00:00+00:00,96.28954315185547,142.1824951171875,144.06396484375,141.90968322753906,143.06678771972656,1819325.0,SPG,1d
2012-09-27 00:00:00+00:00,96.79924011230469,142.93508911132812,144.5907745361328,142.6716766357422,142.92567443847656,1585677.0,SPG,1d
2012-09-28 00:00:00+00:00,96.7164306640625,142.8127899169922,143.60301208496094,142.05079650878906,142.20132446289062,1572071.0,SPG,1d
2012-10-01 00:00:00+00:00,96.32140350341797,142.2295379638672,143.40545654296875,140.6679229736328,143.1890869140625,1540925.0,SPG,1d
2012-10-02 00:00:00+00:00,96.99674224853516,143.22671508789062,143.5277557373047,142.16368103027344,142.6716766357422,1038976.0,SPG,1d
2012-10-03 00:00:00+00:00,97.42357635498047,143.8570098876953,145.13641357421875,143.22671508789062,143.4713134765625,1286868.0,SPG,1d
2012-10-04 00:00:00+00:00,97.21334075927734,143.54656982421875,145.13641357421875,142.78457641601562,144.47789001464844,1265608.0,SPG,1d
2012-10-05 00:00:00+00:00,97.28980255126953,143.65945434570312,144.62840270996094,142.71871948242188,144.15805053710938,836900.0,SPG,1d
2012-10-08 00:00:00+00:00,97.39173126220703,143.80996704101562,143.94168090820312,142.5117645263672,143.6312255859375,975940.0,SPG,1d
2012-10-09 00:00:00+00:00,96.99037170410156,143.21731567382812,145.05174255371094,143.1890869140625,144.1110076904297,1033980.0,SPG,1d
2012-10-10 00:00:00+00:00,97.50001525878906,143.9698944091797,144.2897491455078,143.11383056640625,143.1796875,734108.0,SPG,1d
2012-10-11 00:00:00+00:00,97.50641632080078,143.97930908203125,145.14581298828125,143.93226623535156,144.62840270996094,940436.0,SPG,1d
2012-10-12 00:00:00+00:00,97.08592224121094,143.35841369628906,144.21449279785156,143.17027282714844,143.9981231689453,1199170.0,SPG,1d
2012-10-15 00:00:00+00:00,97.5510025024414,144.04515075683594,144.3932342529297,142.65286254882812,143.621826171875,1182269.0,SPG,1d
2012-10-16 00:00:00+00:00,98.0988998413086,144.85418701171875,145.48448181152344,144.32737731933594,145.10818481445312,837750.0,SPG,1d
2012-10-17 00:00:00+00:00,97.37895202636719,143.79115295410156,144.3555908203125,143.00094604492188,144.17686462402344,1408050.0,SPG,1d
2012-10-18 00:00:00+00:00,98.62133026123047,145.62559509277344,145.77610778808594,143.21731567382812,143.74412536621094,1274856.0,SPG,1d
2012-10-19 00:00:00+00:00,97.81856536865234,144.4402618408203,147.0931396484375,144.2521209716797,145.14581298828125,1679221.0,SPG,1d
2012-10-22 00:00:00+00:00,97.43632507324219,143.87582397460938,145.06114196777344,142.2577667236328,143.2361297607422,1052370.0,SPG,1d
2012-10-23 00:00:00+00:00,96.21314239501953,142.06961059570312,142.8504180908203,140.94073486328125,142.09783935546875,1213415.0,SPG,1d
2012-10-24 00:00:00+00:00,96.30866241455078,142.21072387695312,142.9068603515625,141.43931579589844,142.0884246826172,1069378.0,SPG,1d
2012-10-25 00:00:00+00:00,96.49344635009766,142.48353576660156,144.8353729248047,140.90310668945312,142.8974609375,1431648.0,SPG,1d
2012-10-26 00:00:00+00:00,95.75443267822266,141.3922882080078,142.75634765625,140.82785034179688,142.49295043945312,1249025.0,SPG,1d
2012-10-31 00:00:00+00:00,96.97126007080078,143.1890869140625,143.55596923828125,141.4957733154297,142.65286254882812,1392211.0,SPG,1d
2012-11-01 00:00:00+00:00,97.18785858154297,143.50894165039062,144.24270629882812,141.90968322753906,143.1420440673828,1025157.0,SPG,1d
2012-11-02 00:00:00+00:00,99.22654724121094,146.519287109375,147.1589813232422,145.29632568359375,145.29632568359375,1908404.0,SPG,1d
2012-11-05 00:00:00+00:00,98.57669830322266,145.5597381591797,146.4346160888672,144.42144775390625,145.2681121826172,1072780.0,SPG,1d
2012-11-06 00:00:00+00:00,99.0608901977539,146.27468872070312,146.64158630371094,145.23988342285156,145.81373596191406,902274.0,SPG,1d
2012-11-07 00:00:00+00:00,99.19469451904297,146.4722442626953,146.80149841308594,144.95767211914062,145.5973663330078,1777549.0,SPG,1d
2012-11-08 00:00:00+00:00,98.21356964111328,145.0235137939453,146.8203125,145.0235137939453,146.15240478515625,1534122.0,SPG,1d
2012-11-09 00:00:00+00:00,96.83745574951172,142.9915313720703,144.80714416503906,142.76576232910156,143.9604949951172,1350860.0,SPG,1d
2012-11-12 00:00:00+00:00,96.92028045654297,143.11383056640625,143.78175354003906,142.14486694335938,143.2831573486328,974771.0,SPG,1d
2012-11-13 00:00:00+00:00,96.7164306640625,142.8127899169922,143.89463806152344,142.455322265625,142.4647216796875,690844.0,SPG,1d
2012-11-14 00:00:00+00:00,95.1172866821289,139.3697052001953,142.72813415527344,138.80526733398438,142.58702087402344,1341187.0,SPG,1d
2012-11-15 00:00:00+00:00,94.20561218261719,138.0338592529297,140.65850830078125,137.41297912597656,139.50140380859375,1011126.0,SPG,1d
2012-11-16 00:00:00+00:00,94.32759857177734,138.2126007080078,138.4571990966797,136.6039581298828,138.00564575195312,1976117.0,SPG,1d
2012-11-19 00:00:00+00:00,95.63092803955078,140.12229919433594,140.3386688232422,138.83349609375,139.5672607421875,1130288.0,SPG,1d
2012-11-20 00:00:00+00:00,96.54904174804688,141.46754455566406,141.47695922851562,139.17214965820312,140.3386688232422,1055984.0,SPG,1d
2012-11-21 00:00:00+00:00,96.43988037109375,141.3076171875,141.86265563964844,140.442138671875,141.57102966308594,994437.0,SPG,1d
2012-11-23 00:00:00+00:00,97.34517669677734,142.63404846191406,142.8504180908203,141.55221557617188,141.84384155273438,360038.0,SPG,1d
2012-11-26 00:00:00+00:00,97.68543243408203,143.1326446533203,143.93226623535156,141.890869140625,141.890869140625,1219261.0,SPG,1d
2012-11-27 00:00:00+00:00,96.95990753173828,142.06961059570312,142.91627502441406,140.39511108398438,142.49295043945312,1722485.0,SPG,1d
2012-11-28 00:00:00+00:00,96.45915985107422,141.33584594726562,142.15428161621094,140.8184356689453,141.80621337890625,1568988.0,SPG,1d
2012-11-29 00:00:00+00:00,97.10758972167969,142.28598022460938,142.75634765625,140.7714080810547,141.77798461914062,1450782.0,SPG,1d
2012-11-30 00:00:00+00:00,97.67262268066406,143.11383056640625,144.03575134277344,142.1824951171875,142.7469482421875,2044043.0,SPG,1d
2012-12-03 00:00:00+00:00,98.12199401855469,143.7723388671875,144.8730010986328,143.29257202148438,143.5277557373047,1273368.0,SPG,1d
2012-12-04 00:00:00+00:00,97.94225311279297,143.50894165039062,144.8730010986328,142.96331787109375,143.4713134765625,881440.0,SPG,1d
2012-12-05 00:00:00+00:00,97.76248168945312,143.2455291748047,143.78175354003906,142.173095703125,143.78175354003906,1089150.0,SPG,1d
2012-12-06 00:00:00+00:00,99.13642883300781,145.25869750976562,145.57855224609375,144.17686462402344,144.1956787109375,1272411.0,SPG,1d
2012-12-07 00:00:00+00:00,99.93254089355469,146.4252166748047,146.54750061035156,145.24929809570312,145.81373596191406,1137835.0,SPG,1d
2012-12-10 00:00:00+00:00,100.18294525146484,146.79209899902344,147.24365234375,145.83255004882812,146.48165893554688,1310679.0,SPG,1d
2012-12-11 00:00:00+00:00,100.61954498291016,147.43179321289062,150.13169860839844,146.48165893554688,149.54844665527344,1453971.0,SPG,1d
2012-12-12 00:00:00+00:00,100.41410827636719,147.13076782226562,147.9115753173828,146.19943237304688,147.3000946044922,1200233.0,SPG,1d
2012-12-13 00:00:00+00:00,98.86676025390625,144.86358642578125,146.0018768310547,144.31796264648438,145.05174255371094,2542271.0,SPG,1d
2012-12-14 00:00:00+00:00,98.90530395507812,144.9200439453125,145.794921875,144.45907592773438,145.13641357421875,1067677.0,SPG,1d
2012-12-17 00:00:00+00:00,99.81696319580078,146.25587463378906,147.1495819091797,145.3151397705078,146.38758850097656,1584402.0,SPG,1d
2012-12-18 00:00:00+00:00,100.69015502929688,147.5352783203125,147.71401977539062,145.96424865722656,146.35935974121094,1611614.0,SPG,1d
2012-12-19 00:00:00+00:00,100.40763092041016,147.12135314941406,147.80809020996094,146.7638702392578,147.52586364746094,1237651.0,SPG,1d
2012-12-20 00:00:00+00:00,101.48626708984375,148.7017822265625,148.96519470214844,146.8673553466797,147.13076782226562,1166536.0,SPG,1d
2012-12-21 00:00:00+00:00,101.31291198730469,148.44778442382812,149.0404510498047,146.94261169433594,147.4412078857422,2927715.0,SPG,1d
2012-12-24 00:00:00+00:00,101.4028091430664,148.57949829101562,151.17591857910156,147.6199493408203,148.47601318359375,614946.0,SPG,1d
2012-12-26 00:00:00+00:00,100.77361297607422,147.65757751464844,149.14393615722656,147.35653686523438,148.86170959472656,824357.0,SPG,1d
2012-12-27 00:00:00+00:00,101.39639282226562,148.57008361816406,148.88052368164062,146.82972717285156,147.5917205810547,746439.0,SPG,1d
2012-12-28 00:00:00+00:00,100.17008972167969,146.77328491210938,148.80526733398438,146.73565673828125,147.52586364746094,836794.0,SPG,1d
2012-12-31 00:00:00+00:00,101.49913024902344,148.72059631347656,148.73941040039062,146.27468872070312,146.50047302246094,1094359.0,SPG,1d
2013-01-02 00:00:00+00:00,102.59697723388672,150.32925415039062,151.20413208007812,149.0686798095703,150.69613647460938,1455034.0,SPG,1d
2013-01-03 00:00:00+00:00,101.77522277832031,149.1251220703125,151.006591796875,148.65475463867188,150.6679229736328,1400396.0,SPG,1d
2013-01-04 00:00:00+00:00,101.82010650634766,149.1909637451172,149.77423095703125,148.44778442382812,149.24740600585938,1330238.0,SPG,1d
2013-01-07 00:00:00+00:00,102.54560852050781,150.25399780273438,150.41392517089844,148.7017822265625,148.7488250732422,953830.0,SPG,1d
2013-01-08 00:00:00+00:00,102.17325592041016,149.7083740234375,150.40451049804688,148.97459411621094,150.32925415039062,802352.0,SPG,1d
2013-01-09 00:00:00+00:00,102.67400360107422,150.442138671875,150.60206604003906,149.68955993652344,150.06585693359375,735596.0,SPG,1d
2013-01-10 00:00:00+00:00,102.66120147705078,150.42332458496094,151.12887573242188,149.5672607421875,150.6302947998047,983594.0,SPG,1d
2013-01-11 00:00:00+00:00,102.7125473022461,150.49859619140625,150.7714080810547,149.97177124023438,150.42332458496094,806817.0,SPG,1d
2013-01-14 00:00:00+00:00,102.36588287353516,149.9906005859375,150.4891815185547,149.57667541503906,150.4891815185547,598682.0,SPG,1d
2013-01-15 00:00:00+00:00,102.84735107421875,150.69613647460938,150.94073486328125,149.39793395996094,149.5672607421875,1300793.0,SPG,1d
2013-01-16 00:00:00+00:00,102.54560852050781,150.25399780273438,150.79962158203125,149.69895935058594,150.0940704345703,1203741.0,SPG,1d
2013-01-17 00:00:00+00:00,102.66120147705078,150.42332458496094,150.97836303710938,150.10348510742188,150.97836303710938,742187.0,SPG,1d
2013-01-18 00:00:00+00:00,102.65477752685547,150.41392517089844,150.54562377929688,149.416748046875,150.24459838867188,1555913.0,SPG,1d
2013-01-22 00:00:00+00:00,103.3353271484375,151.41110229492188,151.6462860107422,150.16932678222656,150.39511108398438,1003047.0,SPG,1d
2013-01-23 00:00:00+00:00,103.68841552734375,151.92849731445312,152.21072387695312,150.6302947998047,151.0724334716797,890050.0,SPG,1d
2013-01-24 00:00:00+00:00,104.11217498779297,152.5493927001953,152.8410186767578,151.67449951171875,152.29539489746094,903550.0,SPG,1d
2013-01-25 00:00:00+00:00,104.23419952392578,152.72813415527344,153.1796875,151.9473114013672,152.8410186767578,932145.0,SPG,1d
2013-01-28 00:00:00+00:00,104.46528625488281,153.06678771972656,153.98870849609375,152.13546752929688,153.98870849609375,888562.0,SPG,1d
2013-01-29 00:00:00+00:00,104.51664733886719,153.1420440673828,153.3866424560547,152.4176788330078,152.8127899169922,644072.0,SPG,1d
2013-01-30 00:00:00+00:00,103.61138916015625,151.81561279296875,153.17027282714844,151.22296142578125,152.73753356933594,922153.0,SPG,1d
2013-01-31 00:00:00+00:00,102.84095001220703,150.68673706054688,151.75917053222656,150.6679229736328,151.66510009765625,1369357.0,SPG,1d
2013-02-01 00:00:00+00:00,103.99019622802734,152.3706512451172,153.35841369628906,150.9595489501953,151.7403564453125,1225639.0,SPG,1d
2013-02-04 00:00:00+00:00,104.33690643310547,152.87864685058594,153.762939453125,151.6462860107422,151.6462860107422,1296860.0,SPG,1d
2013-02-05 00:00:00+00:00,103.85540771484375,152.173095703125,154.5813751220703,151.9379119873047,153.84759521484375,1734072.0,SPG,1d
2013-02-06 00:00:00+00:00,103.81684112548828,152.1166534423828,152.77516174316406,151.2417755126953,151.32643127441406,1212352.0,SPG,1d
2013-02-07 00:00:00+00:00,103.23258972167969,151.26058959960938,152.43649291992188,151.26058959960938,152.30479431152344,981255.0,SPG,1d
2013-02-08 00:00:00+00:00,104.49737548828125,153.11383056640625,153.16085815429688,151.26058959960938,151.51458740234375,1114768.0,SPG,1d
2013-02-11 00:00:00+00:00,104.97248840332031,153.80996704101562,153.8193817138672,152.85983276367188,153.19850158691406,920133.0,SPG,1d
2013-02-12 00:00:00+00:00,105.42044067382812,153.31138610839844,153.72531127929688,151.6556854248047,152.8033905029297,868471.0,SPG,1d
2013-02-13 00:00:00+00:00,104.82528686523438,152.44590759277344,153.65003967285156,151.95672607421875,153.480712890625,754517.0,SPG,1d
2013-02-14 00:00:00+00:00,103.86795043945312,151.05361938476562,152.28598022460938,150.84666442871094,152.1166534423828,1187690.0,SPG,1d
2013-02-15 00:00:00+00:00,103.43455505371094,150.42332458496094,150.94073486328125,149.31326293945312,150.36688232421875,2178831.0,SPG,1d
2013-02-19 00:00:00+00:00,103.8226547241211,150.98776245117188,151.08184814453125,150.36688232421875,150.3856964111328,1294309.0,SPG,1d
2013-02-20 00:00:00+00:00,103.188720703125,150.06585693359375,151.6839141845703,149.96237182617188,150.6302947998047,1269754.0,SPG,1d
2013-02-21 00:00:00+00:00,102.21843719482422,148.65475463867188,149.8494873046875,148.0338592529297,149.6237030029297,1257316.0,SPG,1d
2013-02-22 00:00:00+00:00,103.3180923461914,150.25399780273438,150.3856964111328,148.8993377685547,148.95578002929688,1100737.0,SPG,1d
2013-02-25 00:00:00+00:00,101.7979507446289,148.04327392578125,151.20413208007812,147.98683166503906,151.13829040527344,1228509.0,SPG,1d
2013-02-26 00:00:00+00:00,102.12786102294922,148.52304077148438,149.7177734375,147.41297912597656,148.4665985107422,1172914.0,SPG,1d
2013-02-27 00:00:00+00:00,102.9817123413086,149.7648162841797,150.07525634765625,148.0338592529297,148.5418701171875,1022287.0,SPG,1d
2013-02-28 00:00:00+00:00,102.76181030273438,149.44496154785156,150.47976684570312,149.2285919189453,149.9529571533203,1793068.0,SPG,1d
2013-03-01 00:00:00+00:00,103.49275970458984,150.50799560546875,150.65850830078125,148.57008361816406,149.1815643310547,1279746.0,SPG,1d
2013-03-04 00:00:00+00:00,104.44367218017578,151.890869140625,152.6905059814453,150.06585693359375,150.39511108398438,1074480.0,SPG,1d
2013-03-05 00:00:00+00:00,105.18757629394531,152.97271728515625,153.29257202148438,151.4957733154297,152.44590759277344,896215.0,SPG,1d
2013-03-06 00:00:00+00:00,104.74121856689453,152.3236083984375,153.73471069335938,151.890869140625,153.73471069335938,717738.0,SPG,1d
2013-03-07 00:00:00+00:00,103.5510025024414,150.59266662597656,152.77516174316406,150.26341247558594,152.455322265625,1654134.0,SPG,1d
2013-03-08 00:00:00+00:00,103.49922180175781,150.5174102783203,150.83724975585938,148.65475463867188,150.82785034179688,1667634.0,SPG,1d
2013-03-11 00:00:00+00:00,104.14611053466797,151.4581298828125,151.48635864257812,149.88711547851562,150.50799560546875,1284529.0,SPG,1d
2013-03-12 00:00:00+00:00,103.188720703125,150.06585693359375,151.38287353515625,149.8494873046875,151.19473266601562,1337679.0,SPG,1d
2013-03-13 00:00:00+00:00,103.04639434814453,149.85888671875,150.89369201660156,149.54844665527344,150.41392517089844,763447.0,SPG,1d
2013-03-14 00:00:00+00:00,103.4216079711914,150.40451049804688,150.9595489501953,149.68014526367188,149.8024444580078,855609.0,SPG,1d
2013-03-15 00:00:00+00:00,103.24049377441406,150.14111328125,150.3386688232422,149.25682067871094,149.77423095703125,2655055.0,SPG,1d
2013-03-18 00:00:00+00:00,102.677734375,149.3226776123047,149.89651489257812,148.32550048828125,149.08749389648438,1312699.0,SPG,1d
2013-03-19 00:00:00+00:00,101.62329864501953,147.78927612304688,149.43556213378906,146.82972717285156,149.29444885253906,1810395.0,SPG,1d
2013-03-20 00:00:00+00:00,102.50953674316406,149.0780792236328,149.0780792236328,148.1655731201172,148.58889770507812,1195875.0,SPG,1d
2013-03-21 00:00:00+00:00,102.24430847167969,148.6923828125,149.6519317626953,148.26904296875,148.6359405517578,1085323.0,SPG,1d
2013-03-22 00:00:00+00:00,102.94293212890625,149.7083740234375,150.0093994140625,148.6923828125,149.0686798095703,800864.0,SPG,1d
2013-03-25 00:00:00+00:00,103.08523559570312,149.9153289794922,150.95013427734375,149.53904724121094,150.70555114746094,940330.0,SPG,1d
2013-03-26 00:00:00+00:00,103.06585693359375,149.88711547851562,150.88429260253906,149.5672607421875,150.7808074951172,1405605.0,SPG,1d
2013-03-27 00:00:00+00:00,102.9817123413086,149.7648162841797,150.10348510742188,148.9369659423828,149.0780792236328,820955.0,SPG,1d
2013-03-28 00:00:00+00:00,102.5677490234375,149.16275024414062,150.5174102783203,148.32550048828125,149.7648162841797,1596095.0,SPG,1d
2013-04-01 00:00:00+00:00,103.05933380126953,149.87770080566406,149.87770080566406,148.82408142089844,149.1815643310547,1539649.0,SPG,1d
2013-04-02 00:00:00+00:00,104.1267318725586,151.42991638183594,151.47695922851562,150.5174102783203,150.71495056152344,1006023.0,SPG,1d
2013-04-03 00:00:00+00:00,104.79297637939453,152.39886474609375,152.39886474609375,151.2135467529297,152.14486694335938,1264864.0,SPG,1d
2013-04-04 00:00:00+00:00,105.82794952392578,153.90403747558594,154.23330688476562,152.2295379638672,152.39886474609375,1328006.0,SPG,1d
2013-04-05 00:00:00+00:00,107.52925872802734,156.378173828125,156.44403076171875,152.76576232910156,152.76576232910156,2077740.0,SPG,1d
2013-04-08 00:00:00+00:00,109.3857421875,159.0780792236328,159.0780792236328,155.7102508544922,155.75729370117188,2261001.0,SPG,1d
2013-04-09 00:00:00+00:00,109.39224243164062,159.08749389648438,159.92474365234375,157.90216064453125,159.2662353515625,1489582.0,SPG,1d
2013-04-10 00:00:00+00:00,110.46602630615234,160.64910888671875,161.1006622314453,158.68296813964844,158.76763916015625,1541350.0,SPG,1d
2013-04-11 00:00:00+00:00,112.73006439208984,163.94168090820312,164.09219360351562,160.69613647460938,160.94073486328125,2558854.0,SPG,1d
2013-04-12 00:00:00+00:00,112.33547973632812,163.36782836914062,164.03575134277344,162.2671661376953,163.60301208496094,1210332.0,SPG,1d
2013-04-15 00:00:00+00:00,110.2525634765625,160.3386688232422,163.75352478027344,160.30104064941406,162.13546752929688,1780738.0,SPG,1d
2013-04-16 00:00:00+00:00,112.86590576171875,164.1392364501953,164.74130249023438,160.06585693359375,161.11947631835938,1817305.0,SPG,1d
2013-04-17 00:00:00+00:00,111.7791748046875,162.5587921142578,163.4148712158203,161.18531799316406,163.31138610839844,1307596.0,SPG,1d
2013-04-18 00:00:00+00:00,111.85033416748047,162.6622772216797,163.08560180664062,161.57102966308594,162.8127899169922,1109772.0,SPG,1d
2013-04-19 00:00:00+00:00,113.92029571533203,165.67262268066406,165.67262268066406,162.82220458984375,162.9821319580078,1739918.0,SPG,1d
2013-04-22 00:00:00+00:00,113.52570343017578,165.09877014160156,166.21824645996094,164.1486358642578,165.95484924316406,1071398.0,SPG,1d
2013-04-23 00:00:00+00:00,113.87503814697266,165.6067657470703,166.19943237304688,164.5813751220703,165.83255004882812,1067146.0,SPG,1d
2013-04-24 00:00:00+00:00,114.39253234863281,166.35935974121094,166.45343017578125,165.1175994873047,165.8043212890625,999220.0,SPG,1d
2013-04-25 00:00:00+00:00,113.85567474365234,165.57855224609375,166.40640258789062,165.05174255371094,166.2276611328125,984232.0,SPG,1d
2013-04-26 00:00:00+00:00,113.60334014892578,165.211669921875,166.73565673828125,164.15805053710938,165.0799560546875,1004535.0,SPG,1d
2013-04-29 00:00:00+00:00,113.84269714355469,165.5597381591797,166.15240478515625,165.05174255371094,165.84194946289062,877081.0,SPG,1d
2013-04-30 00:00:00+00:00,115.18818664550781,167.51646423339844,167.544677734375,165.3621826171875,165.8513641357422,1679009.0,SPG,1d
2013-05-01 00:00:00+00:00,114.21783447265625,166.10536193847656,167.71401977539062,166.04891967773438,167.3094940185547,1380624.0,SPG,1d
2013-05-02 00:00:00+00:00,115.16233825683594,167.4788360595703,168.36312866210938,165.87017822265625,166.67921447753906,1080858.0,SPG,1d
2013-05-03 00:00:00+00:00,116.07437896728516,168.80526733398438,169.44496154785156,168.04327392578125,168.4665985107422,1067039.0,SPG,1d
2013-05-06 00:00:00+00:00,116.02909088134766,168.73941040039062,169.6613311767578,168.27845764160156,168.66415405273438,890581.0,SPG,1d
2013-05-07 00:00:00+00:00,115.70567321777344,168.26904296875,168.65475463867188,167.3377227783203,168.65475463867188,860711.0,SPG,1d
2013-05-08 00:00:00+00:00,116.65656280517578,169.6519317626953,170.0564422607422,167.24365234375,168.22201538085938,1670611.0,SPG,1d
2013-05-09 00:00:00+00:00,115.72504425048828,168.29727172851562,170.13169860839844,168.0526885986328,170.03762817382812,1567394.0,SPG,1d
2013-05-10 00:00:00+00:00,116.02909088134766,168.73941040039062,168.95578002929688,168.08090209960938,168.5418701171875,868365.0,SPG,1d
2013-05-13 00:00:00+00:00,116.41077423095703,169.29444885253906,169.78363037109375,168.48541259765625,168.73941040039062,1008787.0,SPG,1d
2013-05-14 00:00:00+00:00,115.93854522705078,168.6077117919922,169.96237182617188,168.109130859375,169.86830139160156,1189284.0,SPG,1d
2013-05-15 00:00:00+00:00,116.98871612548828,168.97459411621094,168.993408203125,166.92379760742188,167.6763916015625,1549004.0,SPG,1d
2013-05-16 00:00:00+00:00,115.64706420898438,167.03668212890625,169.60488891601562,166.63217163085938,168.27845764160156,1520090.0,SPG,1d
2013-05-17 00:00:00+00:00,117.13858032226562,169.1909637451172,169.24740600585938,167.1966094970703,167.7798614501953,1379561.0,SPG,1d
2013-05-20 00:00:00+00:00,116.55889129638672,168.3537139892578,169.35089111328125,167.57290649414062,168.91815185546875,794911.0,SPG,1d
2013-05-21 00:00:00+00:00,117.38610076904297,169.54844665527344,170.55503845214844,168.48541259765625,168.48541259765625,987846.0,SPG,1d
2013-05-22 00:00:00+00:00,114.65707397460938,165.6067657470703,171.63687133789062,164.42144775390625,168.6077117919922,1868648.0,SPG,1d
2013-05-23 00:00:00+00:00,113.06137084960938,163.30197143554688,164.95767211914062,162.56820678710938,164.75070190429688,1485543.0,SPG,1d
2013-05-24 00:00:00+00:00,113.63449096679688,164.12982177734375,164.67544555664062,161.34524536132812,161.7967987060547,1225426.0,SPG,1d
2013-05-28 00:00:00+00:00,114.26626586914062,165.04232788085938,167.20602416992188,163.29257202148438,165.9454345703125,1787116.0,SPG,1d
2013-05-29 00:00:00+00:00,111.94109344482422,161.6839141845703,163.97930908203125,159.05926513671875,163.8664093017578,1979306.0,SPG,1d
2013-05-30 00:00:00+00:00,110.72314453125,159.92474365234375,162.86923217773438,159.89651489257812,161.9755401611328,1418361.0,SPG,1d
2013-05-31 00:00:00+00:00,108.40447235107422,156.5757293701172,160.79022216796875,156.5286865234375,159.20037841796875,2578944.0,SPG,1d
2013-06-03 00:00:00+00:00,108.56080627441406,156.80149841308594,157.64816284179688,154.91062927246094,156.4722442626953,1932959.0,SPG,1d
2013-06-04 00:00:00+00:00,107.89645385742188,155.84194946289062,157.4506072998047,155.4092254638672,157.02728271484375,1418892.0,SPG,1d
2013-06-05 00:00:00+00:00,106.76313781738281,154.205078125,156.11477661132812,153.7064971923828,155.25869750976562,1206186.0,SPG,1d
2013-06-06 00:00:00+00:00,108.48263549804688,156.68861389160156,156.84854125976562,153.05738830566406,153.98870849609375,1303557.0,SPG,1d
2013-06-07 00:00:00+00:00,108.93853759765625,157.34713745117188,157.8833465576172,154.64723205566406,157.56350708007812,1433030.0,SPG,1d
2013-06-10 00:00:00+00:00,107.64239501953125,155.47506713867188,157.9115753173828,155.10818481445312,157.384765625,986996.0,SPG,1d
2013-06-11 00:00:00+00:00,105.65593719482422,152.6058349609375,155.3621826171875,152.59642028808594,154.1204071044922,1395294.0,SPG,1d
2013-06-12 00:00:00+00:00,103.99505615234375,150.2069549560547,153.5747833251953,149.59548950195312,153.4713134765625,1763836.0,SPG,1d
2013-06-13 00:00:00+00:00,107.53167724609375,155.3151397705078,155.92662048339844,149.44496154785156,150.32925415039062,1979093.0,SPG,1d
2013-06-14 00:00:00+00:00,108.15043640136719,156.20884704589844,158.3160858154297,154.57196044921875,155.3151397705078,1581106.0,SPG,1d
2013-06-17 00:00:00+00:00,109.74614715576172,158.51364135742188,158.94638061523438,156.1335906982422,157.3094940185547,1912231.0,SPG,1d
2013-06-18 00:00:00+00:00,108.96460723876953,157.384765625,158.6453399658203,156.93321228027344,158.38194274902344,1528169.0,SPG,1d
2013-06-19 00:00:00+00:00,105.85127258300781,152.88804626464844,157.93038940429688,150.89369201660156,157.4882354736328,2212422.0,SPG,1d
2013-06-20 00:00:00+00:00,100.67987823486328,145.4186248779297,151.37347412109375,144.57196044921875,151.27940368652344,3090566.0,SPG,1d
2013-06-21 00:00:00+00:00,101.98252868652344,147.3000946044922,149.39793395996094,145.23988342285156,146.5757293701172,2928990.0,SPG,1d
2013-06-24 00:00:00+00:00,100.94043731689453,145.794921875,149.63311767578125,143.01034545898438,145.66322326660156,2998829.0,SPG,1d
2013-06-25 00:00:00+00:00,102.14534759521484,147.5352783203125,148.4571990966797,145.81373596191406,146.9520263671875,2259832.0,SPG,1d
2013-06-26 00:00:00+00:00,103.08324432373047,148.8899383544922,150.46095275878906,148.1749725341797,148.87112426757812,1701757.0,SPG,1d
2013-06-27 00:00:00+00:00,104.65289306640625,151.1571044921875,151.33584594726562,149.69895935058594,149.75540161132812,1796364.0,SPG,1d
2013-06-28 00:00:00+00:00,102.85528564453125,148.56068420410156,154.8730010986328,148.56068420410156,151.57102966308594,2160866.0,SPG,1d
2013-07-01 00:00:00+00:00,102.67942810058594,148.3066864013672,150.5738525390625,148.00564575195312,149.7648162841797,1374246.0,SPG,1d
2013-07-02 00:00:00+00:00,105.92295837402344,152.9915313720703,153.03857421875,148.3066864013672,148.3160858154297,2555346.0,SPG,1d
2013-07-03 00:00:00+00:00,103.5456771850586,149.557861328125,151.4957733154297,148.52304077148438,151.4957733154297,1251683.0,SPG,1d
2013-07-05 00:00:00+00:00,103.86479949951172,150.01881408691406,150.27281188964844,147.1025390625,149.57667541503906,1304514.0,SPG,1d
2013-07-08 00:00:00+00:00,103.7020034790039,149.78363037109375,151.66510009765625,149.60488891601562,150.3856964111328,1289951.0,SPG,1d
2013-07-09 00:00:00+00:00,105.33025360107422,152.13546752929688,152.44590759277344,149.87770080566406,150.95013427734375,1254553.0,SPG,1d
2013-07-10 00:00:00+00:00,104.73106384277344,151.26998901367188,152.13546752929688,149.6143035888672,152.13546752929688,974133.0,SPG,1d
2013-07-11 00:00:00+00:00,106.8608627319336,154.34619140625,155.2681121826172,153.40545654296875,154.22389221191406,1499999.0,SPG,1d
2013-07-12 00:00:00+00:00,106.16390991210938,153.339599609375,155.20225524902344,152.58702087402344,154.65663146972656,1057685.0,SPG,1d
2013-07-15 00:00:00+00:00,106.09880828857422,153.2455291748047,154.02633666992188,152.6058349609375,152.96331787109375,911629.0,SPG,1d
2013-07-16 00:00:00+00:00,106.16390991210938,153.339599609375,153.9604949951172,152.68109130859375,153.26434326171875,1329813.0,SPG,1d
2013-07-17 00:00:00+00:00,106.03368377685547,153.15145874023438,153.7723388671875,152.44590759277344,153.5747833251953,820955.0,SPG,1d
2013-07-18 00:00:00+00:00,107.28421020507812,154.95767211914062,154.95767211914062,153.06678771972656,153.06678771972656,1429204.0,SPG,1d
2013-07-19 00:00:00+00:00,107.44049072265625,155.18344116210938,155.49388122558594,153.93226623535156,154.67544555664062,1203210.0,SPG,1d
2013-07-22 00:00:00+00:00,108.15043640136719,156.20884704589844,156.31231689453125,154.76011657714844,155.2681121826172,749415.0,SPG,1d
2013-07-23 00:00:00+00:00,108.1048355102539,156.1429901123047,157.1025390625,154.94825744628906,156.99905395507812,873680.0,SPG,1d
2013-07-24 00:00:00+00:00,107.08231353759766,154.66604614257812,156.7262420654297,153.29257202148438,156.10536193847656,1863652.0,SPG,1d
2013-07-25 00:00:00+00:00,106.67848205566406,154.08277893066406,154.4402618408203,153.12322998046875,153.80996704101562,1668166.0,SPG,1d
2013-07-26 00:00:00+00:00,107.16695404052734,154.788330078125,154.81655883789062,152.49295043945312,153.68768310546875,921940.0,SPG,1d
2013-07-29 00:00:00+00:00,106.19650268554688,153.3866424560547,155.96424865722656,153.12322998046875,155.63499450683594,926830.0,SPG,1d
2013-07-30 00:00:00+00:00,105.33025360107422,152.13546752929688,155.7384796142578,151.62747192382812,154.41204833984375,1052051.0,SPG,1d
2013-07-31 00:00:00+00:00,104.24909973144531,150.5738525390625,153.12322998046875,149.10630798339844,152.39886474609375,2209339.0,SPG,1d
2013-08-01 00:00:00+00:00,103.53916931152344,149.54844665527344,151.8344268798828,148.68296813964844,151.2982177734375,1482672.0,SPG,1d
2013-08-02 00:00:00+00:00,102.65335845947266,148.26904296875,149.88711547851562,148.00564575195312,149.63311767578125,1100843.0,SPG,1d
2013-08-05 00:00:00+00:00,102.19744873046875,147.61053466796875,148.3066864013672,147.1025390625,148.22201538085938,814364.0,SPG,1d
2013-08-06 00:00:00+00:00,101.83273315429688,147.08372497558594,148.0338592529297,146.48165893554688,146.97084045410156,792892.0,SPG,1d
2013-08-07 00:00:00+00:00,102.1648941040039,147.56350708007812,147.72341918945312,145.8889923095703,146.8579559326172,935440.0,SPG,1d
2013-08-08 00:00:00+00:00,101.83273315429688,147.08372497558594,148.25022888183594,146.5757293701172,147.9209747314453,901849.0,SPG,1d
2013-08-09 00:00:00+00:00,102.87480163574219,148.58889770507812,149.59548950195312,146.91439819335938,147.14016723632812,966692.0,SPG,1d
2013-08-12 00:00:00+00:00,102.4449462890625,147.968017578125,148.3160858154297,147.0084686279297,148.25022888183594,991992.0,SPG,1d
2013-08-13 00:00:00+00:00,101.08370971679688,146.0018768310547,148.12794494628906,145.29632568359375,148.1185302734375,1030791.0,SPG,1d
2013-08-14 00:00:00+00:00,100.225341796875,143.621826171875,145.58795166015625,143.4713134765625,145.3151397705078,1140068.0,SPG,1d
2013-08-15 00:00:00+00:00,98.2690200805664,140.8184356689453,142.91627502441406,140.36688232421875,142.43649291992188,1451314.0,SPG,1d
2013-08-16 00:00:00+00:00,95.38703155517578,136.68861389160156,140.8184356689453,136.19003295898438,140.3386688232422,1862695.0,SPG,1d
2013-08-19 00:00:00+00:00,94.02157592773438,134.7318878173828,136.59454345703125,134.71307373046875,136.11477661132812,1588228.0,SPG,1d
2013-08-20 00:00:00+00:00,95.80060577392578,137.28128051757812,138.42897033691406,134.788330078125,135.2210693359375,1336616.0,SPG,1d
2013-08-21 00:00:00+00:00,95.15728759765625,136.35935974121094,138.66415405273438,135.67262268066406,136.9049835205078,1538799.0,SPG,1d
2013-08-22 00:00:00+00:00,96.08293914794922,137.685791015625,137.7328338623047,135.47506713867188,136.73565673828125,1329069.0,SPG,1d
2013-08-23 00:00:00+00:00,96.83130645751953,138.7582244873047,140.583251953125,137.7798614501953,140.583251953125,1576323.0,SPG,1d
2013-08-26 00:00:00+00:00,96.5884017944336,138.41015625,139.52963256835938,138.0338592529297,138.95578002929688,921727.0,SPG,1d
2013-08-27 00:00:00+00:00,95.6759033203125,137.1025390625,138.0338592529297,136.59454345703125,137.57290649414062,1537736.0,SPG,1d
2013-08-28 00:00:00+00:00,95.36735534667969,136.660400390625,137.4506072998047,136.06773376464844,137.3941650390625,1258167.0,SPG,1d
2013-08-29 00:00:00+00:00,96.06977081298828,137.66697692871094,137.78927612304688,135.46566772460938,135.9924774169922,1294309.0,SPG,1d
2013-08-30 00:00:00+00:00,95.60369873046875,136.99905395507812,138.5418701171875,136.34996032714844,137.90216064453125,1756926.0,SPG,1d
2013-09-03 00:00:00+00:00,94.82244110107422,135.8795928955078,138.00564575195312,134.64723205566406,137.57290649414062,1572283.0,SPG,1d
2013-09-04 00:00:00+00:00,94.90779876708984,136.0018768310547,137.11195373535156,134.91062927246094,135.7384796142578,1639996.0,SPG,1d
2013-09-05 00:00:00+00:00,93.57514190673828,134.09219360351562,136.53810119628906,134.02633666992188,135.9924774169922,1328112.0,SPG,1d
2013-09-06 00:00:00+00:00,95.15071868896484,136.34996032714844,137.826904296875,135.97366333007812,135.97366333007812,1522748.0,SPG,1d
2013-09-09 00:00:00+00:00,97.44840240478516,139.64251708984375,139.64251708984375,136.73565673828125,136.91439819335938,2007794.0,SPG,1d
2013-09-10 00:00:00+00:00,97.63876342773438,139.9153289794922,141.1100616455078,139.30386352539062,140.47976684570312,1425696.0,SPG,1d
2013-09-11 00:00:00+00:00,97.89480590820312,140.2822265625,140.35748291015625,139.38851928710938,139.7177734375,1237438.0,SPG,1d
2013-09-12 00:00:00+00:00,97.35648345947266,139.5108184814453,141.28880310058594,139.3320770263672,140.30104064941406,1060555.0,SPG,1d
2013-09-13 00:00:00+00:00,97.50088500976562,139.7177734375,140.41392517089844,139.4261474609375,139.7648162841797,966586.0,SPG,1d
2013-09-16 00:00:00+00:00,99.59510040283203,142.71871948242188,143.34901428222656,141.7967987060547,142.5587921142578,1479802.0,SPG,1d
2013-09-17 00:00:00+00:00,99.41130828857422,142.455322265625,143.7064971923828,141.86265563964844,142.43649291992188,1560059.0,SPG,1d
2013-09-18 00:00:00+00:00,101.40043640136719,145.3057403564453,145.34336853027344,139.59548950195312,142.06021118164062,3081318.0,SPG,1d
2013-09-19 00:00:00+00:00,101.43984985351562,145.3621826171875,148.0620880126953,145.33395385742188,146.01129150390625,2469987.0,SPG,1d
2013-09-20 00:00:00+00:00,99.1290054321289,142.05079650878906,145.83255004882812,142.05079650878906,145.3621826171875,2307667.0,SPG,1d
2013-09-23 00:00:00+00:00,99.3193588256836,142.3236083984375,143.08560180664062,141.1100616455078,141.8344268798828,1423038.0,SPG,1d
2013-09-24 00:00:00+00:00,98.47251892089844,141.1100616455078,142.3236083984375,141.05361938476562,141.7967987060547,1310785.0,SPG,1d
2013-09-25 00:00:00+00:00,98.63006591796875,141.33584594726562,142.73753356933594,140.14111328125,141.20413208007812,926192.0,SPG,1d
2013-09-26 00:00:00+00:00,99.3062515258789,142.30479431152344,142.35183715820312,141.1006622314453,141.2982177734375,1179080.0,SPG,1d
2013-09-27 00:00:00+00:00,98.53814697265625,141.20413208007812,142.3706512451172,140.31985473632812,141.74977111816406,1141875.0,SPG,1d
2013-09-30 00:00:00+00:00,97.31050872802734,139.44496154785156,141.77798461914062,138.7582244873047,140.03762817382812,1275494.0,SPG,1d
2013-10-01 00:00:00+00:00,98.17051696777344,140.6773223876953,143.16085815429688,139.00282287597656,139.63311767578125,1433030.0,SPG,1d
2013-10-02 00:00:00+00:00,99.51634216308594,142.6058349609375,142.615234375,139.7648162841797,139.89651489257812,1462582.0,SPG,1d
2013-10-03 00:00:00+00:00,97.67159271240234,139.96237182617188,142.615234375,139.0686798095703,141.7873992919922,1582276.0,SPG,1d
2013-10-04 00:00:00+00:00,97.9276351928711,140.32925415039062,140.865478515625,139.05926513671875,140.13169860839844,1111048.0,SPG,1d
2013-10-07 00:00:00+00:00,99.16838073730469,142.10723876953125,142.73753356933594,138.85231018066406,138.95578002929688,1393274.0,SPG,1d
2013-10-08 00:00:00+00:00,97.84225463867188,140.2069549560547,142.5117645263672,140.12229919433594,142.031982421875,1044504.0,SPG,1d
2013-10-09 00:00:00+00:00,97.98670196533203,140.41392517089844,141.8250274658203,139.72718811035156,140.90310668945312,1085217.0,SPG,1d
2013-10-10 00:00:00+00:00,100.27786254882812,143.69708251953125,143.7158966064453,140.865478515625,141.20413208007812,1313230.0,SPG,1d
2013-10-11 00:00:00+00:00,101.09186553955078,144.86358642578125,144.93885803222656,142.85983276367188,143.1044158935547,1150804.0,SPG,1d
2013-10-14 00:00:00+00:00,101.30853271484375,145.17404174804688,145.5691375732422,143.46189880371094,143.90403747558594,1169513.0,SPG,1d
2013-10-15 00:00:00+00:00,101.05250549316406,144.80714416503906,146.20884704589844,143.9981231689453,144.75070190429688,1260399.0,SPG,1d
2013-10-16 00:00:00+00:00,103.18604278564453,147.86453247070312,148.0244598388672,144.95767211914062,145.24929809570312,1417936.0,SPG,1d
2013-10-17 00:00:00+00:00,104.11830139160156,149.20037841796875,149.63311767578125,146.70742797851562,147.5823211669922,1530614.0,SPG,1d
2013-10-18 00:00:00+00:00,103.73094177246094,148.6453399658203,150.5174102783203,148.43838500976562,149.9906005859375,1302707.0,SPG,1d
2013-10-21 00:00:00+00:00,102.91690826416016,147.4788360595703,148.5042266845703,146.69802856445312,148.5042266845703,1314825.0,SPG,1d
2013-10-22 00:00:00+00:00,104.87321472167969,150.2822265625,150.76199340820312,148.22201538085938,148.23141479492188,1504145.0,SPG,1d
2013-10-23 00:00:00+00:00,104.24955749511719,149.38851928710938,150.39511108398438,148.47601318359375,149.4731903076172,1404861.0,SPG,1d
2013-10-24 00:00:00+00:00,105.3655776977539,150.98776245117188,150.98776245117188,148.6923828125,149.43556213378906,1442385.0,SPG,1d
2013-10-25 00:00:00+00:00,104.84038543701172,150.2351837158203,152.38946533203125,148.62652587890625,151.57102966308594,1551661.0,SPG,1d
2013-10-28 00:00:00+00:00,103.4289779663086,148.2126007080078,150.42332458496094,147.64816284179688,150.42332458496094,1383495.0,SPG,1d
2013-10-29 00:00:00+00:00,102.8578109741211,147.3941650390625,148.7864532470703,146.68861389160156,148.2126007080078,1229041.0,SPG,1d
2013-10-30 00:00:00+00:00,102.31951141357422,146.62277221679688,148.1749725341797,145.87017822265625,146.80149841308594,1274643.0,SPG,1d
2013-10-31 00:00:00+00:00,101.45951080322266,145.39041137695312,147.65757751464844,145.08937072753906,146.7168426513672,1636701.0,SPG,1d
2013-11-01 00:00:00+00:00,102.80529022216797,147.31890869140625,147.4506072998047,145.38099670410156,146.10536193847656,1408794.0,SPG,1d
2013-11-04 00:00:00+00:00,103.14669799804688,147.80809020996094,147.80809020996094,145.91722106933594,147.5823211669922,1148465.0,SPG,1d
2013-11-05 00:00:00+00:00,101.89280700683594,146.01129150390625,147.0554962158203,145.82313537597656,146.62277221679688,1212245.0,SPG,1d
2013-11-06 00:00:00+00:00,102.51644897460938,146.9049835205078,147.84571838378906,146.4346160888672,146.74505615234375,1104882.0,SPG,1d
2013-11-07 00:00:00+00:00,101.96501922607422,146.11477661132812,147.71401977539062,145.65380859375,147.544677734375,1439940.0,SPG,1d
2013-11-08 00:00:00+00:00,100.44855499267578,143.94168090820312,145.14581298828125,142.1824951171875,145.14581298828125,1566649.0,SPG,1d
2013-11-11 00:00:00+00:00,100.10059356689453,143.44308471679688,144.62840270996094,143.2831573486328,144.1392364501953,972432.0,SPG,1d
2013-11-12 00:00:00+00:00,98.34122467041016,140.9219207763672,143.22671508789062,140.3480682373047,142.82220458984375,1601091.0,SPG,1d
2013-11-13 00:00:00+00:00,99.1063461303711,140.8090362548828,140.8090362548828,138.76763916015625,139.3697052001953,1545602.0,SPG,1d
2013-11-14 00:00:00+00:00,100.68220520019531,143.0479736328125,143.58419799804688,140.62088012695312,140.6396942138672,1423251.0,SPG,1d
2013-11-15 00:00:00+00:00,101.655517578125,144.4308624267578,144.53433227539062,142.53057861328125,142.53057861328125,1718233.0,SPG,1d
2013-11-18 00:00:00+00:00,100.93383026123047,143.40545654296875,145.0235137939453,143.26434326171875,144.4402618408203,1260187.0,SPG,1d
2013-11-19 00:00:00+00:00,100.72193908691406,143.1044158935547,144.22389221191406,142.1166534423828,143.1890869140625,1135816.0,SPG,1d
2013-11-20 00:00:00+00:00,99.35134887695312,141.1571044921875,144.3932342529297,140.94073486328125,143.16085815429688,1137197.0,SPG,1d
2013-11-21 00:00:00+00:00,99.77511596679688,141.75917053222656,142.04139709472656,140.64910888671875,141.38287353515625,959676.0,SPG,1d
2013-11-22 00:00:00+00:00,99.04015350341797,140.71495056152344,142.06961059570312,140.32925415039062,142.06021118164062,869215.0,SPG,1d
2013-11-25 00:00:00+00:00,98.55017852783203,140.01881408691406,141.42991638183594,139.82125854492188,141.26058959960938,964460.0,SPG,1d
2013-11-26 00:00:00+00:00,99.40431213378906,141.23236083984375,141.71212768554688,139.58607482910156,140.18814086914062,1722698.0,SPG,1d
2013-11-27 00:00:00+00:00,100.4637222290039,142.73753356933594,142.92567443847656,141.13829040527344,141.56161499023438,1605236.0,SPG,1d
2013-11-29 00:00:00+00:00,99.21890258789062,140.96896362304688,143.45249938964844,140.95013427734375,143.01034545898438,938523.0,SPG,1d
2013-12-02 00:00:00+00:00,98.55017852783203,140.01881408691406,142.1824951171875,139.77423095703125,142.1824951171875,1562929.0,SPG,1d
2013-12-03 00:00:00+00:00,98.5700454711914,140.0470428466797,140.79962158203125,139.25682067871094,139.59548950195312,1204698.0,SPG,1d
2013-12-04 00:00:00+00:00,98.89448547363281,140.50799560546875,141.0724334716797,138.80526733398438,138.88052368164062,1299411.0,SPG,1d
2013-12-05 00:00:00+00:00,99.84793853759766,141.86265563964844,142.0790252685547,139.416748046875,140.0846710205078,1616717.0,SPG,1d
2013-12-06 00:00:00+00:00,101.13907623291016,143.69708251953125,143.72531127929688,142.2295379638672,143.02915954589844,1363935.0,SPG,1d
2013-12-09 00:00:00+00:00,101.79456329345703,144.62840270996094,144.70367431640625,142.75634765625,143.93226623535156,1301006.0,SPG,1d
2013-12-10 00:00:00+00:00,101.38404846191406,144.04515075683594,145.4186248779297,144.0075225830078,144.82595825195312,1298561.0,SPG,1d
2013-12-11 00:00:00+00:00,99.60956573486328,141.52398681640625,144.70367431640625,141.46754455566406,144.28033447265625,1670292.0,SPG,1d
2013-12-12 00:00:00+00:00,98.23898315429688,139.57667541503906,141.76858520507812,139.5672607421875,141.58042907714844,1666784.0,SPG,1d
2013-12-13 00:00:00+00:00,100.39750671386719,142.64346313476562,145.82313537597656,142.2295379638672,142.83160400390625,2636240.0,SPG,1d
2013-12-16 00:00:00+00:00,100.82786560058594,143.25494384765625,143.4242706298828,141.42050170898438,142.56820678710938,1861207.0,SPG,1d
2013-12-17 00:00:00+00:00,101.03975677490234,143.55596923828125,143.97930908203125,142.73753356933594,143.00094604492188,1619162.0,SPG,1d
2013-12-18 00:00:00+00:00,102.67523193359375,145.8795928955078,146.50987243652344,141.90968322753906,143.30197143554688,2744135.0,SPG,1d
2013-12-19 00:00:00+00:00,101.96672821044922,144.8730010986328,145.78550720214844,143.69708251953125,145.71966552734375,1836651.0,SPG,1d
2013-12-20 00:00:00+00:00,102.43681335449219,145.54092407226562,145.61618041992188,144.33677673339844,144.57196044921875,2509105.0,SPG,1d
2013-12-23 00:00:00+00:00,101.94022369384766,144.8353729248047,146.62277221679688,144.50611877441406,146.26528930664062,1456416.0,SPG,1d
2013-12-24 00:00:00+00:00,102.04617309570312,144.9858856201172,145.76669311523438,144.17686462402344,145.23048400878906,462937.0,SPG,1d
2013-12-26 00:00:00+00:00,102.11900329589844,145.08937072753906,146.26528930664062,144.4026336669922,145.17404174804688,735065.0,SPG,1d
2013-12-27 00:00:00+00:00,101.45028686523438,144.1392364501953,144.53433227539062,143.3960418701172,144.16744995117188,1190985.0,SPG,1d
2013-12-30 00:00:00+00:00,101.56946563720703,144.30856323242188,145.71966552734375,143.95108032226562,144.42144775390625,934909.0,SPG,1d
2013-12-31 00:00:00+00:00,100.74842071533203,143.1420440673828,144.76011657714844,142.62464904785156,144.33677673339844,1657111.0,SPG,1d
2014-01-02 00:00:00+00:00,100.70205688476562,143.07620239257812,144.18626403808594,142.06961059570312,143.35841369628906,1465346.0,SPG,1d
2014-01-03 00:00:00+00:00,101.93360137939453,144.82595825195312,145.39041137695312,142.57760620117188,143.12322998046875,1215541.0,SPG,1d
2014-01-06 00:00:00+00:00,102.62223052978516,145.8043212890625,146.19943237304688,144.67544555664062,144.90122985839844,1563567.0,SPG,1d
2014-01-07 00:00:00+00:00,102.54939270019531,145.7008514404297,146.7544708251953,144.5907745361328,145.8043212890625,1765324.0,SPG,1d
2014-01-08 00:00:00+00:00,102.19847106933594,145.20225524902344,146.0865478515625,144.0545654296875,145.61618041992188,1784139.0,SPG,1d
2014-01-09 00:00:00+00:00,102.09915924072266,145.06114196777344,145.65380859375,143.75352478027344,145.13641357421875,1376054.0,SPG,1d
2014-01-10 00:00:00+00:00,103.09231567382812,146.4722442626953,146.88616943359375,145.6067657470703,146.01129150390625,1665721.0,SPG,1d
2014-01-13 00:00:00+00:00,102.74142456054688,145.97366333007812,147.3283233642578,145.46566772460938,145.48448181152344,1326305.0,SPG,1d
2014-01-14 00:00:00+00:00,103.44989776611328,146.98023986816406,147.3094940185547,145.34336853027344,145.96424865722656,1502125.0,SPG,1d
2014-01-15 00:00:00+00:00,104.07225799560547,147.86453247070312,148.5418701171875,146.1712188720703,146.98023986816406,1588228.0,SPG,1d
2014-01-16 00:00:00+00:00,104.21795654296875,148.07150268554688,148.3537139892578,147.28128051757812,147.28128051757812,889412.0,SPG,1d
2014-01-17 00:00:00+00:00,103.76107025146484,147.42239379882812,148.36312866210938,146.82972717285156,148.0338592529297,1668272.0,SPG,1d
2014-01-21 00:00:00+00:00,104.55563354492188,148.55126953125,149.29444885253906,146.7262420654297,147.85513305664062,1797852.0,SPG,1d
2014-01-22 00:00:00+00:00,104.25770568847656,148.12794494628906,149.557861328125,147.9209747314453,148.8428955078125,1297923.0,SPG,1d
2014-01-23 00:00:00+00:00,103.3770523071289,146.87677001953125,148.53245544433594,146.34996032714844,147.42239379882812,1574835.0,SPG,1d
2014-01-24 00:00:00+00:00,101.43043518066406,144.1110076904297,146.54750061035156,144.1110076904297,146.4628448486328,2225284.0,SPG,1d
2014-01-27 00:00:00+00:00,100.59612274169922,142.92567443847656,145.1175994873047,142.24835205078125,144.22389221191406,1999397.0,SPG,1d
2014-01-28 00:00:00+00:00,100.67559051513672,143.03857421875,144.22389221191406,142.9068603515625,143.01976013183594,1348947.0,SPG,1d
2014-01-29 00:00:00+00:00,99.72875213623047,141.6933135986328,143.16085815429688,140.7337646484375,142.1260528564453,1951774.0,SPG,1d
2014-01-30 00:00:00+00:00,101.27149963378906,143.88522338867188,144.08277893066406,142.24835205078125,142.455322265625,1932109.0,SPG,1d
2014-01-31 00:00:00+00:00,102.52291870117188,145.66322326660156,146.74505615234375,143.2737579345703,143.94168090820312,2624866.0,SPG,1d
2014-02-03 00:00:00+00:00,100.09953308105469,142.2201385498047,144.96707153320312,141.81561279296875,144.96707153320312,2096768.0,SPG,1d
2014-02-04 00:00:00+00:00,101.57608032226562,144.31796264648438,144.61900329589844,141.4957733154297,142.4647216796875,1903302.0,SPG,1d
2014-02-05 00:00:00+00:00,101.92039489746094,144.80714416503906,145.1175994873047,143.3302001953125,143.93226623535156,1531677.0,SPG,1d
2014-02-06 00:00:00+00:00,102.84074401855469,146.11477661132812,146.53810119628906,144.57196044921875,144.788330078125,1512011.0,SPG,1d
2014-02-07 00:00:00+00:00,103.93324279785156,147.66697692871094,147.79867553710938,144.5531463623047,146.77328491210938,1690808.0,SPG,1d
2014-02-10 00:00:00+00:00,104.84033203125,148.95578002929688,149.57667541503906,147.41297912597656,148.109130859375,1523385.0,SPG,1d
2014-02-11 00:00:00+00:00,105.40974426269531,149.7648162841797,150.21636962890625,148.32550048828125,148.72059631347656,1577598.0,SPG,1d
2014-02-12 00:00:00+00:00,105.45568084716797,148.57949829101562,149.00282287597656,147.69520568847656,148.3160858154297,1133902.0,SPG,1d
2014-02-13 00:00:00+00:00,105.9831314086914,149.3226776123047,150.13169860839844,147.8175048828125,147.98683166503906,1170044.0,SPG,1d
2014-02-14 00:00:00+00:00,106.9579849243164,150.69613647460938,151.0159912109375,148.9840087890625,149.0780792236328,1069165.0,SPG,1d
2014-02-18 00:00:00+00:00,107.01139068603516,150.7714080810547,150.96896362304688,149.134521484375,150.7714080810547,1499999.0,SPG,1d
2014-02-19 00:00:00+00:00,106.95130920410156,150.68673706054688,152.1166534423828,150.0940704345703,150.14111328125,1347990.0,SPG,1d
2014-02-20 00:00:00+00:00,106.7777099609375,150.442138671875,151.4581298828125,149.557861328125,150.55503845214844,1126142.0,SPG,1d
2014-02-21 00:00:00+00:00,106.5373306274414,150.10348510742188,151.17591857910156,149.3226776123047,150.17874145507812,1293246.0,SPG,1d
2014-02-24 00:00:00+00:00,106.77100372314453,150.4327392578125,152.15428161621094,149.9435577392578,150.2822265625,1535929.0,SPG,1d
2014-02-25 00:00:00+00:00,106.4037857055664,149.9153289794922,150.96896362304688,149.64251708984375,150.50799560546875,1285911.0,SPG,1d
2014-02-26 00:00:00+00:00,107.53887176513672,151.51458740234375,151.90968322753906,150.46095275878906,151.006591796875,1533484.0,SPG,1d
2014-02-27 00:00:00+00:00,107.08485412597656,150.8748779296875,152.13546752929688,149.7930450439453,151.6933135986328,1229678.0,SPG,1d
2014-02-28 00:00:00+00:00,107.69244384765625,151.73095703125,152.56820678710938,150.70555114746094,150.8090362548828,2377931.0,SPG,1d
2014-03-03 00:00:00+00:00,108.12644958496094,152.34242248535156,152.47413635253906,150.7337646484375,151.05361938476562,1381794.0,SPG,1d
2014-03-04 00:00:00+00:00,109.74226379394531,154.61900329589844,154.90122985839844,153.4148712158203,153.9981231689453,1649245.0,SPG,1d
2014-03-05 00:00:00+00:00,109.57532501220703,154.38381958007812,154.75070190429688,152.6999053955078,154.6378173828125,1379349.0,SPG,1d
2014-03-06 00:00:00+00:00,109.21478271484375,153.87582397460938,155.1552276611328,153.1796875,155.1552276611328,1171107.0,SPG,1d
2014-03-07 00:00:00+00:00,107.97286224365234,152.1260528564453,153.88522338867188,150.61148071289062,153.64064025878906,1573027.0,SPG,1d
2014-03-10 00:00:00+00:00,107.4320297241211,151.3640594482422,152.5493927001953,150.583251953125,151.9755401611328,1308978.0,SPG,1d
2014-03-11 00:00:00+00:00,108.21993255615234,152.47413635253906,152.9445037841797,151.70272827148438,151.80621337890625,871660.0,SPG,1d
2014-03-12 00:00:00+00:00,108.34677124023438,152.65286254882812,153.3866424560547,151.8344268798828,151.8344268798828,1090851.0,SPG,1d
2014-03-13 00:00:00+00:00,107.99292755126953,152.15428161621094,153.1890869140625,151.56161499023438,153.12322998046875,928637.0,SPG,1d
2014-03-14 00:00:00+00:00,107.5455551147461,151.52398681640625,153.1796875,151.09124755859375,151.890869140625,1094040.0,SPG,1d
2014-03-17 00:00:00+00:00,108.64724731445312,153.07620239257812,153.61241149902344,152.0884246826172,152.173095703125,1328219.0,SPG,1d
2014-03-18 00:00:00+00:00,109.14803314208984,153.78175354003906,153.8664093017578,152.23895263671875,153.02915954589844,1005917.0,SPG,1d
2014-03-19 00:00:00+00:00,106.59077453613281,150.17874145507812,153.97930908203125,149.72718811035156,153.50894165039062,1682729.0,SPG,1d
2014-03-20 00:00:00+00:00,107.05144500732422,150.82785034179688,150.82785034179688,147.7704620361328,150.4327392578125,1748529.0,SPG,1d
2014-03-21 00:00:00+00:00,107.6857681274414,151.72154235839844,152.53057861328125,150.9219207763672,151.90968322753906,3037204.0,SPG,1d
2014-03-24 00:00:00+00:00,107.05144500732422,150.82785034179688,152.06961059570312,149.37911987304688,151.6462860107422,1134965.0,SPG,1d
2014-03-25 00:00:00+00:00,108.10643768310547,152.314208984375,152.9068603515625,150.69613647460938,151.90968322753906,1286549.0,SPG,1d
2014-03-26 00:00:00+00:00,106.50393676757812,150.0564422607422,153.0950164794922,150.0564422607422,152.73753356933594,1352030.0,SPG,1d
2014-03-27 00:00:00+00:00,107.75251770019531,151.81561279296875,151.85324096679688,149.20037841796875,149.92474365234375,1278364.0,SPG,1d
2014-03-28 00:00:00+00:00,109.40840911865234,154.1486358642578,154.1486358642578,152.29539489746094,152.56820678710938,1568138.0,SPG,1d
2014-03-31 00:00:00+00:00,109.50191497802734,154.28033447265625,155.06114196777344,152.71871948242188,154.3555908203125,1627134.0,SPG,1d
2014-04-01 00:00:00+00:00,110.11616516113281,155.14581298828125,155.34336853027344,153.51834106445312,154.1486358642578,1236482.0,SPG,1d
2014-04-02 00:00:00+00:00,109.81571960449219,154.7224884033203,155.1552276611328,153.72531127929688,154.75070190429688,1093827.0,SPG,1d
2014-04-03 00:00:00+00:00,109.76229095458984,154.64723205566406,155.39981079101562,153.59359741210938,155.39981079101562,928956.0,SPG,1d
2014-04-04 00:00:00+00:00,110.43000030517578,155.58795166015625,156.30291748046875,154.2897491455078,155.03292846679688,1466196.0,SPG,1d
2014-04-07 00:00:00+00:00,111.55839538574219,157.17779541015625,158.0620880126953,155.87017822265625,156.09596252441406,2149918.0,SPG,1d
2014-04-08 00:00:00+00:00,111.71192932128906,157.3941650390625,157.55409240722656,155.52210998535156,156.84854125976562,1317376.0,SPG,1d
2014-04-09 00:00:00+00:00,111.79206848144531,157.50704956054688,157.99623107910156,156.1806182861328,157.43179321289062,1267946.0,SPG,1d
2014-04-10 00:00:00+00:00,111.5450439453125,157.1589813232422,158.09971618652344,156.73565673828125,157.49765014648438,2179363.0,SPG,1d
2014-04-11 00:00:00+00:00,111.09098815917969,156.519287109375,158.18438720703125,156.27468872070312,156.27468872070312,2116539.0,SPG,1d
2014-04-14 00:00:00+00:00,112.22605895996094,158.1185302734375,158.22201538085938,156.97084045410156,157.1966094970703,1169619.0,SPG,1d
2014-04-15 00:00:00+00:00,113.47467803955078,159.87770080566406,160.4891815185547,158.109130859375,158.3443145751953,1935510.0,SPG,1d
2014-04-16 00:00:00+00:00,114.56969451904297,161.42050170898438,161.71212768554688,159.53904724121094,160.68673706054688,1356388.0,SPG,1d
2014-04-17 00:00:00+00:00,113.41458892822266,159.7930450439453,161.7873992919922,159.02163696289062,160.76199340820312,1973885.0,SPG,1d
2014-04-21 00:00:00+00:00,113.93540954589844,160.5268096923828,161.0159912109375,159.73658752441406,160.21636962890625,1228403.0,SPG,1d
2014-04-22 00:00:00+00:00,113.93540954589844,160.5268096923828,161.71212768554688,159.1251220703125,160.865478515625,1286762.0,SPG,1d
2014-04-23 00:00:00+00:00,114.0155029296875,160.6396942138672,160.99717712402344,159.46377563476562,160.53622436523438,1827403.0,SPG,1d
2014-04-24 00:00:00+00:00,114.26255798339844,160.98776245117188,161.51458740234375,160.17874145507812,160.8748779296875,1076925.0,SPG,1d
2014-04-25 00:00:00+00:00,113.88197326660156,160.45155334472656,161.60865783691406,160.2916259765625,161.04421997070312,1074693.0,SPG,1d
2014-04-28 00:00:00+00:00,114.4027328491211,161.18531799316406,161.61805725097656,159.4731903076172,160.9219207763672,1841648.0,SPG,1d
2014-04-29 00:00:00+00:00,114.9903335571289,162.01316833496094,162.59642028808594,160.45155334472656,161.33584594726562,1148253.0,SPG,1d
2014-04-30 00:00:00+00:00,115.64469909667969,162.93508911132812,162.9539031982422,161.60865783691406,162.04139709472656,1193324.0,SPG,1d
2014-05-01 00:00:00+00:00,115.94513702392578,163.35841369628906,163.61241149902344,161.41110229492188,162.83160400390625,992948.0,SPG,1d
2014-05-02 00:00:00+00:00,115.557861328125,162.8127899169922,164.12982177734375,161.77798461914062,162.87864685058594,1376798.0,SPG,1d
2014-05-05 00:00:00+00:00,116.21220397949219,163.73471069335938,163.73471069335938,161.80621337890625,161.9379119873047,872085.0,SPG,1d
2014-05-06 00:00:00+00:00,115.7782211303711,163.12322998046875,163.4242706298828,162.23895263671875,162.93508911132812,816065.0,SPG,1d
2014-05-07 00:00:00+00:00,117.3339614868164,165.3151397705078,165.5126953125,163.69708251953125,164.2615203857422,1573665.0,SPG,1d
2014-05-08 00:00:00+00:00,117.547607421875,165.61618041992188,166.20884704589844,165.09877014160156,165.5126953125,1323541.0,SPG,1d
2014-05-09 00:00:00+00:00,117.28053283691406,165.23988342285156,166.4628448486328,164.27093505859375,165.28692626953125,993161.0,SPG,1d
2014-05-12 00:00:00+00:00,117.547607421875,165.61618041992188,166.11477661132812,165.1269989013672,165.69143676757812,972220.0,SPG,1d
2014-05-13 00:00:00+00:00,116.57278442382812,164.24270629882812,166.80149841308594,163.9604949951172,165.9924774169922,1624796.0,SPG,1d
2014-05-14 00:00:00+00:00,117.28746032714844,163.94168090820312,164.2521209716797,163.00094604492188,163.29257202148438,1505633.0,SPG,1d
2014-05-15 00:00:00+00:00,117.69798278808594,164.51551818847656,164.67544555664062,163.00094604492188,163.73471069335938,1752249.0,SPG,1d
2014-05-16 00:00:00+00:00,118.53926849365234,165.69143676757812,165.69143676757812,163.79115295410156,164.1486358642578,1226277.0,SPG,1d
2014-05-19 00:00:00+00:00,118.12199401855469,165.10818481445312,166.660400390625,164.2615203857422,165.23048400878906,1038657.0,SPG,1d
2014-05-20 00:00:00+00:00,118.00089263916016,164.93885803222656,165.66322326660156,164.34619140625,165.10818481445312,950641.0,SPG,1d
2014-05-21 00:00:00+00:00,117.3749771118164,164.06396484375,166.35935974121094,164.02633666992188,166.0301055908203,1046205.0,SPG,1d
2014-05-22 00:00:00+00:00,117.11921691894531,163.7064971923828,164.85418701171875,163.6312255859375,164.18626403808594,1148678.0,SPG,1d
2014-05-23 00:00:00+00:00,117.95376586914062,164.8730010986328,165.070556640625,163.9604949951172,164.24270629882812,798419.0,SPG,1d
2014-05-27 00:00:00+00:00,118.8219223022461,166.0865478515625,166.1429901123047,164.38381958007812,165.32455444335938,1528488.0,SPG,1d
2014-05-28 00:00:00+00:00,118.41140747070312,165.5126953125,166.1335906982422,164.15805053710938,165.78550720214844,1470979.0,SPG,1d
2014-05-29 00:00:00+00:00,118.25209045410156,165.2899932861328,165.89999389648438,164.3699951171875,165.77999877929688,1190800.0,SPG,1d
2014-05-30 00:00:00+00:00,119.0891342163086,166.4600067138672,166.64999389648438,164.0399932861328,164.9199981689453,1976700.0,SPG,1d
2014-06-02 00:00:00+00:00,119.33235168457031,166.8000030517578,166.92999267578125,165.9499969482422,166.3300018310547,1589100.0,SPG,1d
2014-06-03 00:00:00+00:00,118.66700744628906,165.8699951171875,166.89999389648438,165.6300048828125,166.89999389648438,1072800.0,SPG,1d
2014-06-04 00:00:00+00:00,119.31090545654297,166.77000427246094,167.0,165.0500030517578,165.8000030517578,1352900.0,SPG,1d
2014-06-05 00:00:00+00:00,121.50725555419922,169.83999633789062,169.99000549316406,166.13999938964844,166.60000610351562,1551100.0,SPG,1d
2014-06-06 00:00:00+00:00,121.39276123046875,169.67999267578125,170.33999633789062,169.0,170.25,1529100.0,SPG,1d
2014-06-09 00:00:00+00:00,119.47547149658203,167.0,170.0,166.77000427246094,169.22000122070312,1354600.0,SPG,1d
2014-06-10 00:00:00+00:00,118.53108215332031,165.67999267578125,167.32000732421875,165.33999633789062,166.7100067138672,1778600.0,SPG,1d
2014-06-11 00:00:00+00:00,117.82284545898438,164.69000244140625,166.1999969482422,164.10000610351562,165.6699981689453,1272800.0,SPG,1d
2014-06-12 00:00:00+00:00,117.25048065185547,163.88999938964844,164.80999755859375,163.27999877929688,164.72000122070312,1304600.0,SPG,1d
2014-06-13 00:00:00+00:00,117.42935180664062,164.13999938964844,164.4199981689453,162.55999755859375,163.97000122070312,1569100.0,SPG,1d
2014-06-16 00:00:00+00:00,116.97866821289062,163.50999450683594,164.82000732421875,163.1199951171875,164.0,1100300.0,SPG,1d
2014-06-17 00:00:00+00:00,117.89435577392578,164.7899932861328,164.7899932861328,162.74000549316406,163.30999755859375,1436200.0,SPG,1d
2014-06-18 00:00:00+00:00,119.11772918701172,166.5,166.6699981689453,163.47999572753906,164.35000610351562,1378900.0,SPG,1d
2014-06-19 00:00:00+00:00,119.66862487792969,167.27000427246094,167.3300018310547,165.0500030517578,166.1300048828125,1407000.0,SPG,1d
2014-06-20 00:00:00+00:00,119.78308868408203,167.42999267578125,167.97999572753906,165.8800048828125,167.97999572753906,2385600.0,SPG,1d
2014-06-23 00:00:00+00:00,119.23226165771484,166.66000366210938,168.05999755859375,166.3300018310547,167.1699981689453,1182800.0,SPG,1d
2014-06-24 00:00:00+00:00,119.02471160888672,166.3699951171875,166.97999572753906,165.64999389648438,166.25,1378300.0,SPG,1d
2014-06-25 00:00:00+00:00,118.78865814208984,166.0399932861328,166.7100067138672,165.60000610351562,165.77000427246094,1066100.0,SPG,1d
2014-06-26 00:00:00+00:00,118.60980987548828,165.7899932861328,166.47000122070312,165.1199951171875,166.41000366210938,1143200.0,SPG,1d
2014-06-27 00:00:00+00:00,119.51836395263672,167.05999755859375,167.2899932861328,165.0800018310547,165.2100067138672,1731200.0,SPG,1d
2014-06-30 00:00:00+00:00,118.9603500366211,166.27999877929688,167.0,165.5399932861328,166.9600067138672,1248300.0,SPG,1d
2014-07-01 00:00:00+00:00,119.38960266113281,166.8800048828125,167.50999450683594,165.30999755859375,166.8699951171875,1093100.0,SPG,1d
2014-07-02 00:00:00+00:00,119.2894515991211,166.74000549316406,166.89999389648438,165.4499969482422,166.6999969482422,900200.0,SPG,1d
2014-07-03 00:00:00+00:00,118.85301971435547,166.1300048828125,166.67999267578125,164.94000244140625,166.67999267578125,831400.0,SPG,1d
2014-07-07 00:00:00+00:00,119.10342407226562,166.47999572753906,166.80999755859375,165.8000030517578,166.1300048828125,1324700.0,SPG,1d
2014-07-08 00:00:00+00:00,119.26799011230469,166.7100067138672,167.69000244140625,165.86000061035156,165.9499969482422,1183300.0,SPG,1d
2014-07-09 00:00:00+00:00,119.9476318359375,167.66000366210938,167.8699951171875,165.07000732421875,165.9600067138672,1360000.0,SPG,1d
2014-07-10 00:00:00+00:00,120.34825897216797,168.22000122070312,169.1300048828125,166.52999877929688,166.52999877929688,1026800.0,SPG,1d
2014-07-11 00:00:00+00:00,120.89915466308594,168.99000549316406,169.0800018310547,167.5500030517578,167.97000122070312,837700.0,SPG,1d
2014-07-14 00:00:00+00:00,121.19960021972656,169.41000366210938,169.58999633789062,168.39999389648438,169.10000610351562,982100.0,SPG,1d
2014-07-15 00:00:00+00:00,121.81490325927734,170.27000427246094,170.38999938964844,168.83999633789062,169.4499969482422,1160400.0,SPG,1d
2014-07-16 00:00:00+00:00,122.23700714111328,170.86000061035156,170.97999572753906,169.6199951171875,170.25,1264400.0,SPG,1d
2014-07-17 00:00:00+00:00,121.34272003173828,169.61000061035156,170.92999267578125,169.44000244140625,170.19000244140625,683600.0,SPG,1d
2014-07-18 00:00:00+00:00,122.358642578125,171.02999877929688,171.27000427246094,169.67999267578125,170.2899932861328,866700.0,SPG,1d
2014-07-21 00:00:00+00:00,121.91509246826172,170.41000366210938,170.8000030517578,169.6199951171875,170.8000030517578,913900.0,SPG,1d
2014-07-22 00:00:00+00:00,122.57328033447266,171.3300018310547,172.00999450683594,170.02999877929688,170.02999877929688,1491100.0,SPG,1d
2014-07-23 00:00:00+00:00,121.92220306396484,170.4199981689453,172.72000122070312,168.74000549316406,171.35000610351562,1873000.0,SPG,1d
2014-07-24 00:00:00+00:00,122.5589370727539,171.30999755859375,171.30999755859375,169.27999877929688,170.8800048828125,1479500.0,SPG,1d
2014-07-25 00:00:00+00:00,120.8848648071289,168.97000122070312,171.11000061035156,168.5500030517578,170.69000244140625,1140900.0,SPG,1d
2014-07-28 00:00:00+00:00,121.95797729492188,170.47000122070312,171.0,168.80999755859375,169.0,820500.0,SPG,1d
2014-07-29 00:00:00+00:00,121.6932373046875,170.10000610351562,171.00999450683594,169.6300048828125,170.2100067138672,979900.0,SPG,1d
2014-07-30 00:00:00+00:00,121.73619079589844,170.16000366210938,171.00999450683594,169.0,170.08999633789062,1217400.0,SPG,1d
2014-07-31 00:00:00+00:00,120.32681274414062,168.19000244140625,169.9600067138672,168.1300048828125,169.24000549316406,1293300.0,SPG,1d
2014-08-01 00:00:00+00:00,119.9548110961914,167.6699981689453,169.36000061035156,165.82000732421875,166.1300048828125,1428500.0,SPG,1d
2014-08-04 00:00:00+00:00,120.46272277832031,168.3800048828125,168.92999267578125,167.07000732421875,168.13999938964844,1228000.0,SPG,1d
2014-08-05 00:00:00+00:00,119.01757049560547,166.36000061035156,168.2899932861328,165.97999572753906,168.1999969482422,1440500.0,SPG,1d
2014-08-06 00:00:00+00:00,118.2592544555664,165.3000030517578,166.77000427246094,165.16000366210938,166.02999877929688,1569500.0,SPG,1d
2014-08-07 00:00:00+00:00,118.23780059814453,165.27000427246094,166.75999450683594,165.02000427246094,165.5800018310547,1721300.0,SPG,1d
2014-08-08 00:00:00+00:00,118.9603500366211,166.27999877929688,166.74000549316406,165.13999938964844,166.22000122070312,1628600.0,SPG,1d
2014-08-11 00:00:00+00:00,120.21949768066406,168.0399932861328,168.3800048828125,166.3000030517578,166.6300048828125,1097900.0,SPG,1d
2014-08-12 00:00:00+00:00,119.56842803955078,167.1300048828125,168.25999450683594,167.1199951171875,168.0500030517578,1250900.0,SPG,1d
2014-08-13 00:00:00+00:00,121.50801086425781,168.52000427246094,168.52000427246094,166.4499969482422,166.4499969482422,1455900.0,SPG,1d
2014-08-14 00:00:00+00:00,121.31334686279297,168.25,169.27999877929688,167.3699951171875,169.1300048828125,1189200.0,SPG,1d
2014-08-15 00:00:00+00:00,121.74595642089844,168.85000610351562,169.41000366210938,167.77000427246094,169.08999633789062,2295400.0,SPG,1d
2014-08-18 00:00:00+00:00,122.74824523925781,170.24000549316406,170.4199981689453,168.97999572753906,169.08999633789062,1020200.0,SPG,1d
2014-08-19 00:00:00+00:00,122.48141479492188,169.8699951171875,170.36000061035156,169.30999755859375,170.1999969482422,998300.0,SPG,1d
2014-08-20 00:00:00+00:00,122.95011138916016,170.52000427246094,171.0,168.77000427246094,169.8000030517578,794000.0,SPG,1d
2014-08-21 00:00:00+00:00,122.9068374633789,170.4600067138672,171.49000549316406,170.2899932861328,170.9600067138672,865100.0,SPG,1d
2014-08-22 00:00:00+00:00,122.15695190429688,169.4199981689453,170.86000061035156,169.27000427246094,170.19000244140625,1112400.0,SPG,1d
2014-08-25 00:00:00+00:00,122.00550842285156,169.2100067138672,170.27000427246094,168.7899932861328,169.89999389648438,943900.0,SPG,1d
2014-08-26 00:00:00+00:00,122.03438568115234,169.25,170.27999877929688,168.5500030517578,168.8699951171875,818700.0,SPG,1d
2014-08-27 00:00:00+00:00,122.22186279296875,169.50999450683594,169.75999450683594,168.75,169.25,639500.0,SPG,1d
2014-08-28 00:00:00+00:00,121.83969116210938,168.97999572753906,169.6699981689453,168.64999389648438,169.0800018310547,725700.0,SPG,1d
2014-08-29 00:00:00+00:00,122.59677124023438,170.02999877929688,170.42999267578125,168.97999572753906,169.60000610351562,1641300.0,SPG,1d
2014-09-02 00:00:00+00:00,122.66168212890625,170.1199951171875,170.74000549316406,169.6300048828125,170.6199951171875,940800.0,SPG,1d
2014-09-03 00:00:00+00:00,123.14472961425781,170.7899932861328,172.2100067138672,169.67999267578125,170.52999877929688,829900.0,SPG,1d
2014-09-04 00:00:00+00:00,122.7914810180664,170.3000030517578,172.07000732421875,169.86000061035156,170.75999450683594,1066000.0,SPG,1d
2014-09-05 00:00:00+00:00,124.86805725097656,173.17999267578125,173.30999755859375,170.58999633789062,170.80999755859375,1410000.0,SPG,1d
2014-09-08 00:00:00+00:00,124.29840850830078,172.38999938964844,173.22999572753906,172.1199951171875,172.86000061035156,877600.0,SPG,1d
2014-09-09 00:00:00+00:00,124.33447265625,172.44000244140625,172.9600067138672,171.6199951171875,172.0500030517578,1089500.0,SPG,1d
2014-09-10 00:00:00+00:00,122.88519287109375,170.42999267578125,172.77000427246094,170.0500030517578,172.11000061035156,1368900.0,SPG,1d
2014-09-11 00:00:00+00:00,122.51750946044922,169.9199981689453,170.99000549316406,169.3300018310547,170.3000030517578,1193500.0,SPG,1d
2014-09-12 00:00:00+00:00,119.33052825927734,165.5,169.5399932861328,164.1999969482422,169.49000549316406,2819600.0,SPG,1d
2014-09-15 00:00:00+00:00,119.35934448242188,165.5399932861328,166.22999572753906,164.44000244140625,165.52000427246094,1538200.0,SPG,1d
2014-09-16 00:00:00+00:00,120.57071685791016,167.22000122070312,168.2899932861328,165.4499969482422,165.94000244140625,1390900.0,SPG,1d
2014-09-17 00:00:00+00:00,120.7797622680664,167.50999450683594,169.17999267578125,166.5,166.5,1132200.0,SPG,1d
2014-09-18 00:00:00+00:00,119.70549011230469,166.02000427246094,168.1699981689453,165.36000061035156,168.1699981689453,1636500.0,SPG,1d
2014-09-19 00:00:00+00:00,119.50358581542969,165.74000549316406,166.9199981689453,165.5800018310547,166.49000549316406,2401700.0,SPG,1d
2014-09-22 00:00:00+00:00,119.07096099853516,165.13999938964844,166.0,164.63999938964844,165.75,1263900.0,SPG,1d
2014-09-23 00:00:00+00:00,118.49412536621094,164.33999633789062,166.19000244140625,164.33999633789062,165.25,1314700.0,SPG,1d
2014-09-24 00:00:00+00:00,117.9605484008789,163.60000610351562,165.94000244140625,163.3800048828125,164.10000610351562,1597200.0,SPG,1d
2014-09-25 00:00:00+00:00,117.3188705444336,162.7100067138672,164.25999450683594,162.49000549316406,163.5500030517578,1150800.0,SPG,1d
2014-09-26 00:00:00+00:00,118.7248764038086,164.66000366210938,165.07000732421875,162.42999267578125,162.88999938964844,921000.0,SPG,1d
2014-09-29 00:00:00+00:00,118.55184936523438,164.4199981689453,164.4600067138672,162.5,163.88999938964844,856800.0,SPG,1d
2014-09-30 00:00:00+00:00,118.55184936523438,164.4199981689453,165.14999389648438,163.1699981689453,164.6999969482422,1444900.0,SPG,1d
2014-10-01 00:00:00+00:00,118.9051284790039,164.91000366210938,165.92999267578125,163.88999938964844,164.2899932861328,1405600.0,SPG,1d
2014-10-02 00:00:00+00:00,118.60228729248047,164.49000549316406,165.58999633789062,163.41000366210938,164.7100067138672,1200600.0,SPG,1d
2014-10-03 00:00:00+00:00,119.55406188964844,165.80999755859375,165.9600067138672,164.02000427246094,164.64999389648438,983500.0,SPG,1d
2014-10-06 00:00:00+00:00,119.7631607055664,166.10000610351562,167.1699981689453,165.38999938964844,165.9499969482422,852900.0,SPG,1d
2014-10-07 00:00:00+00:00,118.52298736572266,164.3800048828125,165.92999267578125,164.33999633789062,165.2100067138672,899000.0,SPG,1d
2014-10-08 00:00:00+00:00,121.19798278808594,168.08999633789062,168.1699981689453,164.5,164.77999877929688,1484900.0,SPG,1d
2014-10-09 00:00:00+00:00,121.60897064208984,168.66000366210938,170.64999389648438,167.86000061035156,168.1999969482422,2010700.0,SPG,1d
2014-10-10 00:00:00+00:00,121.443115234375,168.42999267578125,171.07000732421875,168.41000366210938,169.5800018310547,1298600.0,SPG,1d
2014-10-13 00:00:00+00:00,120.75096130371094,167.47000122070312,169.77999877929688,167.39999389648438,168.41000366210938,1409900.0,SPG,1d
2014-10-14 00:00:00+00:00,122.3443832397461,169.67999267578125,170.75,167.47000122070312,168.17999267578125,1674600.0,SPG,1d
2014-10-15 00:00:00+00:00,119.6622085571289,165.9600067138672,169.1999969482422,165.60000610351562,169.1999969482422,3691000.0,SPG,1d
2014-10-16 00:00:00+00:00,119.88572692871094,166.27000427246094,166.8800048828125,164.1300048828125,164.75999450683594,1962100.0,SPG,1d
2014-10-17 00:00:00+00:00,121.43592071533203,168.4199981689453,168.6699981689453,165.22000122070312,166.9199981689453,1872400.0,SPG,1d
2014-10-20 00:00:00+00:00,122.8274917602539,170.35000610351562,170.4199981689453,168.1300048828125,168.6699981689453,1050300.0,SPG,1d
2014-10-21 00:00:00+00:00,124.03881072998047,172.02999877929688,172.02999877929688,170.0500030517578,170.3699951171875,1400700.0,SPG,1d
2014-10-22 00:00:00+00:00,123.61347198486328,171.44000244140625,173.91000366210938,171.27999877929688,172.33999633789062,1182000.0,SPG,1d
2014-10-23 00:00:00+00:00,124.33447265625,172.44000244140625,172.8800048828125,171.02000427246094,172.32000732421875,1419600.0,SPG,1d
2014-10-24 00:00:00+00:00,124.63728332519531,172.86000061035156,173.9499969482422,171.8699951171875,172.8000030517578,1326900.0,SPG,1d
2014-10-27 00:00:00+00:00,125.59628295898438,174.19000244140625,174.6999969482422,172.8800048828125,172.8800048828125,1093900.0,SPG,1d
2014-10-28 00:00:00+00:00,127.63679504394531,177.02000427246094,177.02000427246094,174.1199951171875,174.6999969482422,1797400.0,SPG,1d
2014-10-29 00:00:00+00:00,126.88690185546875,175.97999572753906,177.4499969482422,174.77999877929688,176.58999633789062,1660300.0,SPG,1d
2014-10-30 00:00:00+00:00,127.54302978515625,176.88999938964844,176.88999938964844,174.8699951171875,175.50999450683594,1007000.0,SPG,1d
2014-10-31 00:00:00+00:00,129.21583557128906,179.2100067138672,179.61000061035156,176.88999938964844,178.6699981689453,1584900.0,SPG,1d
2014-11-03 00:00:00+00:00,131.53033447265625,182.4199981689453,182.61000061035156,179.36000061035156,179.8000030517578,2472900.0,SPG,1d
2014-11-04 00:00:00+00:00,131.9701690673828,183.02999877929688,183.5,181.0500030517578,182.0,2453100.0,SPG,1d
2014-11-05 00:00:00+00:00,130.96795654296875,181.63999938964844,184.02999877929688,180.80999755859375,183.75999450683594,1341000.0,SPG,1d
2014-11-06 00:00:00+00:00,129.84317016601562,180.0800018310547,182.11000061035156,179.77999877929688,181.6699981689453,1209900.0,SPG,1d
2014-11-07 00:00:00+00:00,129.3816680908203,179.44000244140625,180.80999755859375,179.25999450683594,180.80999755859375,1374500.0,SPG,1d
2014-11-10 00:00:00+00:00,131.4221649169922,182.27000427246094,182.32000732421875,178.74000549316406,179.11000061035156,1385300.0,SPG,1d
2014-11-11 00:00:00+00:00,130.22532653808594,180.61000061035156,182.52000427246094,179.88999938964844,181.58999633789062,1226400.0,SPG,1d
2014-11-12 00:00:00+00:00,129.5063018798828,178.32000732421875,180.6199951171875,177.47000122070312,180.5,1439900.0,SPG,1d
2014-11-13 00:00:00+00:00,130.40684509277344,179.55999755859375,179.74000549316406,178.22000122070312,178.3300018310547,1179100.0,SPG,1d
2014-11-14 00:00:00+00:00,129.29568481445312,178.02999877929688,179.6999969482422,177.33999633789062,179.13999938964844,1037800.0,SPG,1d
2014-11-17 00:00:00+00:00,129.62246704101562,178.47999572753906,178.94000244140625,177.80999755859375,178.11000061035156,794800.0,SPG,1d
2014-11-18 00:00:00+00:00,130.1381378173828,179.19000244140625,179.60000610351562,178.00999450683594,178.8699951171875,808800.0,SPG,1d
2014-11-19 00:00:00+00:00,128.0900421142578,176.3699951171875,180.58999633789062,175.36000061035156,180.3800048828125,2069300.0,SPG,1d
2014-11-20 00:00:00+00:00,129.90573120117188,178.8699951171875,178.89999389648438,175.60000610351562,176.42999267578125,1957700.0,SPG,1d
2014-11-21 00:00:00+00:00,129.6007080078125,178.4499969482422,180.3000030517578,178.24000549316406,180.0,2077100.0,SPG,1d
2014-11-24 00:00:00+00:00,129.69508361816406,178.5800018310547,180.0399932861328,178.2100067138672,178.2100067138672,1711500.0,SPG,1d
2014-11-25 00:00:00+00:00,130.00741577148438,179.00999450683594,179.69000244140625,178.5,178.5800018310547,1894800.0,SPG,1d
2014-11-26 00:00:00+00:00,131.22752380371094,180.69000244140625,180.97999572753906,179.4499969482422,179.49000549316406,1071000.0,SPG,1d
2014-11-28 00:00:00+00:00,131.30740356445312,180.8000030517578,183.42999267578125,180.27000427246094,181.4600067138672,826700.0,SPG,1d
2014-12-01 00:00:00+00:00,131.00238037109375,180.3800048828125,182.58999633789062,180.1300048828125,180.3800048828125,1659700.0,SPG,1d
2014-12-02 00:00:00+00:00,132.0699920654297,181.85000610351562,182.0500030517578,179.39999389648438,180.64999389648438,1506500.0,SPG,1d
2014-12-03 00:00:00+00:00,131.88845825195312,181.60000610351562,182.25,180.89999389648438,181.88999938964844,1026100.0,SPG,1d
2014-12-04 00:00:00+00:00,132.21522521972656,182.0500030517578,182.39999389648438,180.2899932861328,181.7899932861328,927400.0,SPG,1d
2014-12-05 00:00:00+00:00,131.32920837402344,180.8300018310547,181.2899932861328,179.3000030517578,181.2899932861328,1342800.0,SPG,1d
2014-12-08 00:00:00+00:00,132.8035430908203,182.86000061035156,183.17999267578125,181.2100067138672,181.2100067138672,1284300.0,SPG,1d
2014-12-09 00:00:00+00:00,132.34593200683594,182.22999572753906,182.66000366210938,180.66000366210938,180.97000122070312,1069100.0,SPG,1d
2014-12-10 00:00:00+00:00,132.69456481933594,182.7100067138672,183.19000244140625,181.4499969482422,182.16000366210938,1203100.0,SPG,1d
2014-12-11 00:00:00+00:00,132.8035430908203,182.86000061035156,183.77999877929688,182.02000427246094,183.27000427246094,1553600.0,SPG,1d
2014-12-12 00:00:00+00:00,131.04598999023438,180.44000244140625,183.60000610351562,180.44000244140625,181.6699981689453,1595000.0,SPG,1d
2014-12-15 00:00:00+00:00,130.95877075195312,180.32000732421875,181.77000427246094,179.24000549316406,181.0,1468700.0,SPG,1d
2014-12-16 00:00:00+00:00,130.10906982421875,179.14999389648438,181.4199981689453,178.2899932861328,180.1300048828125,1359200.0,SPG,1d
2014-12-17 00:00:00+00:00,132.89064025878906,182.97999572753906,183.3000030517578,179.4600067138672,180.0,1356500.0,SPG,1d
2014-12-18 00:00:00+00:00,134.69906616210938,185.47000122070312,185.50999450683594,183.0,184.2899932861328,1292600.0,SPG,1d
2014-12-19 00:00:00+00:00,133.29010009765625,183.52999877929688,185.9499969482422,183.52999877929688,185.66000366210938,2765400.0,SPG,1d
2014-12-22 00:00:00+00:00,136.14425659179688,187.4600067138672,187.67999267578125,184.27000427246094,185.02999877929688,1245100.0,SPG,1d
2014-12-23 00:00:00+00:00,135.3308868408203,186.33999633789062,188.17999267578125,185.50999450683594,187.6199951171875,984000.0,SPG,1d
2014-12-24 00:00:00+00:00,134.4448699951172,185.1199951171875,187.47000122070312,184.8300018310547,186.60000610351562,1013700.0,SPG,1d
2014-12-26 00:00:00+00:00,134.08895874023438,184.6300048828125,186.42999267578125,184.5800018310547,185.3699951171875,637400.0,SPG,1d
2014-12-29 00:00:00+00:00,135.45431518554688,186.50999450683594,186.88999938964844,184.69000244140625,184.83999633789062,964500.0,SPG,1d
2014-12-30 00:00:00+00:00,134.7571563720703,185.5500030517578,186.82000732421875,185.11000061035156,185.99000549316406,702700.0,SPG,1d
2014-12-31 00:00:00+00:00,132.2587890625,182.11000061035156,187.10000610351562,182.10000610351562,186.19000244140625,1110600.0,SPG,1d
2015-01-02 00:00:00+00:00,134.60464477539062,185.33999633789062,185.57000732421875,182.97000122070312,183.14999389648438,1229100.0,SPG,1d
2015-01-05 00:00:00+00:00,135.15658569335938,186.10000610351562,186.72000122070312,183.8300018310547,185.5500030517578,1267300.0,SPG,1d
2015-01-06 00:00:00+00:00,138.9185791015625,191.27999877929688,192.27999877929688,186.89999389648438,187.19000244140625,2915600.0,SPG,1d
2015-01-07 00:00:00+00:00,141.47503662109375,194.8000030517578,194.9600067138672,190.8000030517578,191.9499969482422,2138400.0,SPG,1d
2015-01-08 00:00:00+00:00,141.2716522216797,194.52000427246094,195.67999267578125,193.33999633789062,195.1999969482422,1640900.0,SPG,1d
2015-01-09 00:00:00+00:00,142.76048278808594,196.57000732421875,196.6699981689453,194.22000122070312,194.9600067138672,1574100.0,SPG,1d
2015-01-12 00:00:00+00:00,142.89846801757812,196.75999450683594,197.63999938964844,196.10000610351562,196.8800048828125,1133200.0,SPG,1d
2015-01-13 00:00:00+00:00,142.99290466308594,196.88999938964844,198.02999877929688,195.92999267578125,196.80999755859375,1367900.0,SPG,1d
2015-01-14 00:00:00+00:00,144.25660705566406,198.6300048828125,199.02999877929688,195.30999755859375,195.86000061035156,1720900.0,SPG,1d
2015-01-15 00:00:00+00:00,145.3024139404297,200.07000732421875,200.4199981689453,198.05999755859375,199.16000366210938,1468400.0,SPG,1d
2015-01-16 00:00:00+00:00,145.8325958251953,200.8000030517578,201.02999877929688,198.3800048828125,200.4199981689453,1604600.0,SPG,1d
2015-01-20 00:00:00+00:00,144.9828643798828,199.6300048828125,201.86000061035156,199.0399932861328,201.3000030517578,1872000.0,SPG,1d
2015-01-21 00:00:00+00:00,145.411376953125,200.22000122070312,200.5500030517578,198.02999877929688,199.07000732421875,1199800.0,SPG,1d
2015-01-22 00:00:00+00:00,148.17837524414062,204.02999877929688,204.47000122070312,199.9199981689453,201.00999450683594,1432500.0,SPG,1d
2015-01-23 00:00:00+00:00,147.51022338867188,203.11000061035156,204.91000366210938,202.52000427246094,204.6199951171875,1245100.0,SPG,1d
2015-01-26 00:00:00+00:00,148.99903869628906,205.16000366210938,205.27000427246094,202.16000366210938,202.6300048828125,970200.0,SPG,1d
2015-01-27 00:00:00+00:00,148.65042114257812,204.67999267578125,205.67999267578125,203.69000244140625,204.3800048828125,992600.0,SPG,1d
2015-01-28 00:00:00+00:00,147.8007049560547,203.50999450683594,206.30999755859375,203.50999450683594,205.8000030517578,1615500.0,SPG,1d
2015-01-29 00:00:00+00:00,148.7085418701172,204.75999450683594,205.0500030517578,202.92999267578125,203.1699981689453,1255600.0,SPG,1d
2015-01-30 00:00:00+00:00,144.27838134765625,198.66000366210938,203.8699951171875,198.35000610351562,202.47000122070312,2183300.0,SPG,1d
2015-02-02 00:00:00+00:00,144.82305908203125,199.41000366210938,199.5800018310547,195.02000427246094,199.0399932861328,1617000.0,SPG,1d
2015-02-03 00:00:00+00:00,145.31692504882812,200.08999633789062,200.13999938964844,197.0,200.13999938964844,2119000.0,SPG,1d
2015-02-04 00:00:00+00:00,146.5806121826172,201.8300018310547,202.86000061035156,198.49000549316406,200.08999633789062,1716200.0,SPG,1d
2015-02-05 00:00:00+00:00,147.59011840820312,203.22000122070312,203.5,200.91000366210938,202.17999267578125,1055400.0,SPG,1d
2015-02-06 00:00:00+00:00,141.6783905029297,195.0800018310547,202.35000610351562,193.7100067138672,201.75,2347100.0,SPG,1d
2015-02-09 00:00:00+00:00,140.973876953125,194.11000061035156,196.47000122070312,193.77999877929688,195.63999938964844,859600.0,SPG,1d
2015-02-10 00:00:00+00:00,141.43869018554688,194.75,195.5,192.13999938964844,195.0,1894700.0,SPG,1d
2015-02-11 00:00:00+00:00,140.75840759277344,192.4199981689453,194.86000061035156,191.00999450683594,194.1699981689453,1281400.0,SPG,1d
2015-02-12 00:00:00+00:00,142.44090270996094,194.72000122070312,194.92999267578125,191.88999938964844,192.9199981689453,1238200.0,SPG,1d
2015-02-13 00:00:00+00:00,141.26316833496094,193.11000061035156,194.27999877929688,191.8000030517578,193.85000610351562,1016100.0,SPG,1d
2015-02-17 00:00:00+00:00,141.04373168945312,192.80999755859375,195.64999389648438,192.27000427246094,192.92999267578125,1006700.0,SPG,1d
2015-02-18 00:00:00+00:00,142.1190185546875,194.27999877929688,194.60000610351562,190.77000427246094,192.8800048828125,934700.0,SPG,1d
2015-02-19 00:00:00+00:00,138.84913635253906,189.80999755859375,193.77000427246094,189.35000610351562,193.30999755859375,1167100.0,SPG,1d
2015-02-20 00:00:00+00:00,140.3122100830078,191.80999755859375,192.1999969482422,189.1999969482422,189.3300018310547,1335200.0,SPG,1d
2015-02-23 00:00:00+00:00,141.62889099121094,193.61000061035156,193.8300018310547,191.69000244140625,192.19000244140625,755800.0,SPG,1d
2015-02-24 00:00:00+00:00,139.0320281982422,190.05999755859375,193.16000366210938,189.57000732421875,192.85000610351562,1367200.0,SPG,1d
2015-02-25 00:00:00+00:00,139.33924865722656,190.47999572753906,192.5,189.8000030517578,190.1199951171875,875300.0,SPG,1d
2015-02-26 00:00:00+00:00,136.89598083496094,187.13999938964844,190.47000122070312,187.1300048828125,190.02999877929688,1431600.0,SPG,1d
2015-02-27 00:00:00+00:00,139.25149536132812,190.36000061035156,191.4600067138672,186.7899932861328,187.88999938964844,2095100.0,SPG,1d
2015-03-02 00:00:00+00:00,139.01739501953125,190.0399932861328,192.92999267578125,189.52999877929688,190.49000549316406,1278700.0,SPG,1d
2015-03-03 00:00:00+00:00,138.7028350830078,189.61000061035156,190.08999633789062,188.1199951171875,189.2899932861328,1088700.0,SPG,1d
2015-03-04 00:00:00+00:00,137.20323181152344,187.55999755859375,189.8699951171875,187.16000366210938,189.5,1017400.0,SPG,1d
2015-03-05 00:00:00+00:00,136.88870239257812,187.1300048828125,189.39999389648438,186.99000549316406,188.1199951171875,1422800.0,SPG,1d
2015-03-06 00:00:00+00:00,132.09719848632812,180.5800018310547,183.9600067138672,180.1300048828125,183.9600067138672,2256900.0,SPG,1d
2015-03-09 00:00:00+00:00,131.99481201171875,180.44000244140625,183.22000122070312,180.2899932861328,181.82000732421875,2257900.0,SPG,1d
2015-03-10 00:00:00+00:00,131.6144561767578,179.9199981689453,181.64999389648438,179.1300048828125,180.02999877929688,2559700.0,SPG,1d
2015-03-11 00:00:00+00:00,131.19747924804688,179.35000610351562,180.61000061035156,178.83999633789062,179.69000244140625,1440400.0,SPG,1d
2015-03-12 00:00:00+00:00,134.30641174316406,183.60000610351562,183.6199951171875,180.14999389648438,180.14999389648438,1826900.0,SPG,1d
2015-03-13 00:00:00+00:00,134.5844268798828,183.97999572753906,185.0,182.32000732421875,183.33999633789062,2203100.0,SPG,1d
2015-03-16 00:00:00+00:00,136.84483337402344,187.07000732421875,187.97000122070312,184.3699951171875,185.14999389648438,1580200.0,SPG,1d
2015-03-17 00:00:00+00:00,136.1571807861328,186.1300048828125,187.35000610351562,185.3000030517578,186.1699981689453,1600300.0,SPG,1d
2015-03-18 00:00:00+00:00,140.0854034423828,191.5,191.6999969482422,185.32000732421875,186.0,1824000.0,SPG,1d
2015-03-19 00:00:00+00:00,140.52432250976562,192.10000610351562,192.64999389648438,190.47999572753906,190.83999633789062,2209400.0,SPG,1d
2015-03-20 00:00:00+00:00,144.35743713378906,197.33999633789062,197.55999755859375,193.02999877929688,194.08999633789062,2895000.0,SPG,1d
2015-03-23 00:00:00+00:00,144.50375366210938,197.5399932861328,199.08999633789062,195.8300018310547,197.32000732421875,2100700.0,SPG,1d
2015-03-24 00:00:00+00:00,143.98439025878906,196.8300018310547,198.27999877929688,196.32000732421875,197.47999572753906,1971400.0,SPG,1d
2015-03-25 00:00:00+00:00,142.02395629882812,194.14999389648438,197.9199981689453,193.13999938964844,197.36000061035156,1904400.0,SPG,1d
2015-03-26 00:00:00+00:00,140.92662048339844,192.64999389648438,193.97999572753906,191.6300048828125,192.69000244140625,1803100.0,SPG,1d
2015-03-27 00:00:00+00:00,142.10440063476562,194.25999450683594,194.97000122070312,192.00999450683594,192.3800048828125,1465100.0,SPG,1d
2015-03-30 00:00:00+00:00,144.08682250976562,196.97000122070312,197.4600067138672,194.07000732421875,194.8000030517578,1196900.0,SPG,1d
2015-03-31 00:00:00+00:00,143.11387634277344,195.63999938964844,197.91000366210938,194.97000122070312,196.5,1872600.0,SPG,1d
2015-04-01 00:00:00+00:00,144.83291625976562,197.99000549316406,198.5800018310547,194.00999450683594,195.82000732421875,2409400.0,SPG,1d
2015-04-02 00:00:00+00:00,145.83511352539062,199.36000061035156,200.97999572753906,198.5399932861328,200.0,1670400.0,SPG,1d
2015-04-06 00:00:00+00:00,146.88851928710938,200.8000030517578,202.27999877929688,199.47000122070312,199.8800048828125,1130200.0,SPG,1d
2015-04-07 00:00:00+00:00,145.05239868164062,198.2899932861328,200.86000061035156,198.2899932861328,200.25999450683594,987200.0,SPG,1d
2015-04-08 00:00:00+00:00,144.44528198242188,197.4600067138672,199.25,197.0800018310547,198.1300048828125,1240700.0,SPG,1d
2015-04-09 00:00:00+00:00,141.27780151367188,193.1300048828125,196.8699951171875,192.49000549316406,196.8699951171875,1753300.0,SPG,1d
2015-04-10 00:00:00+00:00,139.9171600341797,191.27000427246094,194.77000427246094,190.91000366210938,193.99000549316406,1903900.0,SPG,1d
2015-04-13 00:00:00+00:00,139.22955322265625,190.3300018310547,191.97000122070312,190.3300018310547,191.64999389648438,1371900.0,SPG,1d
2015-04-14 00:00:00+00:00,140.0269012451172,191.4199981689453,192.4600067138672,190.80999755859375,191.1699981689453,1508800.0,SPG,1d
2015-04-15 00:00:00+00:00,139.01739501953125,190.0399932861328,192.17999267578125,189.75999450683594,191.49000549316406,1104200.0,SPG,1d
2015-04-16 00:00:00+00:00,139.06126403808594,190.10000610351562,191.27000427246094,188.41000366210938,189.05999755859375,921400.0,SPG,1d
2015-04-17 00:00:00+00:00,137.7152862548828,188.25999450683594,190.47000122070312,187.64999389648438,189.41000366210938,1165200.0,SPG,1d
2015-04-20 00:00:00+00:00,137.96400451660156,188.60000610351562,189.7899932861328,187.77999877929688,188.4499969482422,1048000.0,SPG,1d
2015-04-21 00:00:00+00:00,138.13223266601562,188.8300018310547,190.92999267578125,188.5,188.5,853800.0,SPG,1d
2015-04-22 00:00:00+00:00,138.33709716796875,189.11000061035156,190.5399932861328,188.67999267578125,188.8300018310547,755200.0,SPG,1d
2015-04-23 00:00:00+00:00,138.3004913330078,189.05999755859375,190.1300048828125,188.22999572753906,189.08999633789062,1106800.0,SPG,1d
2015-04-24 00:00:00+00:00,138.04449462890625,188.7100067138672,190.9600067138672,188.39999389648438,189.1699981689453,890600.0,SPG,1d
2015-04-27 00:00:00+00:00,138.90037536621094,189.8800048828125,190.6300048828125,189.0399932861328,189.74000549316406,985400.0,SPG,1d
2015-04-28 00:00:00+00:00,137.70797729492188,188.25,189.47000122070312,187.5,189.08999633789062,999900.0,SPG,1d
2015-04-29 00:00:00+00:00,133.94064331054688,183.10000610351562,187.64999389648438,182.61000061035156,185.88999938964844,1879100.0,SPG,1d
2015-04-30 00:00:00+00:00,132.76295471191406,181.49000549316406,183.19000244140625,180.5500030517578,182.25999450683594,2136000.0,SPG,1d
2015-05-01 00:00:00+00:00,134.72337341308594,184.1699981689453,185.7899932861328,181.75999450683594,181.75999450683594,1895100.0,SPG,1d
2015-05-04 00:00:00+00:00,134.13815307617188,183.3699951171875,185.9499969482422,182.92999267578125,184.91000366210938,1578800.0,SPG,1d
2015-05-05 00:00:00+00:00,132.00942993164062,180.4600067138672,184.05999755859375,180.10000610351562,183.8000030517578,2488800.0,SPG,1d
2015-05-06 00:00:00+00:00,132.8507080078125,181.61000061035156,182.2100067138672,180.19000244140625,180.35000610351562,2084200.0,SPG,1d
2015-05-07 00:00:00+00:00,133.97727966308594,183.14999389648438,184.6999969482422,181.0,181.61000061035156,1681300.0,SPG,1d
2015-05-08 00:00:00+00:00,137.26905822753906,187.64999389648438,189.25999450683594,185.55999755859375,185.6699981689453,1612200.0,SPG,1d
2015-05-11 00:00:00+00:00,134.72337341308594,184.1699981689453,188.0800018310547,183.60000610351562,187.02999877929688,1083200.0,SPG,1d
2015-05-12 00:00:00+00:00,134.91357421875,184.42999267578125,185.07000732421875,181.75,182.7100067138672,1063900.0,SPG,1d
2015-05-13 00:00:00+00:00,133.7409210205078,181.33999633789062,185.7899932861328,180.9199981689453,184.2899932861328,1146500.0,SPG,1d
2015-05-14 00:00:00+00:00,136.26324462890625,184.75999450683594,185.00999450683594,182.24000549316406,182.3800048828125,911700.0,SPG,1d
2015-05-15 00:00:00+00:00,136.89012145996094,185.61000061035156,186.6199951171875,184.4199981689453,185.44000244140625,1262000.0,SPG,1d
2015-05-18 00:00:00+00:00,136.2779998779297,184.77999877929688,185.47999572753906,183.77999877929688,184.57000732421875,916100.0,SPG,1d
2015-05-19 00:00:00+00:00,135.72488403320312,184.02999877929688,186.4499969482422,183.22000122070312,183.99000549316406,1117700.0,SPG,1d
2015-05-20 00:00:00+00:00,135.4003448486328,183.58999633789062,185.7899932861328,183.50999450683594,185.1999969482422,1175000.0,SPG,1d
2015-05-21 00:00:00+00:00,135.3634490966797,183.5399932861328,185.32000732421875,183.0500030517578,184.2100067138672,1605100.0,SPG,1d
2015-05-22 00:00:00+00:00,135.4224395751953,183.6199951171875,185.07000732421875,182.2100067138672,182.86000061035156,821200.0,SPG,1d
2015-05-26 00:00:00+00:00,134.28668212890625,182.0800018310547,183.57000732421875,181.6199951171875,183.44000244140625,971500.0,SPG,1d
2015-05-27 00:00:00+00:00,135.80599975585938,184.13999938964844,184.6999969482422,181.77999877929688,182.97999572753906,1223500.0,SPG,1d
2015-05-28 00:00:00+00:00,135.5699920654297,183.82000732421875,184.75,182.9199981689453,183.5399932861328,966800.0,SPG,1d
2015-05-29 00:00:00+00:00,133.7852020263672,181.39999389648438,184.57000732421875,180.75999450683594,184.1300048828125,2486800.0,SPG,1d
2015-06-01 00:00:00+00:00,135.25283813476562,183.38999938964844,184.0800018310547,180.0,181.63999938964844,1136700.0,SPG,1d
2015-06-02 00:00:00+00:00,134.33828735351562,182.14999389648438,183.64999389648438,181.0800018310547,183.25,980800.0,SPG,1d
2015-06-03 00:00:00+00:00,131.96348571777344,178.92999267578125,182.2100067138672,178.4499969482422,182.1999969482422,1113000.0,SPG,1d
2015-06-04 00:00:00+00:00,132.0372772216797,179.02999877929688,180.0399932861328,178.0,178.49000549316406,1256100.0,SPG,1d
2015-06-05 00:00:00+00:00,130.25250244140625,176.61000061035156,178.7100067138672,175.42999267578125,177.24000549316406,1487700.0,SPG,1d
2015-06-08 00:00:00+00:00,129.51498413085938,175.61000061035156,176.58999633789062,175.3300018310547,176.58999633789062,1607700.0,SPG,1d
2015-06-09 00:00:00+00:00,128.75535583496094,174.5800018310547,176.14999389648438,174.2100067138672,175.83999633789062,1503100.0,SPG,1d
2015-06-10 00:00:00+00:00,130.0607147216797,176.35000610351562,177.99000549316406,174.72000122070312,175.02000427246094,1373900.0,SPG,1d
2015-06-11 00:00:00+00:00,130.72447204589844,177.25,177.72999572753906,176.1999969482422,177.0500030517578,926400.0,SPG,1d
2015-06-12 00:00:00+00:00,130.44424438476562,176.8699951171875,178.0399932861328,176.42999267578125,176.8699951171875,1064400.0,SPG,1d
2015-06-15 00:00:00+00:00,129.65512084960938,175.8000030517578,176.8000030517578,175.00999450683594,176.3699951171875,1486100.0,SPG,1d
2015-06-16 00:00:00+00:00,130.7318878173828,177.25999450683594,178.02999877929688,175.85000610351562,175.92999267578125,1113100.0,SPG,1d
2015-06-17 00:00:00+00:00,132.435546875,179.57000732421875,179.97000122070312,176.58999633789062,177.32000732421875,1305300.0,SPG,1d
2015-06-18 00:00:00+00:00,134.14651489257812,181.88999938964844,182.8300018310547,179.60000610351562,180.0,1039000.0,SPG,1d
2015-06-19 00:00:00+00:00,132.36915588378906,179.47999572753906,183.38999938964844,179.47000122070312,181.6300048828125,2610000.0,SPG,1d
2015-06-22 00:00:00+00:00,130.19349670410156,176.52999877929688,180.77000427246094,176.4199981689453,179.91000366210938,1562500.0,SPG,1d
2015-06-23 00:00:00+00:00,129.24209594726562,175.24000549316406,176.97000122070312,174.5,176.8699951171875,898100.0,SPG,1d
2015-06-24 00:00:00+00:00,128.2538299560547,173.89999389648438,176.49000549316406,173.85000610351562,175.5399932861328,1502100.0,SPG,1d
2015-06-25 00:00:00+00:00,127.11805725097656,172.36000061035156,174.42999267578125,172.3300018310547,174.0399932861328,1390200.0,SPG,1d
2015-06-26 00:00:00+00:00,128.26121520996094,173.91000366210938,174.4199981689453,171.6999969482422,172.6699981689453,2714700.0,SPG,1d
2015-06-29 00:00:00+00:00,126.11502838134766,171.0,175.38999938964844,170.99000549316406,173.7100067138672,1223300.0,SPG,1d
2015-06-30 00:00:00+00:00,127.60479736328125,173.02000427246094,174.8000030517578,171.3300018310547,172.3300018310547,2167300.0,SPG,1d
2015-07-01 00:00:00+00:00,128.8880615234375,174.75999450683594,174.8000030517578,171.8699951171875,171.8699951171875,1638600.0,SPG,1d
2015-07-02 00:00:00+00:00,128.85855102539062,174.72000122070312,179.11000061035156,174.4199981689453,176.02000427246094,1046800.0,SPG,1d
2015-07-06 00:00:00+00:00,129.64039611816406,175.77999877929688,175.85000610351562,173.86000061035156,173.86000061035156,1242100.0,SPG,1d
2015-07-07 00:00:00+00:00,131.80860900878906,178.72000122070312,179.11000061035156,176.3000030517578,176.4499969482422,1520100.0,SPG,1d
2015-07-08 00:00:00+00:00,131.52838134765625,178.33999633789062,178.60000610351562,176.89999389648438,177.27999877929688,1201700.0,SPG,1d
2015-07-09 00:00:00+00:00,131.36611938476562,178.1199951171875,179.9199981689453,177.47000122070312,179.16000366210938,1364100.0,SPG,1d
2015-07-10 00:00:00+00:00,131.8971405029297,178.83999633789062,180.38999938964844,178.30999755859375,179.19000244140625,1044400.0,SPG,1d
2015-07-13 00:00:00+00:00,132.24378967285156,179.30999755859375,181.3800048828125,178.27999877929688,180.0399932861328,1022700.0,SPG,1d
2015-07-14 00:00:00+00:00,132.74530029296875,179.99000549316406,180.5399932861328,178.3800048828125,179.52999877929688,856600.0,SPG,1d
2015-07-15 00:00:00+00:00,133.79249572753906,181.41000366210938,181.6300048828125,178.47000122070312,179.66000366210938,1234600.0,SPG,1d
2015-07-16 00:00:00+00:00,135.2823486328125,183.42999267578125,183.89999389648438,181.94000244140625,182.22000122070312,1140600.0,SPG,1d
2015-07-17 00:00:00+00:00,135.0094757080078,183.05999755859375,183.3800048828125,182.0500030517578,182.82000732421875,1020500.0,SPG,1d
2015-07-20 00:00:00+00:00,134.91357421875,182.92999267578125,183.4499969482422,181.69000244140625,183.27999877929688,666000.0,SPG,1d
2015-07-21 00:00:00+00:00,134.05068969726562,181.75999450683594,183.32000732421875,181.6199951171875,183.02999877929688,889700.0,SPG,1d
2015-07-22 00:00:00+00:00,134.50790405273438,182.3800048828125,183.10000610351562,181.66000366210938,181.99000549316406,1142300.0,SPG,1d
2015-07-23 00:00:00+00:00,133.77044677734375,181.3800048828125,182.39999389648438,179.35000610351562,182.22999572753906,1143800.0,SPG,1d
2015-07-24 00:00:00+00:00,136.1820831298828,184.64999389648438,200.22999572753906,182.07000732421875,183.50999450683594,1299400.0,SPG,1d
2015-07-27 00:00:00+00:00,137.00811767578125,185.77000427246094,186.94000244140625,184.57000732421875,184.75999450683594,1591100.0,SPG,1d
2015-07-28 00:00:00+00:00,137.44325256347656,186.36000061035156,187.4600067138672,185.39999389648438,186.3300018310547,1133500.0,SPG,1d
2015-07-29 00:00:00+00:00,137.5243682861328,186.47000122070312,187.05999755859375,185.27000427246094,186.49000549316406,890900.0,SPG,1d
2015-07-30 00:00:00+00:00,137.281005859375,186.13999938964844,187.0,184.6199951171875,185.7899932861328,646900.0,SPG,1d
2015-07-31 00:00:00+00:00,138.0775146484375,187.22000122070312,189.0500030517578,186.63999938964844,188.08999633789062,1467100.0,SPG,1d
2015-08-03 00:00:00+00:00,138.9404296875,188.38999938964844,188.72000122070312,186.77999877929688,187.14999389648438,771700.0,SPG,1d
2015-08-04 00:00:00+00:00,139.05845642089844,188.5500030517578,190.47000122070312,187.77000427246094,188.61000061035156,1283700.0,SPG,1d
2015-08-05 00:00:00+00:00,139.16905212402344,188.6999969482422,189.8000030517578,188.10000610351562,189.2100067138672,1377300.0,SPG,1d
2015-08-06 00:00:00+00:00,140.05406188964844,189.89999389648438,190.2899932861328,186.9600067138672,188.49000549316406,1390500.0,SPG,1d
2015-08-07 00:00:00+00:00,141.3741912841797,191.69000244140625,192.2100067138672,188.44000244140625,189.97999572753906,1001600.0,SPG,1d
2015-08-10 00:00:00+00:00,139.50830078125,189.16000366210938,193.1999969482422,188.41000366210938,192.75,1619100.0,SPG,1d
2015-08-11 00:00:00+00:00,141.27096557617188,191.5500030517578,192.30999755859375,188.6300048828125,189.16000366210938,1362500.0,SPG,1d
2015-08-12 00:00:00+00:00,141.6175994873047,192.02000427246094,192.1699981689453,189.7899932861328,191.1699981689453,1123900.0,SPG,1d
2015-08-13 00:00:00+00:00,141.82579040527344,190.75,192.02999877929688,188.69000244140625,189.07000732421875,792400.0,SPG,1d
2015-08-14 00:00:00+00:00,142.51724243164062,191.67999267578125,192.8300018310547,189.32000732421875,190.69000244140625,683800.0,SPG,1d
2015-08-17 00:00:00+00:00,143.9001922607422,193.5399932861328,193.67999267578125,190.5,191.82000732421875,868400.0,SPG,1d
2015-08-18 00:00:00+00:00,144.82217407226562,194.77999877929688,195.1699981689453,192.77999877929688,193.10000610351562,1215900.0,SPG,1d
2015-08-19 00:00:00+00:00,143.63998413085938,193.19000244140625,194.35000610351562,192.07000732421875,193.63999938964844,928000.0,SPG,1d
2015-08-20 00:00:00+00:00,142.9113311767578,192.2100067138672,193.86000061035156,191.0,192.38999938964844,1337700.0,SPG,1d
2015-08-21 00:00:00+00:00,141.24583435058594,189.97000122070312,193.5399932861328,189.9499969482422,192.24000549316406,1993800.0,SPG,1d
2015-08-24 00:00:00+00:00,135.37203979492188,182.07000732421875,186.4600067138672,181.39999389648438,183.77000427246094,2744800.0,SPG,1d
2015-08-25 00:00:00+00:00,131.66932678222656,177.08999633789062,191.69000244140625,176.8800048828125,191.69000244140625,2181300.0,SPG,1d
2015-08-26 00:00:00+00:00,135.29769897460938,181.97000122070312,182.49000549316406,177.91000366210938,180.0,1988100.0,SPG,1d
2015-08-27 00:00:00+00:00,138.0933074951172,185.72999572753906,186.9199981689453,181.4499969482422,183.49000549316406,1467900.0,SPG,1d
2015-08-28 00:00:00+00:00,137.04495239257812,184.32000732421875,185.38999938964844,182.0,185.27000427246094,1447900.0,SPG,1d
2015-08-31 00:00:00+00:00,133.327392578125,179.32000732421875,186.2100067138672,179.00999450683594,184.1699981689453,3230500.0,SPG,1d
2015-09-01 00:00:00+00:00,130.12286376953125,175.00999450683594,177.91000366210938,173.08999633789062,176.63999938964844,1821800.0,SPG,1d
2015-09-02 00:00:00+00:00,131.69908142089844,177.1300048828125,178.5800018310547,175.5800018310547,177.1999969482422,1113600.0,SPG,1d
2015-09-03 00:00:00+00:00,132.28643798828125,177.9199981689453,179.14999389648438,177.07000732421875,177.77999877929688,1126300.0,SPG,1d
2015-09-04 00:00:00+00:00,130.05587768554688,174.9199981689453,176.97999572753906,173.7899932861328,175.91000366210938,1162600.0,SPG,1d
2015-09-08 00:00:00+00:00,132.00390625,177.5399932861328,178.10000610351562,175.74000549316406,177.17999267578125,1276800.0,SPG,1d
2015-09-09 00:00:00+00:00,129.81800842285156,174.60000610351562,179.02999877929688,174.24000549316406,178.8699951171875,960400.0,SPG,1d
2015-09-10 00:00:00+00:00,130.16001892089844,175.05999755859375,176.6300048828125,174.1199951171875,174.4499969482422,1011700.0,SPG,1d
2015-09-11 00:00:00+00:00,133.1935272216797,179.13999938964844,179.19000244140625,174.13999938964844,174.89999389648438,1213100.0,SPG,1d
2015-09-14 00:00:00+00:00,133.04483032226562,178.94000244140625,180.41000366210938,177.8699951171875,179.52999877929688,979200.0,SPG,1d
2015-09-15 00:00:00+00:00,134.6359405517578,181.0800018310547,181.77000427246094,177.44000244140625,179.2100067138672,974700.0,SPG,1d
2015-09-16 00:00:00+00:00,136.37579345703125,183.4199981689453,184.00999450683594,180.77000427246094,180.89999389648438,952300.0,SPG,1d
2015-09-17 00:00:00+00:00,137.4613494873047,184.8800048828125,188.3000030517578,181.97000122070312,183.32000732421875,1289900.0,SPG,1d
2015-09-18 00:00:00+00:00,136.80703735351562,184.0,187.22000122070312,182.22999572753906,182.69000244140625,2761000.0,SPG,1d
2015-09-21 00:00:00+00:00,138.13795471191406,185.7899932861328,186.13999938964844,184.08999633789062,184.2899932861328,999900.0,SPG,1d
2015-09-22 00:00:00+00:00,136.24195861816406,183.24000549316406,185.41000366210938,182.69000244140625,184.4199981689453,1128300.0,SPG,1d
2015-09-23 00:00:00+00:00,136.43528747558594,183.5,184.88999938964844,182.3000030517578,183.0,945900.0,SPG,1d
2015-09-24 00:00:00+00:00,134.7474822998047,181.22999572753906,184.6699981689453,179.74000549316406,183.22000122070312,1574500.0,SPG,1d
2015-09-25 00:00:00+00:00,135.9073944091797,182.7899932861328,184.67999267578125,181.1999969482422,182.8300018310547,1057400.0,SPG,1d
2015-09-28 00:00:00+00:00,133.95191955566406,180.16000366210938,182.35000610351562,178.74000549316406,182.1699981689453,1000600.0,SPG,1d
2015-09-29 00:00:00+00:00,135.63970947265625,182.42999267578125,183.72999572753906,180.1699981689453,180.5399932861328,1595800.0,SPG,1d
2015-09-30 00:00:00+00:00,136.59886169433594,183.72000122070312,184.25,181.75,183.6300048828125,1431900.0,SPG,1d
2015-10-01 00:00:00+00:00,138.21974182128906,185.89999389648438,186.1699981689453,183.6199951171875,184.67999267578125,1068000.0,SPG,1d
2015-10-02 00:00:00+00:00,139.39447021484375,187.47999572753906,187.61000061035156,183.85000610351562,185.33999633789062,1199900.0,SPG,1d
2015-10-05 00:00:00+00:00,142.61390686035156,191.80999755859375,191.9499969482422,188.39999389648438,188.39999389648438,1587900.0,SPG,1d
2015-10-06 00:00:00+00:00,142.554443359375,191.72999572753906,193.89999389648438,190.9499969482422,192.07000732421875,1362200.0,SPG,1d
2015-10-07 00:00:00+00:00,144.40582275390625,194.22000122070312,194.32000732421875,191.58999633789062,192.42999267578125,1301700.0,SPG,1d
2015-10-08 00:00:00+00:00,144.9485321044922,194.9499969482422,195.39999389648438,192.33999633789062,193.80999755859375,961800.0,SPG,1d
2015-10-09 00:00:00+00:00,145.04519653320312,195.0800018310547,195.22999572753906,193.5500030517578,194.75999450683594,876600.0,SPG,1d
2015-10-12 00:00:00+00:00,146.205078125,196.63999938964844,197.10000610351562,194.08999633789062,194.97999572753906,1058200.0,SPG,1d
2015-10-13 00:00:00+00:00,144.95599365234375,194.9600067138672,196.72999572753906,194.0399932861328,196.19000244140625,1303100.0,SPG,1d
2015-10-14 00:00:00+00:00,144.31655883789062,194.10000610351562,196.61000061035156,193.61000061035156,195.39999389648438,1118600.0,SPG,1d
2015-10-15 00:00:00+00:00,146.91143798828125,197.58999633789062,197.6699981689453,193.97999572753906,195.11000061035156,1030500.0,SPG,1d
2015-10-16 00:00:00+00:00,147.66236877441406,198.60000610351562,198.83999633789062,197.33999633789062,197.99000549316406,1217600.0,SPG,1d
2015-10-19 00:00:00+00:00,150.6290283203125,202.58999633789062,202.66000366210938,198.42999267578125,198.47999572753906,879900.0,SPG,1d
2015-10-20 00:00:00+00:00,150.29444885253906,202.13999938964844,203.10000610351562,201.1300048828125,201.9600067138672,1049600.0,SPG,1d
2015-10-21 00:00:00+00:00,151.11228942871094,203.24000549316406,204.72000122070312,202.55999755859375,203.24000549316406,1158300.0,SPG,1d
2015-10-22 00:00:00+00:00,152.2944793701172,204.8300018310547,205.77999877929688,203.47999572753906,203.7899932861328,1514300.0,SPG,1d
2015-10-23 00:00:00+00:00,150.9635772705078,203.0399932861328,205.16000366210938,201.60000610351562,204.0800018310547,1193000.0,SPG,1d
2015-10-26 00:00:00+00:00,151.20896911621094,203.3699951171875,203.72000122070312,201.41000366210938,203.10000610351562,967000.0,SPG,1d
2015-10-27 00:00:00+00:00,153.30564880371094,206.19000244140625,206.58999633789062,202.25,202.7899932861328,1010400.0,SPG,1d
2015-10-28 00:00:00+00:00,152.9488067626953,205.7100067138672,208.13999938964844,201.97999572753906,206.52999877929688,1369600.0,SPG,1d
2015-10-29 00:00:00+00:00,151.96734619140625,204.38999938964844,205.80999755859375,202.6300048828125,205.72999572753906,1094200.0,SPG,1d
2015-10-30 00:00:00+00:00,149.78883361816406,201.4600067138672,205.14999389648438,201.4600067138672,204.7899932861328,2021800.0,SPG,1d
2015-11-02 00:00:00+00:00,152.9933624267578,205.77000427246094,206.22000122070312,201.22999572753906,201.58999633789062,1353200.0,SPG,1d
2015-11-03 00:00:00+00:00,151.60304260253906,203.89999389648438,206.35000610351562,203.14999389648438,205.14999389648438,969300.0,SPG,1d
2015-11-04 00:00:00+00:00,151.48403930664062,203.74000549316406,204.9499969482422,203.02000427246094,204.27000427246094,1207900.0,SPG,1d
2015-11-05 00:00:00+00:00,150.93386840820312,203.0,204.52000427246094,202.17999267578125,203.25,1171600.0,SPG,1d
2015-11-06 00:00:00+00:00,144.911376953125,194.89999389648438,200.75999450683594,193.41000366210938,200.5,1836200.0,SPG,1d
2015-11-09 00:00:00+00:00,142.390869140625,191.50999450683594,195.02999877929688,189.77999877929688,194.6699981689453,1805700.0,SPG,1d
2015-11-10 00:00:00+00:00,144.58421325683594,194.4600067138672,195.05999755859375,191.7100067138672,192.1699981689453,1010300.0,SPG,1d
2015-11-11 00:00:00+00:00,143.9150848388672,193.55999755859375,195.42999267578125,193.02999877929688,194.9600067138672,858300.0,SPG,1d
2015-11-12 00:00:00+00:00,143.25531005859375,191.0800018310547,192.64999389648438,190.0,191.8000030517578,1133300.0,SPG,1d
2015-11-13 00:00:00+00:00,139.70167541503906,186.33999633789062,191.39999389648438,185.5399932861328,191.0800018310547,2038800.0,SPG,1d
2015-11-16 00:00:00+00:00,140.67628479003906,187.63999938964844,187.8800048828125,184.58999633789062,185.38999938964844,1373000.0,SPG,1d
2015-11-17 00:00:00+00:00,140.0690155029297,186.8300018310547,188.89999389648438,186.8000030517578,187.25999450683594,998500.0,SPG,1d
2015-11-18 00:00:00+00:00,142.6255340576172,190.24000549316406,190.49000549316406,187.0399932861328,187.24000549316406,1174600.0,SPG,1d
2015-11-19 00:00:00+00:00,143.22531127929688,191.0399932861328,192.72000122070312,189.8300018310547,190.7100067138672,937600.0,SPG,1d
2015-11-20 00:00:00+00:00,144.11746215820312,192.22999572753906,192.6999969482422,191.11000061035156,192.41000366210938,1228100.0,SPG,1d
2015-11-23 00:00:00+00:00,143.2628173828125,191.08999633789062,192.85000610351562,190.60000610351562,192.3300018310547,926000.0,SPG,1d
2015-11-24 00:00:00+00:00,140.37640380859375,187.24000549316406,190.50999450683594,185.69000244140625,190.0,1892900.0,SPG,1d
2015-11-25 00:00:00+00:00,141.31353759765625,188.49000549316406,189.11000061035156,187.5399932861328,188.1300048828125,944900.0,SPG,1d
2015-11-27 00:00:00+00:00,142.44561767578125,190.0,190.85000610351562,188.10000610351562,188.1999969482422,475800.0,SPG,1d
2015-11-30 00:00:00+00:00,139.626708984375,186.24000549316406,191.0399932861328,185.8699951171875,191.0,2237900.0,SPG,1d
2015-12-01 00:00:00+00:00,141.44100952148438,188.66000366210938,188.69000244140625,185.00999450683594,187.0399932861328,1520200.0,SPG,1d
2015-12-02 00:00:00+00:00,137.21261596679688,183.02000427246094,188.61000061035156,182.8300018310547,188.52000427246094,1671600.0,SPG,1d
2015-12-03 00:00:00+00:00,136.21548461914062,181.69000244140625,183.99000549316406,180.5500030517578,182.69000244140625,2135100.0,SPG,1d
2015-12-04 00:00:00+00:00,140.46636962890625,187.36000061035156,187.86000061035156,182.1300048828125,183.24000549316406,1760700.0,SPG,1d
2015-12-07 00:00:00+00:00,140.81874084472656,187.8300018310547,188.1300048828125,186.13999938964844,186.6300048828125,936800.0,SPG,1d
2015-12-08 00:00:00+00:00,140.9162139892578,187.9600067138672,188.63999938964844,186.44000244140625,187.6699981689453,1545300.0,SPG,1d
2015-12-09 00:00:00+00:00,140.38388061523438,187.25,189.36000061035156,186.3000030517578,187.16000366210938,1053300.0,SPG,1d
2015-12-10 00:00:00+00:00,138.7195587158203,185.02999877929688,188.38999938964844,184.92999267578125,187.41000366210938,955800.0,SPG,1d
2015-12-11 00:00:00+00:00,138.3971710205078,184.60000610351562,185.4199981689453,182.86000061035156,183.99000549316406,1296900.0,SPG,1d
2015-12-14 00:00:00+00:00,139.4242706298828,185.97000122070312,186.1699981689453,183.47000122070312,184.0,1026000.0,SPG,1d
2015-12-15 00:00:00+00:00,142.220703125,189.6999969482422,192.13999938964844,187.52000427246094,187.52000427246094,1739900.0,SPG,1d
2015-12-16 00:00:00+00:00,144.94964599609375,193.33999633789062,194.0800018310547,190.14999389648438,190.50999450683594,1831700.0,SPG,1d
2015-12-17 00:00:00+00:00,145.04708862304688,193.47000122070312,194.02999877929688,192.3000030517578,193.24000549316406,1053200.0,SPG,1d
2015-12-18 00:00:00+00:00,142.83546447753906,190.52000427246094,193.92999267578125,190.49000549316406,192.9499969482422,2252300.0,SPG,1d
2015-12-21 00:00:00+00:00,143.82505798339844,191.83999633789062,192.9499969482422,190.22999572753906,192.25999450683594,1148700.0,SPG,1d
2015-12-22 00:00:00+00:00,144.39491271972656,192.60000610351562,194.19000244140625,192.1999969482422,192.52999877929688,1500000.0,SPG,1d
2015-12-23 00:00:00+00:00,145.4669647216797,194.02999877929688,194.19000244140625,192.88999938964844,193.3699951171875,1243500.0,SPG,1d
2015-12-24 00:00:00+00:00,145.70687866210938,194.35000610351562,195.35000610351562,193.25999450683594,193.61000061035156,379500.0,SPG,1d
2015-12-28 00:00:00+00:00,145.50445556640625,194.0800018310547,194.27999877929688,192.92999267578125,193.8800048828125,834000.0,SPG,1d
2015-12-29 00:00:00+00:00,146.7864532470703,195.7899932861328,195.89999389648438,194.47000122070312,195.36000061035156,1083900.0,SPG,1d
2015-12-30 00:00:00+00:00,146.31414794921875,195.16000366210938,196.2899932861328,194.97000122070312,195.72000122070312,598900.0,SPG,1d
2015-12-31 00:00:00+00:00,145.77438354492188,194.44000244140625,196.3300018310547,193.57000732421875,195.27000427246094,1013500.0,SPG,1d
2016-01-04 00:00:00+00:00,144.19996643066406,192.33999633789062,192.89999389648438,190.27999877929688,192.30999755859375,1445500.0,SPG,1d
2016-01-05 00:00:00+00:00,147.07135009765625,196.1699981689453,196.75999450683594,192.6300048828125,193.0,1236500.0,SPG,1d
2016-01-06 00:00:00+00:00,146.7114715576172,195.69000244140625,196.52000427246094,194.6699981689453,194.69000244140625,941800.0,SPG,1d
2016-01-07 00:00:00+00:00,143.61520385742188,191.55999755859375,193.83999633789062,191.38999938964844,192.9199981689453,1285800.0,SPG,1d
2016-01-08 00:00:00+00:00,139.52175903320312,186.10000610351562,192.85000610351562,185.60000610351562,191.75,1397800.0,SPG,1d
2016-01-11 00:00:00+00:00,139.9790496826172,186.7100067138672,187.94000244140625,185.75,187.22000122070312,1211300.0,SPG,1d
2016-01-12 00:00:00+00:00,139.10191345214844,185.5399932861328,187.4600067138672,184.57000732421875,187.4600067138672,1380000.0,SPG,1d
2016-01-13 00:00:00+00:00,138.14976501464844,184.27000427246094,189.3000030517578,183.85000610351562,185.7899932861328,1262200.0,SPG,1d
2016-01-14 00:00:00+00:00,139.19186401367188,185.66000366210938,187.92999267578125,183.5500030517578,184.7100067138672,1376400.0,SPG,1d
2016-01-15 00:00:00+00:00,138.0747528076172,184.1699981689453,185.10000610351562,180.8699951171875,182.33999633789062,2418000.0,SPG,1d
2016-01-19 00:00:00+00:00,139.7466583251953,186.39999389648438,187.22999572753906,184.72999572753906,186.0,1138600.0,SPG,1d
2016-01-20 00:00:00+00:00,135.42831420898438,180.63999938964844,185.1199951171875,178.0399932861328,184.82000732421875,2188800.0,SPG,1d
2016-01-21 00:00:00+00:00,136.9727020263672,182.6999969482422,184.0399932861328,180.11000061035156,182.75999450683594,1456800.0,SPG,1d
2016-01-22 00:00:00+00:00,140.43637084960938,187.32000732421875,188.1300048828125,184.52000427246094,185.10000610351562,1208900.0,SPG,1d
2016-01-25 00:00:00+00:00,138.80947875976562,185.14999389648438,189.05999755859375,185.0500030517578,187.3699951171875,1239100.0,SPG,1d
2016-01-26 00:00:00+00:00,142.55056762695312,190.13999938964844,190.13999938964844,185.02999877929688,185.6199951171875,1420500.0,SPG,1d
2016-01-27 00:00:00+00:00,139.4767608642578,186.0399932861328,189.5,184.83999633789062,189.5,1495300.0,SPG,1d
2016-01-28 00:00:00+00:00,140.0390167236328,186.7899932861328,188.58999633789062,185.61000061035156,187.11000061035156,1282700.0,SPG,1d
2016-01-29 00:00:00+00:00,139.65667724609375,186.27999877929688,189.61000061035156,177.5500030517578,189.22999572753906,3488400.0,SPG,1d
2016-02-01 00:00:00+00:00,140.89370727539062,187.92999267578125,189.5,185.47000122070312,185.5800018310547,1524900.0,SPG,1d
2016-02-02 00:00:00+00:00,139.52923583984375,186.11000061035156,188.4199981689453,184.92999267578125,188.08999633789062,1450900.0,SPG,1d
2016-02-03 00:00:00+00:00,141.17111206054688,188.3000030517578,188.77999877929688,184.3800048828125,187.2100067138672,1387800.0,SPG,1d
2016-02-04 00:00:00+00:00,140.63125610351562,187.5800018310547,188.67999267578125,186.0500030517578,187.9600067138672,1191000.0,SPG,1d
2016-02-05 00:00:00+00:00,137.9323272705078,183.97999572753906,187.11000061035156,182.85000610351562,186.22999572753906,1447700.0,SPG,1d
2016-02-08 00:00:00+00:00,136.80775451660156,182.47999572753906,184.5500030517578,178.64999389648438,184.5500030517578,1839300.0,SPG,1d
2016-02-09 00:00:00+00:00,134.146240234375,178.92999267578125,181.17999267578125,176.11000061035156,179.9499969482422,2102600.0,SPG,1d
2016-02-10 00:00:00+00:00,137.0814666748047,181.2100067138672,182.9600067138672,177.80999755859375,177.80999755859375,1445700.0,SPG,1d
2016-02-11 00:00:00+00:00,137.2932586669922,181.49000549316406,182.25,178.1300048828125,178.52999877929688,1943200.0,SPG,1d
2016-02-12 00:00:00+00:00,138.83645629882812,183.52999877929688,184.6699981689453,181.44000244140625,183.4199981689453,1633200.0,SPG,1d
2016-02-16 00:00:00+00:00,140.96975708007812,186.35000610351562,187.0500030517578,183.5500030517578,185.64999389648438,1538800.0,SPG,1d
2016-02-17 00:00:00+00:00,141.54464721679688,187.11000061035156,189.49000549316406,187.0399932861328,187.97000122070312,1302800.0,SPG,1d
2016-02-18 00:00:00+00:00,143.17105102539062,189.25999450683594,189.97999572753906,186.42999267578125,186.52000427246094,863800.0,SPG,1d
2016-02-19 00:00:00+00:00,143.31483459472656,189.4499969482422,190.0399932861328,186.4199981689453,187.97999572753906,1341000.0,SPG,1d
2016-02-22 00:00:00+00:00,143.2996826171875,189.42999267578125,192.42999267578125,188.9499969482422,189.4499969482422,1122500.0,SPG,1d
2016-02-23 00:00:00+00:00,143.4888153076172,189.67999267578125,191.7100067138672,189.05999755859375,189.36000061035156,832400.0,SPG,1d
2016-02-24 00:00:00+00:00,143.10302734375,189.1699981689453,190.36000061035156,186.94000244140625,188.9600067138672,776100.0,SPG,1d
2016-02-25 00:00:00+00:00,145.1984405517578,191.94000244140625,192.14999389648438,189.91000366210938,190.6699981689453,899100.0,SPG,1d
2016-02-26 00:00:00+00:00,144.03343200683594,190.39999389648438,192.91000366210938,190.35000610351562,192.02999877929688,979300.0,SPG,1d
2016-02-29 00:00:00+00:00,143.52662658691406,189.72999572753906,192.82000732421875,189.02999877929688,190.7899932861328,1734300.0,SPG,1d
2016-03-01 00:00:00+00:00,147.180419921875,194.55999755859375,194.66000366210938,190.6999969482422,190.77000427246094,1226200.0,SPG,1d
2016-03-02 00:00:00+00:00,147.73263549804688,195.2899932861328,195.72999572753906,193.6699981689453,194.3800048828125,1099500.0,SPG,1d
2016-03-03 00:00:00+00:00,149.33639526367188,197.41000366210938,197.5500030517578,193.35000610351562,196.27000427246094,1366100.0,SPG,1d
2016-03-04 00:00:00+00:00,150.17605590820312,198.52000427246094,198.58999633789062,195.3300018310547,197.27000427246094,1503800.0,SPG,1d
2016-03-07 00:00:00+00:00,151.03085327148438,199.64999389648438,200.0800018310547,197.25,198.05999755859375,1193100.0,SPG,1d
2016-03-08 00:00:00+00:00,149.54818725585938,197.69000244140625,199.47000122070312,197.0399932861328,198.32000732421875,1003800.0,SPG,1d
2016-03-09 00:00:00+00:00,149.6087188720703,197.77000427246094,199.47000122070312,197.35000610351562,198.13999938964844,1000600.0,SPG,1d
2016-03-10 00:00:00+00:00,149.79783630371094,198.02000427246094,199.8800048828125,195.99000549316406,198.8699951171875,1022700.0,SPG,1d
2016-03-11 00:00:00+00:00,152.28662109375,201.30999755859375,201.30999755859375,198.17999267578125,200.52000427246094,1527700.0,SPG,1d
2016-03-14 00:00:00+00:00,150.6072540283203,199.08999633789062,201.57000732421875,197.63999938964844,200.25999450683594,1433900.0,SPG,1d
2016-03-15 00:00:00+00:00,151.02328491210938,199.63999938964844,199.94000244140625,198.0800018310547,198.3800048828125,888900.0,SPG,1d
2016-03-16 00:00:00+00:00,151.7041473388672,200.5399932861328,201.27000427246094,197.1699981689453,198.75999450683594,915000.0,SPG,1d
2016-03-17 00:00:00+00:00,155.1763916015625,205.1300048828125,206.0,200.0399932861328,200.7899932861328,1702300.0,SPG,1d
2016-03-18 00:00:00+00:00,155.04774475097656,204.9600067138672,206.8800048828125,203.44000244140625,205.0500030517578,2486800.0,SPG,1d
2016-03-21 00:00:00+00:00,153.56509399414062,203.0,205.77999877929688,202.3699951171875,205.5800018310547,1082600.0,SPG,1d
2016-03-22 00:00:00+00:00,153.08851623535156,202.3699951171875,203.39999389648438,201.38999938964844,202.55999755859375,1011700.0,SPG,1d
2016-03-23 00:00:00+00:00,152.4303741455078,201.5,203.17999267578125,200.91000366210938,201.0800018310547,1068200.0,SPG,1d
2016-03-24 00:00:00+00:00,152.38499450683594,201.44000244140625,201.72999572753906,199.77999877929688,200.3699951171875,731600.0,SPG,1d
2016-03-28 00:00:00+00:00,153.61802673339844,203.07000732421875,203.72999572753906,200.9499969482422,201.94000244140625,625800.0,SPG,1d
2016-03-29 00:00:00+00:00,156.5456085205078,206.94000244140625,207.05999755859375,203.52000427246094,203.82000732421875,1085100.0,SPG,1d
2016-03-30 00:00:00+00:00,155.63027954101562,205.72999572753906,207.67999267578125,205.64999389648438,207.3800048828125,929200.0,SPG,1d
2016-03-31 00:00:00+00:00,157.11297607421875,207.69000244140625,208.1199951171875,205.92999267578125,206.24000549316406,1442300.0,SPG,1d
2016-04-01 00:00:00+00:00,158.17959594726562,209.10000610351562,209.9199981689453,206.89999389648438,207.5,1256800.0,SPG,1d
2016-04-04 00:00:00+00:00,157.9224090576172,208.75999450683594,210.41000366210938,207.4199981689453,209.42999267578125,823300.0,SPG,1d
2016-04-05 00:00:00+00:00,156.62884521484375,207.0500030517578,208.50999450683594,206.61000061035156,207.97000122070312,966900.0,SPG,1d
2016-04-06 00:00:00+00:00,157.84677124023438,208.66000366210938,208.9499969482422,205.88999938964844,206.42999267578125,939400.0,SPG,1d
2016-04-07 00:00:00+00:00,156.43209838867188,206.7899932861328,208.8699951171875,205.5800018310547,208.52000427246094,902300.0,SPG,1d
2016-04-08 00:00:00+00:00,156.66664123535156,207.10000610351562,208.16000366210938,206.72999572753906,207.32000732421875,1050000.0,SPG,1d
2016-04-11 00:00:00+00:00,156.34890747070312,206.67999267578125,208.1699981689453,206.6199951171875,207.99000549316406,943100.0,SPG,1d
2016-04-12 00:00:00+00:00,157.4307098388672,208.11000061035156,208.94000244140625,206.66000366210938,207.27999877929688,885900.0,SPG,1d
2016-04-13 00:00:00+00:00,157.07513427734375,207.63999938964844,209.14999389648438,206.6999969482422,209.14999389648438,800700.0,SPG,1d
2016-04-14 00:00:00+00:00,157.30963134765625,207.9499969482422,208.3699951171875,205.8000030517578,207.72000122070312,1033600.0,SPG,1d
2016-04-15 00:00:00+00:00,157.24911499023438,207.8699951171875,208.2100067138672,206.05999755859375,207.75999450683594,1066700.0,SPG,1d
2016-04-18 00:00:00+00:00,158.1569061279297,209.07000732421875,209.42999267578125,207.44000244140625,207.8699951171875,861100.0,SPG,1d
2016-04-19 00:00:00+00:00,157.54417419433594,208.25999450683594,209.4499969482422,208.0,209.4199981689453,1007600.0,SPG,1d
2016-04-20 00:00:00+00:00,154.10972595214844,203.72000122070312,207.0500030517578,203.35000610351562,206.5,2636900.0,SPG,1d
2016-04-21 00:00:00+00:00,150.75852966308594,199.2899932861328,204.47999572753906,199.11000061035156,203.55999755859375,1704600.0,SPG,1d
2016-04-22 00:00:00+00:00,152.91455078125,202.13999938964844,202.69000244140625,199.7899932861328,199.7899932861328,1397800.0,SPG,1d
2016-04-25 00:00:00+00:00,154.0718994140625,203.6699981689453,203.6699981689453,201.1699981689453,201.64999389648438,1245500.0,SPG,1d
2016-04-26 00:00:00+00:00,154.28375244140625,203.9499969482422,204.61000061035156,202.02999877929688,204.41000366210938,1439000.0,SPG,1d
2016-04-27 00:00:00+00:00,154.7527618408203,204.57000732421875,205.47000122070312,202.8800048828125,204.72000122070312,1407900.0,SPG,1d
2016-04-28 00:00:00+00:00,154.06434631347656,203.66000366210938,205.1699981689453,202.9199981689453,202.97000122070312,759700.0,SPG,1d
2016-04-29 00:00:00+00:00,152.1807098388672,201.1699981689453,203.3699951171875,200.1199951171875,203.0,1504900.0,SPG,1d
2016-05-02 00:00:00+00:00,154.71493530273438,204.52000427246094,205.0,202.67999267578125,202.77999877929688,872800.0,SPG,1d
2016-05-03 00:00:00+00:00,155.04774475097656,204.9600067138672,205.08999633789062,203.1699981689453,203.27000427246094,758100.0,SPG,1d
2016-05-04 00:00:00+00:00,157.06002807617188,207.6199951171875,207.80999755859375,203.27000427246094,203.27000427246094,1107800.0,SPG,1d
2016-05-05 00:00:00+00:00,157.68032836914062,208.44000244140625,208.52999877929688,205.9499969482422,206.6199951171875,1106000.0,SPG,1d
2016-05-06 00:00:00+00:00,159.48074340820312,210.82000732421875,210.8800048828125,207.72999572753906,208.25,1091000.0,SPG,1d
2016-05-09 00:00:00+00:00,161.16009521484375,213.0399932861328,213.08999633789062,209.3000030517578,210.6999969482422,1206100.0,SPG,1d
2016-05-10 00:00:00+00:00,161.82586669921875,213.9199981689453,214.8000030517578,213.08999633789062,213.69000244140625,1133500.0,SPG,1d
2016-05-11 00:00:00+00:00,153.7466278076172,203.24000549316406,213.47000122070312,202.3000030517578,213.42999267578125,4023100.0,SPG,1d
2016-05-12 00:00:00+00:00,154.35183715820312,204.0399932861328,205.3300018310547,199.75,204.00999450683594,3067600.0,SPG,1d
2016-05-13 00:00:00+00:00,149.8152313232422,196.49000549316406,200.8000030517578,195.1199951171875,200.8000030517578,3369700.0,SPG,1d
2016-05-16 00:00:00+00:00,152.01870727539062,199.3800048828125,200.22999572753906,195.47000122070312,196.52999877929688,1797400.0,SPG,1d
2016-05-17 00:00:00+00:00,149.03749084472656,195.47000122070312,199.17999267578125,194.35000610351562,198.14999389648438,1921900.0,SPG,1d
2016-05-18 00:00:00+00:00,147.52786254882812,193.49000549316406,195.8699951171875,190.82000732421875,194.63999938964844,2428000.0,SPG,1d
2016-05-19 00:00:00+00:00,147.80230712890625,193.85000610351562,194.25999450683594,191.25,191.97000122070312,1913900.0,SPG,1d
2016-05-20 00:00:00+00:00,148.7782745361328,195.1300048828125,196.8699951171875,194.0399932861328,194.9199981689453,2266900.0,SPG,1d
2016-05-23 00:00:00+00:00,149.2509765625,195.75,196.75999450683594,194.17999267578125,195.4499969482422,1280800.0,SPG,1d
2016-05-24 00:00:00+00:00,150.68441772460938,197.6300048828125,199.41000366210938,196.25,196.8800048828125,1493400.0,SPG,1d
2016-05-25 00:00:00+00:00,149.51019287109375,196.08999633789062,198.3800048828125,194.77000427246094,197.94000244140625,1531800.0,SPG,1d
2016-05-26 00:00:00+00:00,150.30320739746094,197.1300048828125,198.14999389648438,195.0,196.2899932861328,843100.0,SPG,1d
2016-05-27 00:00:00+00:00,150.79115295410156,197.77000427246094,198.5800018310547,196.67999267578125,197.19000244140625,886800.0,SPG,1d
2016-05-31 00:00:00+00:00,150.69200134277344,197.63999938964844,198.88999938964844,196.07000732421875,198.75,1475100.0,SPG,1d
2016-06-01 00:00:00+00:00,151.1647491455078,198.25999450683594,199.25999450683594,196.58999633789062,196.58999633789062,1205000.0,SPG,1d
2016-06-02 00:00:00+00:00,150.5089874267578,197.39999389648438,198.3000030517578,196.11000061035156,197.25999450683594,1115000.0,SPG,1d
2016-06-03 00:00:00+00:00,152.10256958007812,199.49000549316406,199.82000732421875,197.6199951171875,198.64999389648438,1374800.0,SPG,1d
2016-06-06 00:00:00+00:00,151.47735595703125,198.6699981689453,201.4199981689453,197.52999877929688,199.92999267578125,1370000.0,SPG,1d
2016-06-07 00:00:00+00:00,152.1178436279297,199.50999450683594,200.8699951171875,198.64999389648438,198.6699981689453,881400.0,SPG,1d
2016-06-08 00:00:00+00:00,153.59698486328125,201.4499969482422,201.8800048828125,199.00999450683594,199.36000061035156,1211600.0,SPG,1d
2016-06-09 00:00:00+00:00,153.7494659423828,201.64999389648438,202.75,200.00999450683594,201.3000030517578,824100.0,SPG,1d
2016-06-10 00:00:00+00:00,152.689697265625,200.25999450683594,201.82000732421875,199.80999755859375,200.77000427246094,830200.0,SPG,1d
2016-06-13 00:00:00+00:00,153.8105010986328,201.72999572753906,202.52999877929688,200.0,200.82000732421875,999200.0,SPG,1d
2016-06-14 00:00:00+00:00,154.64157104492188,202.82000732421875,204.3000030517578,200.92999267578125,201.41000366210938,1257600.0,SPG,1d
2016-06-15 00:00:00+00:00,155.708984375,204.22000122070312,205.3000030517578,203.1699981689453,203.1699981689453,1261300.0,SPG,1d
2016-06-16 00:00:00+00:00,157.22630310058594,206.2100067138672,206.35000610351562,202.8000030517578,203.72999572753906,843200.0,SPG,1d
2016-06-17 00:00:00+00:00,156.9822998046875,205.88999938964844,206.0800018310547,203.6199951171875,206.0800018310547,1452700.0,SPG,1d
2016-06-20 00:00:00+00:00,157.79812622070312,206.9600067138672,209.77000427246094,206.44000244140625,207.91000366210938,1214400.0,SPG,1d
2016-06-21 00:00:00+00:00,158.91893005371094,208.42999267578125,208.94000244140625,207.00999450683594,207.27000427246094,1190800.0,SPG,1d
2016-06-22 00:00:00+00:00,159.0409393310547,208.58999633789062,209.5,207.74000549316406,209.00999450683594,1087900.0,SPG,1d
2016-06-23 00:00:00+00:00,159.42218017578125,209.08999633789062,210.44000244140625,208.47000122070312,209.77999877929688,730200.0,SPG,1d
2016-06-24 00:00:00+00:00,157.4473876953125,206.5,208.82000732421875,203.00999450683594,204.5800018310547,1733900.0,SPG,1d
2016-06-27 00:00:00+00:00,158.55296325683594,207.9499969482422,208.11000061035156,203.8800048828125,205.44000244140625,1760100.0,SPG,1d
2016-06-28 00:00:00+00:00,162.4719696044922,213.08999633789062,213.22000122070312,208.0,209.2100067138672,1732000.0,SPG,1d
2016-06-29 00:00:00+00:00,163.87490844726562,214.92999267578125,216.13999938964844,212.92999267578125,213.89999389648438,1575600.0,SPG,1d
2016-06-30 00:00:00+00:00,165.37692260742188,216.89999389648438,217.1699981689453,213.89999389648438,215.72999572753906,2073000.0,SPG,1d
2016-07-01 00:00:00+00:00,165.55995178222656,217.13999938964844,218.9499969482422,216.52000427246094,217.52999877929688,1047900.0,SPG,1d
2016-07-05 00:00:00+00:00,167.91590881347656,220.22999572753906,220.25,217.2899932861328,217.33999633789062,1321800.0,SPG,1d
2016-07-06 00:00:00+00:00,165.8649139404297,217.5399932861328,220.3300018310547,216.8000030517578,219.67999267578125,1397200.0,SPG,1d
2016-07-07 00:00:00+00:00,164.37811279296875,215.58999633789062,217.66000366210938,213.8699951171875,217.0399932861328,1235700.0,SPG,1d
2016-07-08 00:00:00+00:00,167.40509033203125,219.55999755859375,219.75,216.02999877929688,216.7899932861328,1152800.0,SPG,1d
2016-07-11 00:00:00+00:00,169.0672607421875,221.74000549316406,222.25,218.3699951171875,219.8000030517578,998200.0,SPG,1d
2016-07-12 00:00:00+00:00,168.853759765625,221.4600067138672,221.83999633789062,219.17999267578125,221.3300018310547,1254200.0,SPG,1d
2016-07-13 00:00:00+00:00,170.97341918945312,224.24000549316406,224.25,221.0399932861328,221.77000427246094,1194200.0,SPG,1d
2016-07-14 00:00:00+00:00,169.39508056640625,222.1699981689453,224.22999572753906,221.5,224.22999572753906,1159700.0,SPG,1d
2016-07-15 00:00:00+00:00,169.98220825195312,222.94000244140625,223.17999267578125,219.94000244140625,222.6300048828125,1115200.0,SPG,1d
2016-07-18 00:00:00+00:00,169.4789581298828,222.27999877929688,223.4600067138672,221.3300018310547,223.0500030517578,849000.0,SPG,1d
2016-07-19 00:00:00+00:00,170.0508270263672,223.02999877929688,223.02999877929688,220.63999938964844,222.60000610351562,1077100.0,SPG,1d
2016-07-20 00:00:00+00:00,170.2109375,223.24000549316406,223.49000549316406,221.80999755859375,223.44000244140625,751800.0,SPG,1d
2016-07-21 00:00:00+00:00,170.94288635253906,224.1999969482422,224.35000610351562,220.83999633789062,222.74000549316406,663200.0,SPG,1d
2016-07-22 00:00:00+00:00,171.78155517578125,225.3000030517578,226.1300048828125,223.5399932861328,223.88999938964844,967300.0,SPG,1d
2016-07-25 00:00:00+00:00,171.1563720703125,224.47999572753906,226.4199981689453,224.0800018310547,225.85000610351562,800400.0,SPG,1d
2016-07-26 00:00:00+00:00,171.171630859375,224.5,225.10000610351562,223.47999572753906,224.50999450683594,920600.0,SPG,1d
2016-07-27 00:00:00+00:00,169.0367431640625,221.6999969482422,225.1999969482422,219.0500030517578,225.14999389648438,1587600.0,SPG,1d
2016-07-28 00:00:00+00:00,170.84375,224.07000732421875,225.75,221.6199951171875,221.80999755859375,923600.0,SPG,1d
2016-07-29 00:00:00+00:00,173.1082763671875,227.0399932861328,229.10000610351562,223.92999267578125,223.92999267578125,1260500.0,SPG,1d
2016-08-01 00:00:00+00:00,173.53524780273438,227.60000610351562,228.47000122070312,226.25999450683594,226.86000061035156,921600.0,SPG,1d
2016-08-02 00:00:00+00:00,170.49305725097656,223.61000061035156,227.5,223.2100067138672,226.5800018310547,1301900.0,SPG,1d
2016-08-03 00:00:00+00:00,169.5018768310547,222.30999755859375,222.3800048828125,220.35000610351562,222.1999969482422,1510600.0,SPG,1d
2016-08-04 00:00:00+00:00,167.4508514404297,219.6199951171875,223.07000732421875,219.3699951171875,222.5500030517578,1036300.0,SPG,1d
2016-08-05 00:00:00+00:00,167.5194549560547,219.7100067138672,220.99000549316406,218.47000122070312,220.1199951171875,1378700.0,SPG,1d
2016-08-08 00:00:00+00:00,167.71768188476562,219.97000122070312,222.3699951171875,219.27000427246094,219.69000244140625,1147500.0,SPG,1d
2016-08-09 00:00:00+00:00,168.22091674804688,220.6300048828125,221.3699951171875,218.35000610351562,220.0,881800.0,SPG,1d
2016-08-10 00:00:00+00:00,166.96286010742188,218.97999572753906,221.22000122070312,218.35000610351562,219.8800048828125,1218800.0,SPG,1d
2016-08-11 00:00:00+00:00,163.585205078125,214.5500030517578,219.0399932861328,213.49000549316406,219.0399932861328,2212900.0,SPG,1d
2016-08-12 00:00:00+00:00,164.09600830078125,215.22000122070312,216.55999755859375,214.1300048828125,214.85000610351562,1196500.0,SPG,1d
2016-08-15 00:00:00+00:00,164.4878692626953,214.0800018310547,214.97999572753906,213.3800048828125,214.35000610351562,1148100.0,SPG,1d
2016-08-16 00:00:00+00:00,162.55934143066406,211.57000732421875,214.30999755859375,210.27000427246094,213.8300018310547,1273100.0,SPG,1d
2016-08-17 00:00:00+00:00,164.4033660888672,213.97000122070312,214.49000549316406,210.33999633789062,211.57000732421875,1128900.0,SPG,1d
2016-08-18 00:00:00+00:00,164.69534301757812,214.35000610351562,215.07000732421875,213.0399932861328,213.49000549316406,890800.0,SPG,1d
2016-08-19 00:00:00+00:00,162.81289672851562,211.89999389648438,214.35000610351562,211.05999755859375,213.5399932861328,973500.0,SPG,1d
2016-08-22 00:00:00+00:00,163.26622009277344,212.49000549316406,213.25999450683594,211.02999877929688,212.35000610351562,811700.0,SPG,1d
2016-08-23 00:00:00+00:00,162.86668395996094,211.97000122070312,213.60000610351562,211.9199981689453,213.3699951171875,677700.0,SPG,1d
2016-08-24 00:00:00+00:00,164.61080932617188,214.24000549316406,214.66000366210938,211.1199951171875,212.27000427246094,1371100.0,SPG,1d
2016-08-25 00:00:00+00:00,165.6173553466797,215.5500030517578,217.52999877929688,214.32000732421875,214.38999938964844,1052200.0,SPG,1d
2016-08-26 00:00:00+00:00,164.24200439453125,213.75999450683594,218.19000244140625,212.89999389648438,216.16000366210938,1253500.0,SPG,1d
2016-08-29 00:00:00+00:00,165.72496032714844,215.69000244140625,216.2899932861328,213.36000061035156,213.75999450683594,883700.0,SPG,1d
2016-08-30 00:00:00+00:00,165.8862762451172,215.89999389648438,216.1999969482422,213.16000366210938,216.0399932861328,944700.0,SPG,1d
2016-08-31 00:00:00+00:00,165.555908203125,215.47000122070312,217.10000610351562,214.3300018310547,215.49000549316406,1817500.0,SPG,1d
2016-09-01 00:00:00+00:00,165.97850036621094,216.02000427246094,216.64999389648438,214.25999450683594,214.88999938964844,881900.0,SPG,1d
2016-09-02 00:00:00+00:00,166.49325561523438,216.69000244140625,219.41000366210938,215.61000061035156,216.9199981689453,939100.0,SPG,1d
2016-09-06 00:00:00+00:00,167.6227569580078,218.16000366210938,218.17999267578125,215.39999389648438,217.1199951171875,1374700.0,SPG,1d
2016-09-07 00:00:00+00:00,168.229736328125,218.9499969482422,219.05999755859375,216.89999389648438,218.11000061035156,813600.0,SPG,1d
2016-09-08 00:00:00+00:00,166.8006134033203,217.08999633789062,218.5800018310547,216.57000732421875,217.97999572753906,2414600.0,SPG,1d
2016-09-09 00:00:00+00:00,161.2761688232422,209.89999389648438,215.30999755859375,209.7899932861328,215.30999755859375,1693000.0,SPG,1d
2016-09-12 00:00:00+00:00,163.1048583984375,212.27999877929688,213.5399932861328,208.49000549316406,209.2100067138672,2081200.0,SPG,1d
2016-09-13 00:00:00+00:00,158.9865264892578,206.9199981689453,211.1999969482422,206.9199981689453,211.0500030517578,1406600.0,SPG,1d
2016-09-14 00:00:00+00:00,159.64727783203125,207.77999877929688,210.27999877929688,207.05999755859375,207.5500030517578,1212800.0,SPG,1d
2016-09-15 00:00:00+00:00,159.7471923828125,207.91000366210938,208.3300018310547,206.41000366210938,207.3000030517578,1230100.0,SPG,1d
2016-09-16 00:00:00+00:00,160.37721252441406,208.72999572753906,209.02999877929688,206.3699951171875,207.35000610351562,2460600.0,SPG,1d
2016-09-19 00:00:00+00:00,161.0380096435547,209.58999633789062,210.41000366210938,208.82000732421875,209.89999389648438,960100.0,SPG,1d
2016-09-20 00:00:00+00:00,160.3465118408203,208.69000244140625,210.94000244140625,208.67999267578125,210.6999969482422,974700.0,SPG,1d
2016-09-21 00:00:00+00:00,162.02146911621094,210.8699951171875,211.1300048828125,206.02000427246094,208.55999755859375,1498100.0,SPG,1d
2016-09-22 00:00:00+00:00,164.03457641601562,213.49000549316406,214.47000122070312,210.88999938964844,212.02000427246094,1173600.0,SPG,1d
2016-09-23 00:00:00+00:00,164.03457641601562,213.49000549316406,214.16000366210938,210.33999633789062,213.05999755859375,1208900.0,SPG,1d
2016-09-26 00:00:00+00:00,165.01036071777344,214.75999450683594,215.0800018310547,212.5,213.17999267578125,1073800.0,SPG,1d
2016-09-27 00:00:00+00:00,163.60426330566406,212.92999267578125,215.55999755859375,212.63999938964844,215.55999755859375,935500.0,SPG,1d
2016-09-28 00:00:00+00:00,163.35841369628906,212.61000061035156,213.72999572753906,210.6699981689453,212.99000549316406,1149600.0,SPG,1d
2016-09-29 00:00:00+00:00,159.49363708496094,207.5800018310547,211.99000549316406,207.1999969482422,211.7100067138672,1362700.0,SPG,1d
2016-09-30 00:00:00+00:00,159.05569458007812,207.00999450683594,209.88999938964844,206.97999572753906,209.33999633789062,1697200.0,SPG,1d
2016-10-03 00:00:00+00:00,155.08331298828125,201.83999633789062,206.2899932861328,200.89999389648438,206.2899932861328,2024100.0,SPG,1d
2016-10-04 00:00:00+00:00,152.8013153076172,198.8699951171875,202.32000732421875,197.38999938964844,201.52999877929688,1894600.0,SPG,1d
2016-10-05 00:00:00+00:00,150.38101196289062,195.72000122070312,201.0,194.67999267578125,199.36000061035156,1612300.0,SPG,1d
2016-10-06 00:00:00+00:00,150.9649658203125,196.47999572753906,198.60000610351562,192.64999389648438,195.36000061035156,1364700.0,SPG,1d
2016-10-07 00:00:00+00:00,151.21852111816406,196.80999755859375,200.3000030517578,195.82000732421875,197.63999938964844,1427000.0,SPG,1d
2016-10-10 00:00:00+00:00,151.74868774414062,197.5,198.8300018310547,196.85000610351562,196.97000122070312,699000.0,SPG,1d
2016-10-11 00:00:00+00:00,150.25039672851562,195.5500030517578,198.19000244140625,194.82000732421875,197.5,959400.0,SPG,1d
2016-10-12 00:00:00+00:00,152.83973693847656,198.9199981689453,199.0500030517578,195.58999633789062,196.0800018310547,1206700.0,SPG,1d
2016-10-13 00:00:00+00:00,152.7398223876953,198.7899932861328,199.22000122070312,196.91000366210938,197.8300018310547,1226300.0,SPG,1d
2016-10-14 00:00:00+00:00,151.35684204101562,196.99000549316406,199.85000610351562,196.99000549316406,199.0500030517578,1056400.0,SPG,1d
2016-10-17 00:00:00+00:00,151.74095153808594,197.49000549316406,198.3000030517578,196.22999572753906,197.25,1014500.0,SPG,1d
2016-10-18 00:00:00+00:00,152.470947265625,198.44000244140625,199.69000244140625,197.82000732421875,198.44000244140625,855900.0,SPG,1d
2016-10-19 00:00:00+00:00,152.4862823486328,198.4600067138672,198.74000549316406,195.10000610351562,198.3300018310547,1409700.0,SPG,1d
2016-10-20 00:00:00+00:00,151.5642852783203,197.25999450683594,199.13999938964844,196.32000732421875,199.0,1241800.0,SPG,1d
2016-10-21 00:00:00+00:00,151.0187530517578,196.5500030517578,196.89999389648438,195.0399932861328,195.7899932861328,872100.0,SPG,1d
2016-10-24 00:00:00+00:00,151.37220764160156,197.00999450683594,199.19000244140625,196.0,197.67999267578125,1030400.0,SPG,1d
2016-10-25 00:00:00+00:00,151.57192993164062,197.27000427246094,197.6999969482422,195.82000732421875,196.33999633789062,1035700.0,SPG,1d
2016-10-26 00:00:00+00:00,144.74131774902344,188.3800048828125,196.07000732421875,187.47999572753906,195.11000061035156,2676100.0,SPG,1d
2016-10-27 00:00:00+00:00,140.78436279296875,183.22999572753906,188.16000366210938,181.85000610351562,188.14999389648438,3726600.0,SPG,1d
2016-10-28 00:00:00+00:00,140.51544189453125,182.8800048828125,186.02999877929688,182.02999877929688,184.22999572753906,1694000.0,SPG,1d
2016-10-31 00:00:00+00:00,142.8819580078125,185.9600067138672,186.3300018310547,182.8800048828125,184.27000427246094,1932800.0,SPG,1d
2016-11-01 00:00:00+00:00,140.79969787597656,183.25,185.47999572753906,181.63999938964844,184.99000549316406,1861200.0,SPG,1d
2016-11-02 00:00:00+00:00,138.0567169189453,179.67999267578125,184.22000122070312,179.64999389648438,183.61000061035156,1662400.0,SPG,1d
2016-11-03 00:00:00+00:00,137.78781127929688,179.3300018310547,180.61000061035156,178.11000061035156,179.61000061035156,1118900.0,SPG,1d
2016-11-04 00:00:00+00:00,138.5177001953125,180.27999877929688,180.52000427246094,178.52999877929688,180.1199951171875,1662700.0,SPG,1d
2016-11-07 00:00:00+00:00,139.7854766845703,181.92999267578125,183.61000061035156,180.7899932861328,182.97999572753906,1082700.0,SPG,1d
2016-11-08 00:00:00+00:00,140.79969787597656,183.25,183.88999938964844,181.0,182.30999755859375,874100.0,SPG,1d
2016-11-09 00:00:00+00:00,138.9019012451172,180.77999877929688,181.6999969482422,174.91000366210938,180.13999938964844,2099600.0,SPG,1d
2016-11-10 00:00:00+00:00,140.0620574951172,182.2899932861328,186.47000122070312,176.67999267578125,181.32000732421875,3137400.0,SPG,1d
2016-11-11 00:00:00+00:00,140.30795288085938,182.61000061035156,184.9499969482422,181.97999572753906,182.25,1795200.0,SPG,1d
2016-11-14 00:00:00+00:00,143.89785766601562,185.58999633789062,186.3300018310547,179.1999969482422,181.27999877929688,1786900.0,SPG,1d
2016-11-15 00:00:00+00:00,142.84335327148438,184.22999572753906,189.25,182.8000030517578,186.42999267578125,2468600.0,SPG,1d
2016-11-16 00:00:00+00:00,141.84320068359375,182.94000244140625,185.22999572753906,181.8300018310547,184.60000610351562,1030500.0,SPG,1d
2016-11-17 00:00:00+00:00,140.09085083007812,180.67999267578125,183.9600067138672,180.1300048828125,182.75999450683594,1090800.0,SPG,1d
2016-11-18 00:00:00+00:00,140.20718383789062,180.8300018310547,181.75,179.16000366210938,180.55999755859375,1369300.0,SPG,1d
2016-11-21 00:00:00+00:00,139.31552124023438,179.67999267578125,182.97000122070312,179.3699951171875,181.17999267578125,1006600.0,SPG,1d
2016-11-22 00:00:00+00:00,140.78866577148438,181.5800018310547,181.97999572753906,180.13999938964844,180.60000610351562,1068300.0,SPG,1d
2016-11-23 00:00:00+00:00,140.15292358398438,180.75999450683594,180.9499969482422,178.0500030517578,180.1999969482422,1102500.0,SPG,1d
2016-11-25 00:00:00+00:00,140.57159423828125,181.3000030517578,182.99000549316406,180.35000610351562,181.74000549316406,490900.0,SPG,1d
2016-11-28 00:00:00+00:00,140.59487915039062,181.3300018310547,182.9499969482422,180.07000732421875,180.63999938964844,1398200.0,SPG,1d
2016-11-29 00:00:00+00:00,141.34698486328125,182.3000030517578,184.14999389648438,181.35000610351562,181.9499969482422,1346900.0,SPG,1d
2016-11-30 00:00:00+00:00,139.29225158691406,179.64999389648438,181.61000061035156,178.4199981689453,180.3800048828125,2234500.0,SPG,1d
2016-12-01 00:00:00+00:00,137.09800720214844,176.82000732421875,179.3800048828125,175.8699951171875,178.9199981689453,2075900.0,SPG,1d
2016-12-02 00:00:00+00:00,139.06741333007812,179.36000061035156,180.7899932861328,177.4199981689453,177.57000732421875,1273900.0,SPG,1d
2016-12-05 00:00:00+00:00,140.15292358398438,180.75999450683594,180.80999755859375,178.02999877929688,179.50999450683594,1027300.0,SPG,1d
2016-12-06 00:00:00+00:00,139.64894104003906,180.11000061035156,182.13999938964844,179.1300048828125,180.77999877929688,1202000.0,SPG,1d
2016-12-07 00:00:00+00:00,142.47120666503906,183.75,183.75999450683594,180.50999450683594,180.6999969482422,1278400.0,SPG,1d
2016-12-08 00:00:00+00:00,142.4014434814453,183.66000366210938,185.13999938964844,180.4499969482422,182.39999389648438,1196100.0,SPG,1d
2016-12-09 00:00:00+00:00,142.22311401367188,183.42999267578125,185.16000366210938,182.77999877929688,183.75,974800.0,SPG,1d
2016-12-12 00:00:00+00:00,144.30880737304688,186.1199951171875,186.3800048828125,182.72000122070312,182.97000122070312,1066900.0,SPG,1d
2016-12-13 00:00:00+00:00,145.32452392578125,187.42999267578125,187.69000244140625,184.05999755859375,186.91000366210938,1566000.0,SPG,1d
2016-12-14 00:00:00+00:00,140.5560760498047,181.27999877929688,187.61000061035156,180.99000549316406,187.16000366210938,2093400.0,SPG,1d
2016-12-15 00:00:00+00:00,139.56362915039062,180.0,182.17999267578125,179.4499969482422,181.38999938964844,1533700.0,SPG,1d
2016-12-16 00:00:00+00:00,140.5638427734375,181.2899932861328,182.8699951171875,179.82000732421875,181.4499969482422,1975400.0,SPG,1d
2016-12-19 00:00:00+00:00,141.6028289794922,182.6300048828125,183.8000030517578,181.33999633789062,182.5399932861328,1171300.0,SPG,1d
2016-12-20 00:00:00+00:00,141.87420654296875,182.97999572753906,183.6300048828125,181.39999389648438,182.57000732421875,1295200.0,SPG,1d
2016-12-21 00:00:00+00:00,138.1447296142578,178.1699981689453,184.44000244140625,177.86000061035156,183.27999877929688,1617100.0,SPG,1d
2016-12-22 00:00:00+00:00,136.64828491210938,176.24000549316406,178.83999633789062,175.02000427246094,178.0,1618000.0,SPG,1d
2016-12-23 00:00:00+00:00,136.4234619140625,175.9499969482422,176.89999389648438,174.50999450683594,176.89999389648438,973500.0,SPG,1d
2016-12-27 00:00:00+00:00,136.4312286376953,175.9600067138672,176.36000061035156,175.2899932861328,175.9600067138672,1041200.0,SPG,1d
2016-12-28 00:00:00+00:00,135.0665740966797,174.1999969482422,176.55999755859375,173.11000061035156,176.41000366210938,1290100.0,SPG,1d
2016-12-29 00:00:00+00:00,136.44671630859375,175.97999572753906,176.41000366210938,173.39999389648438,174.77999877929688,1472900.0,SPG,1d
2016-12-30 00:00:00+00:00,137.757080078125,177.6699981689453,178.8000030517578,175.61000061035156,176.61000061035156,2285100.0,SPG,1d
2017-01-03 00:00:00+00:00,141.5950469970703,182.6199951171875,182.6199951171875,176.8699951171875,179.08999633789062,2751200.0,SPG,1d
2017-01-04 00:00:00+00:00,142.72708129882812,184.0800018310547,184.1300048828125,181.5399932861328,182.91000366210938,1991700.0,SPG,1d
2017-01-05 00:00:00+00:00,142.97518920898438,184.39999389648438,184.72999572753906,178.1699981689453,179.69000244140625,2186400.0,SPG,1d
2017-01-06 00:00:00+00:00,144.85931396484375,186.8300018310547,188.10000610351562,182.60000610351562,183.5500030517578,2251400.0,SPG,1d
2017-01-09 00:00:00+00:00,144.14601135253906,185.91000366210938,187.7899932861328,185.2899932861328,186.49000549316406,1954000.0,SPG,1d
2017-01-10 00:00:00+00:00,142.8123779296875,184.19000244140625,185.89999389648438,183.64999389648438,185.1199951171875,2666100.0,SPG,1d
2017-01-11 00:00:00+00:00,141.1065673828125,181.99000549316406,184.47999572753906,181.57000732421875,183.6999969482422,2151700.0,SPG,1d
2017-01-12 00:00:00+00:00,141.95950317382812,183.08999633789062,183.22000122070312,181.11000061035156,181.61000061035156,1243200.0,SPG,1d
2017-01-13 00:00:00+00:00,142.6728057861328,184.00999450683594,184.97000122070312,182.47999572753906,182.8699951171875,1740400.0,SPG,1d
2017-01-17 00:00:00+00:00,143.69625854492188,185.3300018310547,186.75999450683594,184.13999938964844,184.3699951171875,1888500.0,SPG,1d
2017-01-18 00:00:00+00:00,144.65769958496094,186.57000732421875,187.1699981689453,184.72000122070312,185.0,1330300.0,SPG,1d
2017-01-19 00:00:00+00:00,141.82765197753906,182.9199981689453,185.66000366210938,182.72999572753906,185.52000427246094,1939700.0,SPG,1d
2017-01-20 00:00:00+00:00,143.07598876953125,184.52999877929688,185.0399932861328,181.10000610351562,182.8300018310547,2673600.0,SPG,1d
2017-01-23 00:00:00+00:00,143.4404296875,185.0,185.2100067138672,183.80999755859375,184.3800048828125,2150200.0,SPG,1d
2017-01-24 00:00:00+00:00,142.77359008789062,184.13999938964844,185.3699951171875,183.4199981689453,185.19000244140625,2315200.0,SPG,1d
2017-01-25 00:00:00+00:00,141.42449951171875,182.39999389648438,184.22000122070312,182.08999633789062,183.89999389648438,2063800.0,SPG,1d
2017-01-26 00:00:00+00:00,141.1841583251953,182.08999633789062,183.4199981689453,181.8699951171875,182.91000366210938,1891300.0,SPG,1d
2017-01-27 00:00:00+00:00,139.1837158203125,179.50999450683594,182.67999267578125,178.52999877929688,182.57000732421875,2194000.0,SPG,1d
2017-01-30 00:00:00+00:00,137.8113555908203,177.74000549316406,179.97999572753906,176.6199951171875,179.9600067138672,1716100.0,SPG,1d
2017-01-31 00:00:00+00:00,142.48672485351562,183.77000427246094,184.07000732421875,179.00999450683594,179.00999450683594,3403200.0,SPG,1d
2017-02-01 00:00:00+00:00,140.7499237060547,181.52999877929688,186.0,181.49000549316406,185.3800048828125,2925100.0,SPG,1d
2017-02-02 00:00:00+00:00,141.8586883544922,182.9600067138672,183.52000427246094,181.30999755859375,181.30999755859375,1535100.0,SPG,1d
2017-02-03 00:00:00+00:00,143.69625854492188,185.3300018310547,185.41000366210938,183.77000427246094,184.10000610351562,1805300.0,SPG,1d
2017-02-06 00:00:00+00:00,141.16860961914062,182.07000732421875,185.5,181.75,184.24000549316406,1179400.0,SPG,1d
2017-02-07 00:00:00+00:00,138.83482360839844,179.05999755859375,183.36000061035156,178.52000427246094,182.1300048828125,1812900.0,SPG,1d
2017-02-08 00:00:00+00:00,140.04437255859375,180.6199951171875,181.13999938964844,178.66000366210938,179.25999450683594,1406100.0,SPG,1d
2017-02-09 00:00:00+00:00,141.1065673828125,181.99000549316406,182.8699951171875,180.7899932861328,181.00999450683594,1298500.0,SPG,1d
2017-02-10 00:00:00+00:00,142.56277465820312,182.10000610351562,182.67999267578125,180.0500030517578,180.3699951171875,1193500.0,SPG,1d
2017-02-13 00:00:00+00:00,142.22610473632812,181.6699981689453,183.7899932861328,180.52999877929688,182.8300018310547,1250600.0,SPG,1d
2017-02-14 00:00:00+00:00,141.6546173095703,180.94000244140625,182.38999938964844,179.85000610351562,181.0800018310547,1079700.0,SPG,1d
2017-02-15 00:00:00+00:00,139.77566528320312,178.5399932861328,180.8300018310547,176.83999633789062,180.42999267578125,1954900.0,SPG,1d
2017-02-16 00:00:00+00:00,140.27671813964844,179.17999267578125,180.86000061035156,178.5500030517578,178.8800048828125,1373100.0,SPG,1d
2017-02-17 00:00:00+00:00,141.7720489501953,181.08999633789062,182.0500030517578,178.38999938964844,179.36000061035156,1657800.0,SPG,1d
2017-02-21 00:00:00+00:00,144.95838928222656,185.16000366210938,185.6199951171875,181.0399932861328,181.52999877929688,1521200.0,SPG,1d
2017-02-22 00:00:00+00:00,144.59825134277344,184.6999969482422,185.69000244140625,183.60000610351562,184.8300018310547,1469200.0,SPG,1d
2017-02-23 00:00:00+00:00,144.82525634765625,184.99000549316406,185.7899932861328,183.6300048828125,184.6999969482422,1043700.0,SPG,1d
2017-02-24 00:00:00+00:00,144.27728271484375,184.2899932861328,184.7100067138672,181.89999389648438,184.69000244140625,1213100.0,SPG,1d
2017-02-27 00:00:00+00:00,145.8743438720703,186.3300018310547,187.35000610351562,184.3000030517578,185.0399932861328,1313800.0,SPG,1d
2017-02-28 00:00:00+00:00,144.36337280273438,184.39999389648438,186.3699951171875,182.7899932861328,185.6699981689453,1841800.0,SPG,1d
2017-03-01 00:00:00+00:00,142.8916015625,182.52000427246094,184.8800048828125,182.22000122070312,184.27000427246094,1845900.0,SPG,1d
2017-03-02 00:00:00+00:00,141.81121826171875,181.13999938964844,182.55999755859375,179.60000610351562,182.52000427246094,1566500.0,SPG,1d
2017-03-03 00:00:00+00:00,140.44895935058594,179.39999389648438,181.72000122070312,178.80999755859375,181.50999450683594,1729600.0,SPG,1d
2017-03-06 00:00:00+00:00,139.97923278808594,178.8000030517578,180.1300048828125,177.52999877929688,178.72999572753906,1104200.0,SPG,1d
2017-03-07 00:00:00+00:00,138.7970733642578,177.2899932861328,179.08999633789062,175.9199981689453,178.49000549316406,1379700.0,SPG,1d
2017-03-08 00:00:00+00:00,136.7615966796875,174.69000244140625,176.89999389648438,173.66000366210938,176.5399932861328,3275700.0,SPG,1d
2017-03-09 00:00:00+00:00,132.55751037597656,169.32000732421875,174.77000427246094,169.1699981689453,174.66000366210938,4031600.0,SPG,1d
2017-03-10 00:00:00+00:00,131.6572265625,168.1699981689453,171.8000030517578,167.58999633789062,169.32000732421875,3101200.0,SPG,1d
2017-03-13 00:00:00+00:00,132.06430053710938,168.69000244140625,169.75999450683594,166.88999938964844,169.0,2719600.0,SPG,1d
2017-03-14 00:00:00+00:00,130.92129516601562,167.22999572753906,169.38999938964844,166.64999389648438,168.11000061035156,2718900.0,SPG,1d
2017-03-15 00:00:00+00:00,133.08985900878906,170.0,172.97999572753906,167.5,168.00999450683594,2657100.0,SPG,1d
2017-03-16 00:00:00+00:00,132.62017822265625,169.39999389648438,170.5800018310547,169.0,170.0,1110200.0,SPG,1d
2017-03-17 00:00:00+00:00,131.53977966308594,168.02000427246094,169.72000122070312,167.00999450683594,168.92999267578125,2846800.0,SPG,1d
2017-03-20 00:00:00+00:00,131.6102294921875,168.11000061035156,169.22000122070312,167.75999450683594,168.4499969482422,1076000.0,SPG,1d
2017-03-21 00:00:00+00:00,132.27569580078125,168.9600067138672,169.72000122070312,166.9199981689453,168.57000732421875,2042000.0,SPG,1d
2017-03-22 00:00:00+00:00,129.4886016845703,165.39999389648438,169.0,163.5500030517578,168.7100067138672,2554700.0,SPG,1d
2017-03-23 00:00:00+00:00,131.1796417236328,167.55999755859375,169.58999633789062,165.47999572753906,165.60000610351562,1459700.0,SPG,1d
2017-03-24 00:00:00+00:00,131.48497009277344,167.9499969482422,168.35000610351562,166.5,167.89999389648438,1545900.0,SPG,1d
2017-03-27 00:00:00+00:00,130.07579040527344,166.14999389648438,168.36000061035156,165.57000732421875,166.9199981689453,1598200.0,SPG,1d
2017-03-28 00:00:00+00:00,131.56324768066406,168.0500030517578,168.1199951171875,165.25,166.14999389648438,1980600.0,SPG,1d
2017-03-29 00:00:00+00:00,132.98028564453125,169.86000061035156,169.88999938964844,167.07000732421875,167.82000732421875,1916500.0,SPG,1d
2017-03-30 00:00:00+00:00,133.12120056152344,170.0399932861328,171.0,167.35000610351562,169.17999267578125,1548100.0,SPG,1d
2017-03-31 00:00:00+00:00,134.6791229248047,172.02999877929688,172.49000549316406,170.22000122070312,170.36000061035156,2052000.0,SPG,1d
2017-04-03 00:00:00+00:00,136.2683868408203,174.05999755859375,174.8800048828125,171.80999755859375,172.27999877929688,2526500.0,SPG,1d
2017-04-04 00:00:00+00:00,133.52830505371094,170.55999755859375,175.7100067138672,170.42999267578125,174.0500030517578,2966100.0,SPG,1d
2017-04-05 00:00:00+00:00,133.31690979003906,170.2899932861328,171.60000610351562,170.05999755859375,171.0,1725000.0,SPG,1d
2017-04-06 00:00:00+00:00,132.93328857421875,169.8000030517578,170.6300048828125,169.0399932861328,170.0800018310547,1819800.0,SPG,1d
2017-04-07 00:00:00+00:00,132.94113159179688,169.80999755859375,170.91000366210938,168.9499969482422,169.6199951171875,1501100.0,SPG,1d
2017-04-10 00:00:00+00:00,134.25637817382812,171.49000549316406,171.60000610351562,169.1699981689453,169.6699981689453,1379400.0,SPG,1d
2017-04-11 00:00:00+00:00,135.7125244140625,173.35000610351562,173.97000122070312,171.2899932861328,171.41000366210938,1807600.0,SPG,1d
2017-04-12 00:00:00+00:00,135.65773010253906,173.27999877929688,174.8300018310547,172.14999389648438,172.82000732421875,1913900.0,SPG,1d
2017-04-13 00:00:00+00:00,136.09617614746094,173.83999633789062,174.22999572753906,172.7899932861328,173.32000732421875,1043300.0,SPG,1d
2017-04-17 00:00:00+00:00,136.66766357421875,174.57000732421875,176.1699981689453,173.8300018310547,174.3699951171875,1215700.0,SPG,1d
2017-04-18 00:00:00+00:00,136.79290771484375,174.72999572753906,174.8300018310547,173.38999938964844,173.82000732421875,1190200.0,SPG,1d
2017-04-19 00:00:00+00:00,136.55804443359375,174.42999267578125,175.8300018310547,173.75999450683594,174.39999389648438,1367000.0,SPG,1d
2017-04-20 00:00:00+00:00,136.79290771484375,174.72999572753906,174.97000122070312,173.1300048828125,174.75999450683594,1145900.0,SPG,1d
2017-04-21 00:00:00+00:00,134.6399688720703,171.97999572753906,174.97999572753906,171.3000030517578,174.60000610351562,2003800.0,SPG,1d
2017-04-24 00:00:00+00:00,132.2600555419922,168.94000244140625,173.16000366210938,167.5399932861328,173.02000427246094,2407300.0,SPG,1d
2017-04-25 00:00:00+00:00,131.55543518066406,168.0399932861328,169.5500030517578,167.4199981689453,169.32000732421875,1754600.0,SPG,1d
2017-04-26 00:00:00+00:00,129.2067413330078,165.0399932861328,167.72999572753906,164.8800048828125,167.6199951171875,2025600.0,SPG,1d
2017-04-27 00:00:00+00:00,131.42234802246094,167.8699951171875,170.0,165.0399932861328,165.0399932861328,2388200.0,SPG,1d
2017-04-28 00:00:00+00:00,129.3790283203125,165.25999450683594,167.82000732421875,164.8300018310547,167.64999389648438,1838300.0,SPG,1d
2017-05-01 00:00:00+00:00,132.00164794921875,168.61000061035156,170.24000549316406,164.8300018310547,166.22000122070312,2955500.0,SPG,1d
2017-05-02 00:00:00+00:00,132.1426239013672,168.7899932861328,169.72999572753906,167.38999938964844,168.75,1954800.0,SPG,1d
2017-05-03 00:00:00+00:00,129.6374053955078,165.58999633789062,169.77999877929688,165.1999969482422,169.4600067138672,1520500.0,SPG,1d
2017-05-04 00:00:00+00:00,129.50428771972656,165.4199981689453,165.7100067138672,163.3000030517578,164.61000061035156,2223200.0,SPG,1d
2017-05-05 00:00:00+00:00,128.7996826171875,164.52000427246094,165.88999938964844,164.05999755859375,165.4499969482422,1665000.0,SPG,1d
2017-05-08 00:00:00+00:00,127.48445129394531,162.83999633789062,165.0,160.4499969482422,164.83999633789062,2399600.0,SPG,1d
2017-05-09 00:00:00+00:00,127.18695831298828,162.4600067138672,163.0,160.66000366210938,163.0,2041000.0,SPG,1d
2017-05-10 00:00:00+00:00,129.684326171875,165.64999389648438,165.75,162.19000244140625,162.4600067138672,2429300.0,SPG,1d
2017-05-11 00:00:00+00:00,126.65459442138672,161.77999877929688,163.49000549316406,159.6699981689453,163.30999755859375,2684400.0,SPG,1d
2017-05-12 00:00:00+00:00,123.2881851196289,157.47999572753906,161.66000366210938,157.30999755859375,161.4499969482422,2834800.0,SPG,1d
2017-05-15 00:00:00+00:00,123.6286392211914,156.16000366210938,157.64999389648438,155.50999450683594,155.72000122070312,2108400.0,SPG,1d
2017-05-16 00:00:00+00:00,122.02152252197266,154.1300048828125,156.22999572753906,153.22000122070312,156.16000366210938,3241200.0,SPG,1d
2017-05-17 00:00:00+00:00,122.12445068359375,154.25999450683594,156.0500030517578,152.08999633789062,153.92999267578125,3276400.0,SPG,1d
2017-05-18 00:00:00+00:00,121.92650604248047,154.00999450683594,154.75999450683594,152.50999450683594,153.69000244140625,2319600.0,SPG,1d
2017-05-19 00:00:00+00:00,124.98238372802734,157.8699951171875,159.16000366210938,153.3000030517578,154.22999572753906,4364900.0,SPG,1d
2017-05-22 00:00:00+00:00,124.76863098144531,157.60000610351562,160.1199951171875,156.94000244140625,158.38999938964844,2106100.0,SPG,1d
2017-05-23 00:00:00+00:00,124.49156188964844,157.25,158.25999450683594,156.83999633789062,157.60000610351562,1802000.0,SPG,1d
2017-05-24 00:00:00+00:00,126.49449157714844,159.77999877929688,159.97999572753906,156.8300018310547,157.3699951171875,1619600.0,SPG,1d
2017-05-25 00:00:00+00:00,127.2228775024414,160.6999969482422,162.25,159.0800018310547,160.07000732421875,1777800.0,SPG,1d
2017-05-26 00:00:00+00:00,124.49949645996094,157.25999450683594,160.75999450683594,156.97000122070312,160.74000549316406,1475500.0,SPG,1d
2017-05-30 00:00:00+00:00,122.6944351196289,154.97999572753906,158.27999877929688,154.9499969482422,158.0399932861328,1767500.0,SPG,1d
2017-05-31 00:00:00+00:00,122.11652374267578,154.25,156.25,153.9199981689453,155.08999633789062,3560300.0,SPG,1d
2017-06-01 00:00:00+00:00,122.57569122314453,154.8300018310547,155.25999450683594,152.63999938964844,154.0,2096500.0,SPG,1d
2017-06-02 00:00:00+00:00,120.84190368652344,152.63999938964844,156.25,152.10000610351562,155.3800048828125,1903100.0,SPG,1d
2017-06-05 00:00:00+00:00,120.54107666015625,152.25999450683594,152.91000366210938,150.14999389648438,152.25,1609000.0,SPG,1d
2017-06-06 00:00:00+00:00,121.19815063476562,153.08999633789062,153.97000122070312,150.64999389648438,152.42999267578125,1836000.0,SPG,1d
2017-06-07 00:00:00+00:00,122.92403411865234,155.27000427246094,156.1199951171875,152.82000732421875,153.02000427246094,2070300.0,SPG,1d
2017-06-08 00:00:00+00:00,122.36988830566406,154.57000732421875,156.5399932861328,153.6999969482422,155.27000427246094,1790400.0,SPG,1d
2017-06-09 00:00:00+00:00,123.18529510498047,155.60000610351562,156.55999755859375,152.5399932861328,154.5,1217500.0,SPG,1d
2017-06-12 00:00:00+00:00,126.46282958984375,159.74000549316406,160.8699951171875,155.39999389648438,155.5399932861328,2386400.0,SPG,1d
2017-06-13 00:00:00+00:00,125.72657775878906,158.80999755859375,160.82000732421875,157.08999633789062,159.30999755859375,1940400.0,SPG,1d
2017-06-14 00:00:00+00:00,126.38365936279297,159.63999938964844,160.7899932861328,158.80999755859375,159.64999389648438,1793000.0,SPG,1d
2017-06-15 00:00:00+00:00,127.24658203125,160.72999572753906,161.74000549316406,158.05999755859375,158.85000610351562,1647400.0,SPG,1d
2017-06-16 00:00:00+00:00,126.87451934814453,160.25999450683594,162.88999938964844,158.25,161.17999267578125,4639200.0,SPG,1d
2017-06-19 00:00:00+00:00,125.85325622558594,158.97000122070312,159.77000427246094,157.2100067138672,159.77000427246094,2150500.0,SPG,1d
2017-06-20 00:00:00+00:00,125.86116027832031,158.97999572753906,161.33999633789062,157.6300048828125,160.58999633789062,1829000.0,SPG,1d
2017-06-21 00:00:00+00:00,125.70280456542969,158.77999877929688,159.9199981689453,157.5500030517578,159.42999267578125,1749600.0,SPG,1d
2017-06-22 00:00:00+00:00,125.97991943359375,159.1300048828125,159.75999450683594,157.0,158.60000610351562,1903000.0,SPG,1d
2017-06-23 00:00:00+00:00,125.79784393310547,158.89999389648438,160.44000244140625,158.41000366210938,159.47999572753906,1967900.0,SPG,1d
2017-06-26 00:00:00+00:00,127.02494812011719,160.4499969482422,163.1699981689453,159.69000244140625,159.77000427246094,1801400.0,SPG,1d
2017-06-27 00:00:00+00:00,128.54493713378906,162.3699951171875,163.4499969482422,159.8000030517578,159.94000244140625,1819200.0,SPG,1d
2017-06-28 00:00:00+00:00,129.6770782470703,163.8000030517578,164.69000244140625,162.72999572753906,163.25,2014300.0,SPG,1d
2017-06-29 00:00:00+00:00,128.71121215820312,162.5800018310547,165.3800048828125,162.52999877929688,163.5,2008500.0,SPG,1d
2017-06-30 00:00:00+00:00,128.06204223632812,161.75999450683594,164.8699951171875,160.1999969482422,163.60000610351562,1568800.0,SPG,1d
2017-07-03 00:00:00+00:00,130.76956176757812,165.17999267578125,165.38999938964844,162.3000030517578,162.36000061035156,1057100.0,SPG,1d
2017-07-05 00:00:00+00:00,125.26738739013672,158.22999572753906,165.35000610351562,158.17999267578125,164.97999572753906,2456900.0,SPG,1d
2017-07-06 00:00:00+00:00,123.3277816772461,155.77999877929688,159.05999755859375,155.42999267578125,157.91000366210938,1594500.0,SPG,1d
2017-07-07 00:00:00+00:00,124.00862884521484,156.63999938964844,156.9600067138672,155.42999267578125,156.17999267578125,1343800.0,SPG,1d
2017-07-10 00:00:00+00:00,123.05859375,155.44000244140625,157.13999938964844,155.3800048828125,156.86000061035156,1140400.0,SPG,1d
2017-07-11 00:00:00+00:00,121.87109375,153.94000244140625,155.72999572753906,153.13999938964844,155.72999572753906,1668400.0,SPG,1d
2017-07-12 00:00:00+00:00,123.1219711303711,155.52000427246094,158.9600067138672,155.1699981689453,155.24000549316406,1861400.0,SPG,1d
2017-07-13 00:00:00+00:00,125.12490844726562,158.0500030517578,158.4600067138672,155.80999755859375,156.1300048828125,1331000.0,SPG,1d
2017-07-14 00:00:00+00:00,127.24658203125,160.72999572753906,160.92999267578125,157.30999755859375,157.30999755859375,1365400.0,SPG,1d
2017-07-17 00:00:00+00:00,128.35496520996094,162.1300048828125,162.82000732421875,160.02000427246094,160.6300048828125,1246900.0,SPG,1d
2017-07-18 00:00:00+00:00,126.5340576171875,159.8300018310547,162.47999572753906,159.63999938964844,161.72000122070312,1268700.0,SPG,1d
2017-07-19 00:00:00+00:00,126.8824462890625,160.27000427246094,160.64999389648438,159.5,159.7899932861328,1185700.0,SPG,1d
2017-07-20 00:00:00+00:00,127.46825408935547,161.00999450683594,162.0500030517578,160.05999755859375,160.69000244140625,1241300.0,SPG,1d
2017-07-21 00:00:00+00:00,127.1278305053711,160.5800018310547,161.2899932861328,159.0,160.88999938964844,1321500.0,SPG,1d
2017-07-24 00:00:00+00:00,126.70033264160156,160.0399932861328,161.97000122070312,159.14999389648438,160.6199951171875,1221000.0,SPG,1d
2017-07-25 00:00:00+00:00,127.91162872314453,161.57000732421875,162.05999755859375,159.1999969482422,160.5500030517578,1362300.0,SPG,1d
2017-07-26 00:00:00+00:00,129.6533203125,163.77000427246094,164.3000030517578,161.4199981689453,162.0,1090500.0,SPG,1d
2017-07-27 00:00:00+00:00,131.6800079345703,166.3300018310547,166.9600067138672,161.57000732421875,162.92999267578125,1498800.0,SPG,1d
2017-07-28 00:00:00+00:00,127.08035278320312,160.52000427246094,165.69000244140625,160.22999572753906,163.82000732421875,2031700.0,SPG,1d
2017-07-31 00:00:00+00:00,125.48114013671875,158.5,160.85000610351562,157.77999877929688,160.60000610351562,3627000.0,SPG,1d
2017-08-01 00:00:00+00:00,130.2945556640625,164.5800018310547,165.5,159.17999267578125,165.25,3144100.0,SPG,1d
2017-08-02 00:00:00+00:00,127.75325012207031,161.3699951171875,165.35000610351562,160.30999755859375,162.4600067138672,2486400.0,SPG,1d
2017-08-03 00:00:00+00:00,128.2124481201172,161.9499969482422,163.5500030517578,160.1300048828125,160.94000244140625,1919500.0,SPG,1d
2017-08-04 00:00:00+00:00,130.25497436523438,164.52999877929688,164.77000427246094,161.77000427246094,162.2100067138672,1647200.0,SPG,1d
2017-08-07 00:00:00+00:00,131.711669921875,166.3699951171875,167.1199951171875,163.47999572753906,164.4600067138672,1534200.0,SPG,1d
2017-08-08 00:00:00+00:00,129.90663146972656,164.08999633789062,166.97999572753906,162.3000030517578,165.75999450683594,1387900.0,SPG,1d
2017-08-09 00:00:00+00:00,129.3682861328125,163.41000366210938,164.38999938964844,161.6199951171875,164.07000732421875,1194800.0,SPG,1d
2017-08-10 00:00:00+00:00,127.57908630371094,161.14999389648438,163.14999389648438,161.00999450683594,163.14999389648438,1191500.0,SPG,1d
2017-08-11 00:00:00+00:00,124.99822235107422,157.88999938964844,160.92999267578125,156.0,160.35000610351562,1839300.0,SPG,1d
2017-08-14 00:00:00+00:00,126.93782043457031,160.33999633789062,160.9600067138672,158.07000732421875,158.5800018310547,1644600.0,SPG,1d
2017-08-15 00:00:00+00:00,126.09712982177734,157.49000549316406,158.52000427246094,155.3800048828125,157.94000244140625,2024300.0,SPG,1d
2017-08-16 00:00:00+00:00,126.46542358398438,157.9499969482422,159.61000061035156,157.35000610351562,158.25,2043300.0,SPG,1d
2017-08-17 00:00:00+00:00,125.86495208740234,157.1999969482422,158.7899932861328,157.1999969482422,157.75,1302700.0,SPG,1d
2017-08-18 00:00:00+00:00,122.96654510498047,153.5800018310547,156.16000366210938,152.50999450683594,155.77000427246094,2131500.0,SPG,1d
2017-08-21 00:00:00+00:00,123.76721954345703,154.5800018310547,155.49000549316406,152.5500030517578,153.9199981689453,1145800.0,SPG,1d
2017-08-22 00:00:00+00:00,122.6863021850586,153.22999572753906,155.67999267578125,152.9199981689453,154.8300018310547,1052100.0,SPG,1d
2017-08-23 00:00:00+00:00,126.16118621826172,157.57000732421875,157.75999450683594,152.97000122070312,153.10000610351562,1731200.0,SPG,1d
2017-08-24 00:00:00+00:00,125.43258666992188,156.66000366210938,161.07000732421875,156.3800048828125,158.6699981689453,2289900.0,SPG,1d
2017-08-25 00:00:00+00:00,127.33817291259766,159.0399932861328,159.99000549316406,155.85000610351562,157.1699981689453,1501200.0,SPG,1d
2017-08-28 00:00:00+00:00,125.56869506835938,156.8300018310547,159.69000244140625,156.11000061035156,159.1999969482422,1100900.0,SPG,1d
2017-08-29 00:00:00+00:00,125.10432434082031,156.25,157.55999755859375,155.6699981689453,156.4199981689453,1068500.0,SPG,1d
2017-08-30 00:00:00+00:00,125.72084045410156,157.02000427246094,157.1199951171875,154.4499969482422,156.6999969482422,909100.0,SPG,1d
2017-08-31 00:00:00+00:00,125.58473205566406,156.85000610351562,158.58999633789062,156.47999572753906,157.52999877929688,2279500.0,SPG,1d
2017-09-01 00:00:00+00:00,126.65763092041016,158.19000244140625,159.52000427246094,157.0,157.52000427246094,1043200.0,SPG,1d
2017-09-05 00:00:00+00:00,125.60873413085938,156.8800048828125,159.17999267578125,156.0,158.19000244140625,1397800.0,SPG,1d
2017-09-06 00:00:00+00:00,127.0899658203125,158.72999572753906,159.8699951171875,157.10000610351562,157.57000732421875,1676600.0,SPG,1d
2017-09-07 00:00:00+00:00,128.7473602294922,160.8000030517578,161.63999938964844,158.22999572753906,158.83999633789062,1456800.0,SPG,1d
2017-09-08 00:00:00+00:00,127.7545166015625,159.55999755859375,160.86000061035156,159.52000427246094,160.5,915800.0,SPG,1d
2017-09-11 00:00:00+00:00,128.36302185058594,160.32000732421875,161.30999755859375,159.47999572753906,160.1699981689453,736600.0,SPG,1d
2017-09-12 00:00:00+00:00,126.1451644897461,157.5500030517578,161.77000427246094,157.0,160.39999389648438,1302400.0,SPG,1d
2017-09-13 00:00:00+00:00,128.45111083984375,160.42999267578125,160.42999267578125,157.6999969482422,157.83999633789062,1540600.0,SPG,1d
2017-09-14 00:00:00+00:00,131.1093292236328,163.75,163.86000061035156,160.17999267578125,160.4600067138672,1770300.0,SPG,1d
2017-09-15 00:00:00+00:00,131.92601013183594,164.77000427246094,165.19000244140625,163.2100067138672,164.49000549316406,2811600.0,SPG,1d
2017-09-18 00:00:00+00:00,129.32382202148438,161.52000427246094,164.72999572753906,161.1699981689453,164.49000549316406,1718200.0,SPG,1d
2017-09-19 00:00:00+00:00,127.89064025878906,159.72999572753906,161.4199981689453,158.8000030517578,161.22000122070312,1733700.0,SPG,1d
2017-09-20 00:00:00+00:00,128.0267791748047,159.89999389648438,160.6300048828125,159.0800018310547,159.88999938964844,1637000.0,SPG,1d
2017-09-21 00:00:00+00:00,127.77051544189453,159.5800018310547,161.10000610351562,159.1699981689453,159.75999450683594,1231100.0,SPG,1d
2017-09-22 00:00:00+00:00,127.15402221679688,158.80999755859375,160.1999969482422,158.49000549316406,159.42999267578125,855100.0,SPG,1d
2017-09-25 00:00:00+00:00,128.49114990234375,160.47999572753906,162.10000610351562,158.97999572753906,159.02000427246094,933200.0,SPG,1d
2017-09-26 00:00:00+00:00,130.91717529296875,163.50999450683594,164.17999267578125,160.75999450683594,161.1699981689453,1706500.0,SPG,1d
2017-09-27 00:00:00+00:00,128.1949005126953,160.11000061035156,163.6999969482422,159.6699981689453,163.10000610351562,1478300.0,SPG,1d
2017-09-28 00:00:00+00:00,129.3798828125,161.58999633789062,161.9199981689453,159.42999267578125,160.47000122070312,1168600.0,SPG,1d
2017-09-29 00:00:00+00:00,128.91549682617188,161.00999450683594,162.0,159.80999755859375,160.77000427246094,1611000.0,SPG,1d
2017-10-02 00:00:00+00:00,127.85860443115234,159.69000244140625,161.3800048828125,159.5,161.17999267578125,1335600.0,SPG,1d
2017-10-03 00:00:00+00:00,127.33817291259766,159.0399932861328,160.35000610351562,157.91000366210938,159.5500030517578,1168400.0,SPG,1d
2017-10-04 00:00:00+00:00,127.97869873046875,159.83999633789062,160.24000549316406,158.1300048828125,158.4199981689453,1661700.0,SPG,1d
2017-10-05 00:00:00+00:00,129.11563110351562,161.25999450683594,162.57000732421875,159.91000366210938,160.41000366210938,1371200.0,SPG,1d
2017-10-06 00:00:00+00:00,128.29898071289062,160.24000549316406,161.1199951171875,158.77000427246094,160.27999877929688,1161900.0,SPG,1d
2017-10-09 00:00:00+00:00,128.71533203125,160.75999450683594,161.25999450683594,160.13999938964844,160.1999969482422,551500.0,SPG,1d
2017-10-10 00:00:00+00:00,130.436767578125,162.91000366210938,163.66000366210938,161.11000061035156,161.55999755859375,1076700.0,SPG,1d
2017-10-11 00:00:00+00:00,132.1741943359375,165.0800018310547,165.11000061035156,162.6199951171875,163.16000366210938,1414900.0,SPG,1d
2017-10-12 00:00:00+00:00,131.7418670654297,164.5399932861328,165.9199981689453,162.6999969482422,164.55999755859375,1385500.0,SPG,1d
2017-10-13 00:00:00+00:00,133.15904235839844,166.30999755859375,167.82000732421875,164.3800048828125,165.41000366210938,1446500.0,SPG,1d
2017-10-16 00:00:00+00:00,132.3743896484375,165.3300018310547,167.27999877929688,165.02999877929688,166.4499969482422,1092800.0,SPG,1d
2017-10-17 00:00:00+00:00,133.79156494140625,167.10000610351562,167.74000549316406,164.82000732421875,165.19000244140625,1366200.0,SPG,1d
2017-10-18 00:00:00+00:00,131.70179748535156,164.49000549316406,167.60000610351562,164.1699981689453,166.72000122070312,1092700.0,SPG,1d
2017-10-19 00:00:00+00:00,132.5264892578125,165.52000427246094,166.47999572753906,164.16000366210938,164.75999450683594,1518300.0,SPG,1d
2017-10-20 00:00:00+00:00,131.88597106933594,164.72000122070312,165.8000030517578,163.0800018310547,165.50999450683594,1300000.0,SPG,1d
2017-10-23 00:00:00+00:00,132.46246337890625,165.44000244140625,166.19000244140625,164.22000122070312,165.22999572753906,965400.0,SPG,1d
2017-10-24 00:00:00+00:00,131.20541381835938,163.8699951171875,165.74000549316406,163.5500030517578,165.2899932861328,1507700.0,SPG,1d
2017-10-25 00:00:00+00:00,131.0532684326172,163.67999267578125,163.8800048828125,161.0800018310547,163.05999755859375,1220700.0,SPG,1d
2017-10-26 00:00:00+00:00,131.11732482910156,163.75999450683594,164.8300018310547,161.63999938964844,164.19000244140625,1868200.0,SPG,1d
2017-10-27 00:00:00+00:00,125.43258666992188,156.66000366210938,162.0,153.7100067138672,161.25,3493800.0,SPG,1d
2017-10-30 00:00:00+00:00,126.29728698730469,157.74000549316406,158.27000427246094,156.13999938964844,156.57000732421875,1371900.0,SPG,1d
2017-10-31 00:00:00+00:00,124.36767578125,155.3300018310547,157.61000061035156,154.0500030517578,157.39999389648438,2357300.0,SPG,1d
2017-11-01 00:00:00+00:00,125.77688598632812,157.08999633789062,157.72999572753906,155.2899932861328,155.99000549316406,1539800.0,SPG,1d
2017-11-02 00:00:00+00:00,127.59440612792969,159.36000061035156,160.27000427246094,156.74000549316406,156.97999572753906,1690100.0,SPG,1d
2017-11-03 00:00:00+00:00,124.10345458984375,155.0,157.72000122070312,154.6999969482422,156.3699951171875,2114200.0,SPG,1d
2017-11-06 00:00:00+00:00,124.09548950195312,154.99000549316406,155.39999389648438,153.74000549316406,154.97999572753906,2230300.0,SPG,1d
2017-11-07 00:00:00+00:00,127.34619903564453,159.0500030517578,160.3800048828125,154.66000366210938,155.24000549316406,2481300.0,SPG,1d
2017-11-08 00:00:00+00:00,125.72881317138672,157.02999877929688,160.13999938964844,155.67999267578125,159.08999633789062,2289400.0,SPG,1d
2017-11-09 00:00:00+00:00,129.11563110351562,161.25999450683594,163.5,156.49000549316406,156.5,2798300.0,SPG,1d
2017-11-10 00:00:00+00:00,131.1093292236328,163.75,164.5,161.6199951171875,163.14999389648438,2832400.0,SPG,1d
2017-11-13 00:00:00+00:00,128.3550262451172,160.30999755859375,165.8300018310547,160.11000061035156,164.3000030517578,2945900.0,SPG,1d
2017-11-14 00:00:00+00:00,128.51515197753906,160.50999450683594,161.8300018310547,159.85000610351562,160.60000610351562,2085100.0,SPG,1d
2017-11-15 00:00:00+00:00,129.09837341308594,159.3800048828125,160.44000244140625,157.0,158.0,1726300.0,SPG,1d
2017-11-16 00:00:00+00:00,129.49526977539062,159.8699951171875,160.36000061035156,157.77999877929688,158.8699951171875,1601700.0,SPG,1d
2017-11-17 00:00:00+00:00,131.1800537109375,161.9499969482422,164.1699981689453,160.5,160.5,2209600.0,SPG,1d
2017-11-20 00:00:00+00:00,128.7986602783203,159.00999450683594,161.6999969482422,158.92999267578125,161.38999938964844,1440200.0,SPG,1d
2017-11-21 00:00:00+00:00,128.91201782226562,159.14999389648438,159.38999938964844,157.39999389648438,158.97999572753906,1407900.0,SPG,1d
2017-11-22 00:00:00+00:00,128.2478790283203,158.3300018310547,160.0500030517578,158.24000549316406,158.91000366210938,1152200.0,SPG,1d
2017-11-24 00:00:00+00:00,127.9805679321289,158.0,159.88999938964844,157.49000549316406,159.11000061035156,589500.0,SPG,1d
2017-11-27 00:00:00+00:00,126.67644500732422,156.38999938964844,158.25999450683594,155.35000610351562,158.0,1377800.0,SPG,1d
2017-11-28 00:00:00+00:00,126.45771026611328,156.1199951171875,156.57000732421875,154.52999877929688,156.17999267578125,2312400.0,SPG,1d
2017-11-29 00:00:00+00:00,128.5718536376953,158.72999572753906,159.97999572753906,155.50999450683594,156.0500030517578,2627300.0,SPG,1d
2017-11-30 00:00:00+00:00,131.01808166503906,161.75,162.32000732421875,158.86000061035156,159.35000610351562,2655100.0,SPG,1d
2017-12-01 00:00:00+00:00,131.5041046142578,162.35000610351562,162.7899932861328,160.97999572753906,162.1999969482422,1725100.0,SPG,1d
2017-12-04 00:00:00+00:00,132.5732879638672,163.6699981689453,164.1999969482422,162.2899932861328,163.1999969482422,2498800.0,SPG,1d
2017-12-05 00:00:00+00:00,131.8280792236328,162.75,164.24000549316406,162.07000732421875,164.24000549316406,2010500.0,SPG,1d
2017-12-06 00:00:00+00:00,131.83616638183594,162.75999450683594,163.92999267578125,161.77999877929688,162.86000061035156,1310800.0,SPG,1d
2017-12-07 00:00:00+00:00,131.2772674560547,162.07000732421875,163.1300048828125,161.6999969482422,162.07000732421875,1137900.0,SPG,1d
2017-12-08 00:00:00+00:00,131.42306518554688,162.25,162.74000549316406,160.74000549316406,161.86000061035156,1423800.0,SPG,1d
2017-12-11 00:00:00+00:00,131.43115234375,162.25999450683594,163.3300018310547,161.66000366210938,162.3000030517578,1122300.0,SPG,1d
2017-12-12 00:00:00+00:00,134.7440948486328,166.35000610351562,167.3000030517578,163.47999572753906,166.0,4140500.0,SPG,1d
2017-12-13 00:00:00+00:00,134.32289123535156,165.8300018310547,168.33999633789062,165.1999969482422,166.77000427246094,1878300.0,SPG,1d
2017-12-14 00:00:00+00:00,134.160888671875,165.6300048828125,167.77999877929688,165.2899932861328,166.0,1342800.0,SPG,1d
2017-12-15 00:00:00+00:00,135.9266815185547,167.80999755859375,169.11000061035156,166.24000549316406,166.39999389648438,3053300.0,SPG,1d
2017-12-18 00:00:00+00:00,137.5548095703125,169.82000732421875,170.92999267578125,167.89999389648438,168.14999389648438,1689000.0,SPG,1d
2017-12-19 00:00:00+00:00,136.42079162597656,168.4199981689453,170.47000122070312,167.25999450683594,169.85000610351562,1569500.0,SPG,1d
2017-12-20 00:00:00+00:00,132.82437133789062,163.97999572753906,169.0,163.89999389648438,168.32000732421875,2263500.0,SPG,1d
2017-12-21 00:00:00+00:00,133.40756225585938,164.6999969482422,164.9199981689453,163.8000030517578,164.49000549316406,1098500.0,SPG,1d
2017-12-22 00:00:00+00:00,135.32728576660156,167.07000732421875,167.80999755859375,164.0,164.49000549316406,2015600.0,SPG,1d
2017-12-26 00:00:00+00:00,137.18218994140625,169.36000061035156,169.99000549316406,166.66000366210938,167.25,1103000.0,SPG,1d
2017-12-27 00:00:00+00:00,138.32427978515625,170.77000427246094,171.25,169.1300048828125,169.82000732421875,1617700.0,SPG,1d
2017-12-28 00:00:00+00:00,138.63211059570312,171.14999389648438,171.42999267578125,169.9199981689453,170.83999633789062,995000.0,SPG,1d
2017-12-29 00:00:00+00:00,139.1099853515625,171.74000549316406,172.35000610351562,170.36000061035156,171.32000732421875,1190900.0,SPG,1d
2018-01-02 00:00:00+00:00,139.66078186035156,172.4199981689453,173.02000427246094,170.33999633789062,172.33999633789062,1442900.0,SPG,1d
2018-01-03 00:00:00+00:00,139.01278686523438,171.6199951171875,172.61000061035156,169.85000610351562,172.10000610351562,1849300.0,SPG,1d
2018-01-04 00:00:00+00:00,134.9465789794922,166.60000610351562,171.49000549316406,166.5399932861328,171.49000549316406,2159500.0,SPG,1d
2018-01-05 00:00:00+00:00,136.2021026611328,168.14999389648438,168.3699951171875,166.3699951171875,167.0500030517578,2126500.0,SPG,1d
2018-01-08 00:00:00+00:00,137.09310913085938,169.25,170.1699981689453,168.33999633789062,168.9600067138672,1874900.0,SPG,1d
2018-01-09 00:00:00+00:00,134.07989501953125,165.52999877929688,169.41000366210938,165.1300048828125,168.91000366210938,1720900.0,SPG,1d
2018-01-10 00:00:00+00:00,133.63436889648438,164.97999572753906,165.1199951171875,162.77000427246094,164.67999267578125,1339500.0,SPG,1d
2018-01-11 00:00:00+00:00,133.51287841796875,164.8300018310547,165.49000549316406,164.05999755859375,165.25,1494600.0,SPG,1d
2018-01-12 00:00:00+00:00,134.06369018554688,165.50999450683594,165.97000122070312,164.3699951171875,165.00999450683594,1238100.0,SPG,1d
2018-01-16 00:00:00+00:00,133.68292236328125,165.0399932861328,168.10000610351562,164.89999389648438,165.9199981689453,1448900.0,SPG,1d
2018-01-17 00:00:00+00:00,135.59458923339844,167.39999389648438,167.9600067138672,164.6199951171875,165.72000122070312,1699300.0,SPG,1d
2018-01-18 00:00:00+00:00,133.04307556152344,164.25,167.6300048828125,163.75,167.02999877929688,1947600.0,SPG,1d
2018-01-19 00:00:00+00:00,133.03497314453125,164.24000549316406,165.2899932861328,163.02999877929688,164.91000366210938,1805200.0,SPG,1d
2018-01-22 00:00:00+00:00,134.5415802001953,166.10000610351562,166.8300018310547,164.07000732421875,164.27999877929688,1751600.0,SPG,1d
2018-01-23 00:00:00+00:00,134.72789001464844,166.3300018310547,169.27999877929688,165.58999633789062,166.92999267578125,2864000.0,SPG,1d
2018-01-24 00:00:00+00:00,134.5415802001953,166.10000610351562,167.16000366210938,164.77000427246094,166.64999389648438,1802200.0,SPG,1d
2018-01-25 00:00:00+00:00,133.0025634765625,164.1999969482422,166.22999572753906,162.60000610351562,165.5800018310547,1476900.0,SPG,1d
2018-01-26 00:00:00+00:00,132.60568237304688,163.7100067138672,165.36000061035156,163.02000427246094,164.85000610351562,1574700.0,SPG,1d
2018-01-29 00:00:00+00:00,131.96578979492188,162.9199981689453,163.7899932861328,161.8300018310547,163.42999267578125,1678600.0,SPG,1d
2018-01-30 00:00:00+00:00,131.7146759033203,162.61000061035156,163.47000122070312,161.25999450683594,162.80999755859375,2145000.0,SPG,1d
2018-01-31 00:00:00+00:00,132.33026123046875,163.3699951171875,163.6699981689453,158.55999755859375,159.97000122070312,3259500.0,SPG,1d
2018-02-01 00:00:00+00:00,129.3170166015625,159.64999389648438,164.8300018310547,159.3000030517578,163.61000061035156,2652400.0,SPG,1d
2018-02-02 00:00:00+00:00,126.78176879882812,156.52000427246094,160.0,155.6999969482422,159.19000244140625,3166200.0,SPG,1d
2018-02-05 00:00:00+00:00,125.64775085449219,155.1199951171875,159.17999267578125,154.36000061035156,155.67999267578125,2678600.0,SPG,1d
2018-02-06 00:00:00+00:00,126.34435272216797,155.97999572753906,156.08999633789062,152.1300048828125,154.16000366210938,3469700.0,SPG,1d
2018-02-07 00:00:00+00:00,125.43714141845703,154.86000061035156,158.5,154.75999450683594,155.7899932861328,2055700.0,SPG,1d
2018-02-08 00:00:00+00:00,123.26631164550781,152.17999267578125,156.8699951171875,152.13999938964844,154.38999938964844,2940100.0,SPG,1d
2018-02-09 00:00:00+00:00,127.3325424194336,157.1999969482422,158.47000122070312,151.27000427246094,152.88999938964844,3211700.0,SPG,1d
2018-02-12 00:00:00+00:00,127.008544921875,156.8000030517578,157.83999633789062,152.36000061035156,157.3300018310547,2338500.0,SPG,1d
2018-02-13 00:00:00+00:00,127.53348541259766,155.49000549316406,156.10000610351562,153.5,154.55999755859375,1481900.0,SPG,1d
2018-02-14 00:00:00+00:00,126.38518524169922,154.08999633789062,155.02999877929688,151.30999755859375,154.66000366210938,2092500.0,SPG,1d
2018-02-15 00:00:00+00:00,128.0748291015625,156.14999389648438,156.6699981689453,153.86000061035156,154.57000732421875,1692400.0,SPG,1d
2018-02-16 00:00:00+00:00,128.02561950683594,156.08999633789062,157.5399932861328,155.49000549316406,156.00999450683594,1909900.0,SPG,1d
2018-02-20 00:00:00+00:00,127.61548614501953,155.58999633789062,157.39999389648438,155.52999877929688,155.97000122070312,1516600.0,SPG,1d
2018-02-21 00:00:00+00:00,124.09683227539062,151.3000030517578,155.69000244140625,151.27999877929688,155.0,1657100.0,SPG,1d
2018-02-22 00:00:00+00:00,126.3359603881836,154.02999877929688,155.9600067138672,152.0399932861328,152.0399932861328,1602800.0,SPG,1d
2018-02-23 00:00:00+00:00,128.4930877685547,156.66000366210938,156.66000366210938,153.8800048828125,154.44000244140625,1071000.0,SPG,1d
2018-02-26 00:00:00+00:00,130.46983337402344,159.07000732421875,159.14999389648438,156.5,157.14999389648438,1451800.0,SPG,1d
2018-02-27 00:00:00+00:00,126.25395202636719,153.92999267578125,161.0800018310547,153.92999267578125,160.11000061035156,1944300.0,SPG,1d
2018-02-28 00:00:00+00:00,125.90946960449219,153.50999450683594,155.82000732421875,153.3800048828125,154.67999267578125,2076100.0,SPG,1d
2018-03-01 00:00:00+00:00,127.0823745727539,154.94000244140625,156.88999938964844,152.88999938964844,153.3000030517578,1655200.0,SPG,1d
2018-03-02 00:00:00+00:00,127.55809783935547,155.52000427246094,155.74000549316406,153.1199951171875,154.77000427246094,1565900.0,SPG,1d
2018-03-05 00:00:00+00:00,129.1492919921875,157.4600067138672,158.6699981689453,154.3699951171875,154.3699951171875,1610300.0,SPG,1d
2018-03-06 00:00:00+00:00,129.28871154785156,157.6300048828125,158.17999267578125,156.02999877929688,156.75,1472000.0,SPG,1d
2018-03-07 00:00:00+00:00,127.88615417480469,155.9199981689453,158.49000549316406,155.25999450683594,156.67999267578125,1461900.0,SPG,1d
2018-03-08 00:00:00+00:00,128.18142700195312,156.27999877929688,157.0500030517578,155.1699981689453,156.17999267578125,1201700.0,SPG,1d
2018-03-09 00:00:00+00:00,128.4193115234375,156.57000732421875,156.7899932861328,154.14999389648438,156.13999938964844,1376300.0,SPG,1d
2018-03-12 00:00:00+00:00,128.55873107910156,156.74000549316406,157.8000030517578,156.11000061035156,156.72000122070312,2259700.0,SPG,1d
2018-03-13 00:00:00+00:00,129.15745544433594,157.47000122070312,159.27000427246094,156.0399932861328,157.1300048828125,1409100.0,SPG,1d
2018-03-14 00:00:00+00:00,129.9940948486328,158.49000549316406,159.32000732421875,157.02000427246094,158.25999450683594,2498200.0,SPG,1d
2018-03-15 00:00:00+00:00,128.44393920898438,156.60000610351562,159.1699981689453,155.7899932861328,158.52000427246094,1792800.0,SPG,1d
2018-03-16 00:00:00+00:00,128.87863159179688,157.1300048828125,158.0500030517578,156.0500030517578,156.5,2092600.0,SPG,1d
2018-03-19 00:00:00+00:00,127.4842529296875,155.42999267578125,157.30999755859375,154.14999389648438,157.30999755859375,1269300.0,SPG,1d
2018-03-20 00:00:00+00:00,126.78709411621094,154.5800018310547,156.8000030517578,154.19000244140625,155.69000244140625,1318200.0,SPG,1d
2018-03-21 00:00:00+00:00,126.59024047851562,154.33999633789062,155.64999389648438,153.32000732421875,154.86000061035156,1401000.0,SPG,1d
2018-03-22 00:00:00+00:00,125.10565948486328,152.52999877929688,155.2100067138672,152.41000366210938,153.94000244140625,1797300.0,SPG,1d
2018-03-23 00:00:00+00:00,124.44950866699219,151.72999572753906,154.6300048828125,151.3800048828125,152.8000030517578,1785000.0,SPG,1d
2018-03-26 00:00:00+00:00,125.75364685058594,153.32000732421875,153.5399932861328,151.77000427246094,152.7899932861328,1485000.0,SPG,1d
2018-03-27 00:00:00+00:00,123.40787506103516,150.4600067138672,151.80999755859375,147.27999877929688,151.50999450683594,3576100.0,SPG,1d
2018-03-28 00:00:00+00:00,127.87796020507812,155.91000366210938,156.1199951171875,151.1999969482422,151.24000549316406,2420800.0,SPG,1d
2018-03-29 00:00:00+00:00,126.59843444824219,154.35000610351562,157.2899932861328,153.3000030517578,156.35000610351562,1761500.0,SPG,1d
2018-04-02 00:00:00+00:00,125.5567626953125,153.0800018310547,155.5,151.97999572753906,154.57000732421875,1680700.0,SPG,1d
2018-04-03 00:00:00+00:00,126.50003051757812,154.22999572753906,155.33999633789062,152.1999969482422,153.3300018310547,1429700.0,SPG,1d
2018-04-04 00:00:00+00:00,128.18142700195312,156.27999877929688,156.88999938964844,152.89999389648438,153.0,2066900.0,SPG,1d
2018-04-05 00:00:00+00:00,127.58267974853516,155.5500030517578,156.4199981689453,154.22000122070312,155.97999572753906,1477800.0,SPG,1d
2018-04-06 00:00:00+00:00,126.39340209960938,154.10000610351562,157.25,153.5800018310547,155.5399932861328,1198800.0,SPG,1d
2018-04-09 00:00:00+00:00,125.83568572998047,153.4199981689453,154.97999572753906,153.0,154.1699981689453,1310500.0,SPG,1d
2018-04-10 00:00:00+00:00,127.07415771484375,154.92999267578125,155.41000366210938,153.39999389648438,154.49000549316406,1409200.0,SPG,1d
2018-04-11 00:00:00+00:00,125.99149322509766,153.61000061035156,155.7100067138672,153.5399932861328,154.19000244140625,1269800.0,SPG,1d
2018-04-12 00:00:00+00:00,122.96497344970703,149.9199981689453,154.1199951171875,149.63999938964844,153.63999938964844,1892600.0,SPG,1d
2018-04-13 00:00:00+00:00,124.44950866699219,151.72999572753906,151.85000610351562,149.6999969482422,150.0800018310547,1284300.0,SPG,1d
2018-04-16 00:00:00+00:00,124.90061950683594,152.27999877929688,153.07000732421875,151.3800048828125,152.8300018310547,1357600.0,SPG,1d
2018-04-17 00:00:00+00:00,125.68802642822266,153.24000549316406,154.9499969482422,151.52999877929688,152.5800018310547,1630400.0,SPG,1d
2018-04-18 00:00:00+00:00,125.1220932006836,152.5500030517578,153.88999938964844,152.30999755859375,153.57000732421875,995500.0,SPG,1d
2018-04-19 00:00:00+00:00,123.2602310180664,150.27999877929688,152.38999938964844,148.5800018310547,152.38999938964844,1368500.0,SPG,1d
2018-04-20 00:00:00+00:00,120.77501678466797,147.25,151.44000244140625,146.89999389648438,150.7899932861328,2333300.0,SPG,1d
2018-04-23 00:00:00+00:00,120.4879379272461,146.89999389648438,148.4199981689453,145.9600067138672,147.38999938964844,1494700.0,SPG,1d
2018-04-24 00:00:00+00:00,121.22611999511719,147.8000030517578,148.13999938964844,145.88999938964844,147.02999877929688,1674900.0,SPG,1d
2018-04-25 00:00:00+00:00,120.35669708251953,146.74000549316406,148.4199981689453,145.77999877929688,147.38999938964844,1899900.0,SPG,1d
2018-04-26 00:00:00+00:00,123.16178894042969,150.16000366210938,151.47999572753906,146.88999938964844,147.41000366210938,2048700.0,SPG,1d
2018-04-27 00:00:00+00:00,128.0666046142578,156.13999938964844,157.5,148.91000366210938,148.91000366210938,2371100.0,SPG,1d
2018-04-30 00:00:00+00:00,128.2306671142578,156.33999633789062,156.9499969482422,154.0,156.52000427246094,2580900.0,SPG,1d
2018-05-01 00:00:00+00:00,131.01934814453125,159.74000549316406,160.74000549316406,157.64999389648438,158.25,3064700.0,SPG,1d
2018-05-02 00:00:00+00:00,130.5682373046875,159.19000244140625,159.97999572753906,156.27000427246094,158.6300048828125,2483800.0,SPG,1d
2018-05-03 00:00:00+00:00,130.44522094726562,159.0399932861328,159.69000244140625,157.8699951171875,158.64999389648438,1635900.0,SPG,1d
2018-05-04 00:00:00+00:00,130.6912384033203,159.33999633789062,160.1300048828125,158.66000366210938,158.89999389648438,1710600.0,SPG,1d
2018-05-07 00:00:00+00:00,131.04396057128906,159.77000427246094,160.2100067138672,158.50999450683594,160.0399932861328,1650800.0,SPG,1d
2018-05-08 00:00:00+00:00,130.2073516845703,158.75,160.60000610351562,158.08999633789062,160.4199981689453,2265300.0,SPG,1d
2018-05-09 00:00:00+00:00,131.18338012695312,159.94000244140625,160.5500030517578,158.2100067138672,158.64999389648438,1212900.0,SPG,1d
2018-05-10 00:00:00+00:00,132.2332305908203,161.22000122070312,161.61000061035156,160.14999389648438,160.5,1319200.0,SPG,1d
2018-05-11 00:00:00+00:00,131.14239501953125,159.88999938964844,162.11000061035156,159.66000366210938,161.52000427246094,1151200.0,SPG,1d
2018-05-14 00:00:00+00:00,129.60861206054688,158.02000427246094,160.49000549316406,156.8000030517578,159.67999267578125,1764000.0,SPG,1d
2018-05-15 00:00:00+00:00,126.84449768066406,154.64999389648438,157.5800018310547,154.1699981689453,157.1699981689453,2298300.0,SPG,1d
2018-05-16 00:00:00+00:00,128.18190002441406,154.30999755859375,155.6199951171875,153.60000610351562,153.60000610351562,1253600.0,SPG,1d
2018-05-17 00:00:00+00:00,127.65856170654297,153.67999267578125,155.22000122070312,153.25999450683594,154.61000061035156,1064800.0,SPG,1d
2018-05-18 00:00:00+00:00,128.07391357421875,154.17999267578125,154.86000061035156,152.5,153.0399932861328,1239400.0,SPG,1d
2018-05-21 00:00:00+00:00,130.44964599609375,157.0399932861328,157.72000122070312,152.88999938964844,154.94000244140625,1354900.0,SPG,1d
2018-05-22 00:00:00+00:00,131.42982482910156,158.22000122070312,159.1999969482422,156.3699951171875,157.0,1624900.0,SPG,1d
2018-05-23 00:00:00+00:00,132.29373168945312,159.25999450683594,159.6999969482422,158.33999633789062,158.3800048828125,1495300.0,SPG,1d
2018-05-24 00:00:00+00:00,131.89501953125,158.77999877929688,159.97999572753906,157.6300048828125,159.24000549316406,1026300.0,SPG,1d
2018-05-25 00:00:00+00:00,132.4847869873047,159.49000549316406,159.8699951171875,158.72999572753906,159.3300018310547,981700.0,SPG,1d
2018-05-29 00:00:00+00:00,132.70079040527344,159.75,160.8699951171875,158.2100067138672,159.07000732421875,1605800.0,SPG,1d
2018-05-30 00:00:00+00:00,134.22923278808594,161.58999633789062,162.44000244140625,158.6699981689453,159.82000732421875,1676400.0,SPG,1d
2018-05-31 00:00:00+00:00,133.09121704101562,160.22000122070312,161.6300048828125,159.19000244140625,160.0,3009100.0,SPG,1d
2018-06-01 00:00:00+00:00,133.57301330566406,160.8000030517578,161.41000366210938,159.0,160.55999755859375,1540900.0,SPG,1d
2018-06-04 00:00:00+00:00,135.08482360839844,162.6199951171875,162.9499969482422,159.89999389648438,161.1699981689453,1397000.0,SPG,1d
2018-06-05 00:00:00+00:00,135.34231567382812,162.92999267578125,165.1300048828125,162.3800048828125,162.99000549316406,1784100.0,SPG,1d
2018-06-06 00:00:00+00:00,137.28614807128906,165.27000427246094,165.32000732421875,162.75999450683594,162.75999450683594,1309900.0,SPG,1d
2018-06-07 00:00:00+00:00,136.88742065429688,164.7899932861328,165.8000030517578,163.97000122070312,165.22000122070312,1621900.0,SPG,1d
2018-06-08 00:00:00+00:00,137.3775177001953,165.3800048828125,165.55999755859375,163.92999267578125,164.9499969482422,1282900.0,SPG,1d
2018-06-11 00:00:00+00:00,137.1448974609375,165.10000610351562,165.6300048828125,164.35000610351562,164.89999389648438,1077500.0,SPG,1d
2018-06-12 00:00:00+00:00,138.01712036132812,166.14999389648438,167.02999877929688,164.3800048828125,165.02999877929688,1268800.0,SPG,1d
2018-06-13 00:00:00+00:00,134.98516845703125,162.5,166.82000732421875,162.22999572753906,166.74000549316406,1155400.0,SPG,1d
2018-06-14 00:00:00+00:00,136.27268981933594,164.0500030517578,164.47000122070312,162.67999267578125,163.36000061035156,1277800.0,SPG,1d
2018-06-15 00:00:00+00:00,136.6298828125,164.47999572753906,165.99000549316406,164.0,164.33999633789062,2510800.0,SPG,1d
2018-06-18 00:00:00+00:00,137.09503173828125,165.0399932861328,165.6999969482422,163.77000427246094,164.25999450683594,1362000.0,SPG,1d
2018-06-19 00:00:00+00:00,137.3858184814453,165.38999938964844,166.6199951171875,164.47000122070312,164.52000427246094,1702300.0,SPG,1d
2018-06-20 00:00:00+00:00,139.62034606933594,168.0800018310547,168.47000122070312,165.0,165.2100067138672,2165200.0,SPG,1d
2018-06-21 00:00:00+00:00,140.7832794189453,169.47999572753906,169.52000427246094,167.14999389648438,167.4499969482422,1210900.0,SPG,1d
2018-06-22 00:00:00+00:00,143.5826873779297,172.85000610351562,173.0,168.6199951171875,169.89999389648438,1833800.0,SPG,1d
2018-06-25 00:00:00+00:00,142.4280242919922,171.4600067138672,173.11000061035156,170.1999969482422,173.0,2346600.0,SPG,1d
2018-06-26 00:00:00+00:00,143.2088623046875,172.39999389648438,173.05999755859375,170.63999938964844,171.60000610351562,2723100.0,SPG,1d
2018-06-27 00:00:00+00:00,141.97946166992188,170.9199981689453,173.25999450683594,170.9199981689453,172.77000427246094,1546200.0,SPG,1d
2018-06-28 00:00:00+00:00,142.22036743164062,171.2100067138672,171.99000549316406,169.5500030517578,171.22999572753906,1091000.0,SPG,1d
2018-06-29 00:00:00+00:00,141.373046875,170.19000244140625,171.35000610351562,168.97000122070312,170.75999450683594,2191700.0,SPG,1d
2018-07-02 00:00:00+00:00,140.9494171142578,169.67999267578125,170.72000122070312,167.1699981689453,170.14999389648438,1131100.0,SPG,1d
2018-07-03 00:00:00+00:00,142.17050170898438,171.14999389648438,172.49000549316406,168.42999267578125,169.5399932861328,648800.0,SPG,1d
2018-07-05 00:00:00+00:00,143.29193115234375,172.5,172.6199951171875,170.0,171.61000061035156,1172100.0,SPG,1d
2018-07-06 00:00:00+00:00,143.698974609375,172.99000549316406,173.4499969482422,172.27000427246094,172.8000030517578,1134000.0,SPG,1d
2018-07-09 00:00:00+00:00,142.99288940429688,172.13999938964844,173.3000030517578,171.1300048828125,172.39999389648438,1484100.0,SPG,1d
2018-07-10 00:00:00+00:00,143.5660400390625,172.8300018310547,173.6300048828125,171.39999389648438,172.27000427246094,1566800.0,SPG,1d
2018-07-11 00:00:00+00:00,142.1539306640625,171.1300048828125,172.99000549316406,170.97999572753906,171.97999572753906,968100.0,SPG,1d
2018-07-12 00:00:00+00:00,142.58584594726562,171.64999389648438,172.08999633789062,170.50999450683594,171.14999389648438,845400.0,SPG,1d
2018-07-13 00:00:00+00:00,142.6190643310547,171.69000244140625,172.67999267578125,171.08999633789062,172.3000030517578,987400.0,SPG,1d
2018-07-16 00:00:00+00:00,141.7634735107422,170.66000366210938,171.30999755859375,168.52999877929688,171.30999755859375,870200.0,SPG,1d
2018-07-17 00:00:00+00:00,141.6139678955078,170.47999572753906,172.22000122070312,170.22000122070312,171.22999572753906,1052200.0,SPG,1d
2018-07-18 00:00:00+00:00,141.8133087158203,170.72000122070312,171.22999572753906,168.86000061035156,169.8699951171875,1501900.0,SPG,1d
2018-07-19 00:00:00+00:00,144.50473022460938,173.9600067138672,174.38999938964844,169.66000366210938,170.0399932861328,1726300.0,SPG,1d
2018-07-20 00:00:00+00:00,141.63055419921875,170.5,173.52999877929688,170.32000732421875,173.0800018310547,1383100.0,SPG,1d
2018-07-23 00:00:00+00:00,141.53089904785156,170.3800048828125,170.80999755859375,169.02999877929688,170.60000610351562,1138800.0,SPG,1d
2018-07-24 00:00:00+00:00,141.049072265625,169.8000030517578,171.2100067138672,169.5,170.5,2066200.0,SPG,1d
2018-07-25 00:00:00+00:00,142.1539306640625,171.1300048828125,171.94000244140625,169.86000061035156,170.1699981689453,1630400.0,SPG,1d
2018-07-26 00:00:00+00:00,141.97946166992188,170.9199981689453,172.97000122070312,170.47999572753906,171.9199981689453,1265300.0,SPG,1d
2018-07-27 00:00:00+00:00,140.0356903076172,168.5800018310547,171.75999450683594,167.77999877929688,171.25,1375400.0,SPG,1d
2018-07-30 00:00:00+00:00,142.76028442382812,171.86000061035156,172.9199981689453,166.9499969482422,168.60000610351562,1721400.0,SPG,1d
2018-07-31 00:00:00+00:00,146.37374877929688,176.2100067138672,177.17999267578125,171.89999389648438,173.0399932861328,2379500.0,SPG,1d
2018-08-01 00:00:00+00:00,147.6529998779297,177.75,178.08999633789062,174.2899932861328,175.5,2071300.0,SPG,1d
2018-08-02 00:00:00+00:00,146.41526794433594,176.25999450683594,178.38999938964844,175.91000366210938,177.35000610351562,1711200.0,SPG,1d
2018-08-03 00:00:00+00:00,148.08494567871094,178.27000427246094,179.4499969482422,175.99000549316406,176.25,1190600.0,SPG,1d
2018-08-06 00:00:00+00:00,147.10472106933594,177.08999633789062,179.0,176.55999755859375,178.13999938964844,1316000.0,SPG,1d
2018-08-07 00:00:00+00:00,146.59805297851562,176.47999572753906,177.13999938964844,175.00999450683594,177.13999938964844,831500.0,SPG,1d
2018-08-08 00:00:00+00:00,146.431884765625,176.27999877929688,177.0500030517578,175.36000061035156,176.5,771700.0,SPG,1d
2018-08-09 00:00:00+00:00,146.78079223632812,176.6999969482422,177.3300018310547,174.8300018310547,176.1199951171875,1188500.0,SPG,1d
2018-08-10 00:00:00+00:00,144.85362243652344,174.3800048828125,176.72999572753906,173.85000610351562,176.5800018310547,1214700.0,SPG,1d
2018-08-13 00:00:00+00:00,145.1941680908203,174.7899932861328,175.4199981689453,173.85000610351562,174.67999267578125,948300.0,SPG,1d
2018-08-14 00:00:00+00:00,145.85873413085938,175.58999633789062,175.9199981689453,174.75999450683594,175.0,959400.0,SPG,1d
2018-08-15 00:00:00+00:00,147.14627075195312,177.13999938964844,177.35000610351562,173.7899932861328,175.22999572753906,1964000.0,SPG,1d
2018-08-16 00:00:00+00:00,148.53253173828125,176.7899932861328,177.05999755859375,175.02000427246094,175.74000549316406,1378500.0,SPG,1d
2018-08-17 00:00:00+00:00,149.95237731933594,178.47999572753906,178.6300048828125,176.64999389648438,177.1199951171875,1211100.0,SPG,1d
2018-08-20 00:00:00+00:00,152.38047790527344,181.3699951171875,182.6199951171875,178.86000061035156,179.1300048828125,1779700.0,SPG,1d
2018-08-21 00:00:00+00:00,151.4059295654297,180.2100067138672,182.0500030517578,179.85000610351562,180.6999969482422,1175300.0,SPG,1d
2018-08-22 00:00:00+00:00,150.70855712890625,179.3800048828125,180.6699981689453,178.11000061035156,180.50999450683594,898400.0,SPG,1d
2018-08-23 00:00:00+00:00,151.59072875976562,180.42999267578125,181.1699981689453,179.16000366210938,179.47000122070312,917700.0,SPG,1d
2018-08-24 00:00:00+00:00,152.00242614746094,180.9199981689453,181.0399932861328,179.58999633789062,179.80999755859375,1108600.0,SPG,1d
2018-08-27 00:00:00+00:00,151.2882843017578,180.07000732421875,181.4600067138672,178.9499969482422,181.24000549316406,1165600.0,SPG,1d
2018-08-28 00:00:00+00:00,153.27947998046875,182.44000244140625,182.5,179.1199951171875,180.30999755859375,1502100.0,SPG,1d
2018-08-29 00:00:00+00:00,152.54013061523438,181.55999755859375,182.86000061035156,180.83999633789062,182.60000610351562,1298500.0,SPG,1d
2018-08-30 00:00:00+00:00,152.44769287109375,181.4499969482422,182.30999755859375,180.4499969482422,181.66000366210938,1070400.0,SPG,1d
2018-08-31 00:00:00+00:00,153.77516174316406,183.02999877929688,183.0800018310547,181.0,182.32000732421875,2267000.0,SPG,1d
2018-09-04 00:00:00+00:00,152.76695251464844,181.8300018310547,183.88999938964844,181.22999572753906,183.0,1565100.0,SPG,1d
2018-09-05 00:00:00+00:00,153.2542724609375,182.41000366210938,183.57000732421875,180.0500030517578,181.0,2039200.0,SPG,1d
2018-09-06 00:00:00+00:00,155.02700805664062,184.52000427246094,184.94000244140625,183.17999267578125,183.4600067138672,1710500.0,SPG,1d
2018-09-07 00:00:00+00:00,152.6493377685547,181.69000244140625,183.6199951171875,181.27999877929688,183.0500030517578,1114700.0,SPG,1d
2018-09-10 00:00:00+00:00,152.9853973388672,182.08999633789062,183.57000732421875,181.27999877929688,182.6199951171875,869200.0,SPG,1d
2018-09-11 00:00:00+00:00,154.84219360351562,184.3000030517578,185.5500030517578,182.3699951171875,182.8699951171875,1740800.0,SPG,1d
2018-09-12 00:00:00+00:00,155.37989807128906,184.94000244140625,185.97999572753906,183.69000244140625,184.38999938964844,1562300.0,SPG,1d
2018-09-13 00:00:00+00:00,155.62355041503906,185.22999572753906,186.02999877929688,184.8300018310547,186.0,1253000.0,SPG,1d
2018-09-14 00:00:00+00:00,153.32986450195312,182.5,184.42999267578125,180.3699951171875,184.42999267578125,966400.0,SPG,1d
2018-09-17 00:00:00+00:00,154.13644409179688,183.4600067138672,184.10000610351562,180.69000244140625,182.5399932861328,990600.0,SPG,1d
2018-09-18 00:00:00+00:00,152.42250061035156,181.4199981689453,183.3699951171875,181.13999938964844,182.83999633789062,1384500.0,SPG,1d
2018-09-19 00:00:00+00:00,151.06983947753906,179.80999755859375,181.88999938964844,179.10000610351562,181.88999938964844,1290400.0,SPG,1d
2018-09-20 00:00:00+00:00,151.32186889648438,180.11000061035156,181.32000732421875,178.2100067138672,179.94000244140625,1426600.0,SPG,1d
2018-09-21 00:00:00+00:00,151.6327362060547,180.47999572753906,182.0500030517578,180.05999755859375,180.07000732421875,2263100.0,SPG,1d
2018-09-24 00:00:00+00:00,148.4316864013672,176.6699981689453,180.63999938964844,176.08999633789062,180.3800048828125,1211600.0,SPG,1d
2018-09-25 00:00:00+00:00,148.70059204101562,176.99000549316406,178.5,176.85000610351562,177.57000732421875,1257100.0,SPG,1d
2018-09-26 00:00:00+00:00,147.28909301757812,175.30999755859375,178.0399932861328,175.1999969482422,176.99000549316406,1130800.0,SPG,1d
2018-09-27 00:00:00+00:00,147.4235076904297,175.47000122070312,176.88999938964844,175.22000122070312,175.9499969482422,1042700.0,SPG,1d
2018-09-28 00:00:00+00:00,148.49891662597656,176.75,176.77000427246094,174.88999938964844,175.75999450683594,1740200.0,SPG,1d
2018-10-01 00:00:00+00:00,148.40652465820312,176.63999938964844,178.3300018310547,176.22000122070312,176.7899932861328,1155600.0,SPG,1d
2018-10-02 00:00:00+00:00,147.9108428955078,176.0500030517578,177.1999969482422,175.67999267578125,176.5500030517578,1111000.0,SPG,1d
2018-10-03 00:00:00+00:00,145.43234252929688,173.10000610351562,176.99000549316406,171.38999938964844,176.27999877929688,1093600.0,SPG,1d
2018-10-04 00:00:00+00:00,142.05490112304688,169.0800018310547,173.05999755859375,168.41000366210938,172.25,1950400.0,SPG,1d
2018-10-05 00:00:00+00:00,143.90322875976562,171.27999877929688,171.9199981689453,169.6999969482422,170.49000549316406,1759200.0,SPG,1d
2018-10-08 00:00:00+00:00,146.95301818847656,174.91000366210938,175.4499969482422,171.7100067138672,172.07000732421875,1537900.0,SPG,1d
2018-10-09 00:00:00+00:00,147.1126708984375,175.10000610351562,176.6699981689453,173.5800018310547,174.91000366210938,1198300.0,SPG,1d
2018-10-10 00:00:00+00:00,145.029052734375,172.6199951171875,175.77000427246094,172.47999572753906,174.0,1697500.0,SPG,1d
2018-10-11 00:00:00+00:00,143.16390991210938,170.39999389648438,173.42999267578125,169.8300018310547,173.42999267578125,3494400.0,SPG,1d
2018-10-12 00:00:00+00:00,143.8192138671875,171.17999267578125,174.57000732421875,170.75,171.6300048828125,2415500.0,SPG,1d
2018-10-15 00:00:00+00:00,143.68482971191406,171.02000427246094,173.17999267578125,170.44000244140625,170.50999450683594,1407500.0,SPG,1d
2018-10-16 00:00:00+00:00,146.2641143798828,174.08999633789062,174.6300048828125,170.7100067138672,171.72999572753906,1255400.0,SPG,1d
2018-10-17 00:00:00+00:00,145.13829040527344,172.75,175.2100067138672,171.52000427246094,174.0500030517578,1140700.0,SPG,1d
2018-10-18 00:00:00+00:00,145.44073486328125,173.11000061035156,174.60000610351562,171.60000610351562,172.75,1160600.0,SPG,1d
2018-10-19 00:00:00+00:00,146.83543395996094,174.77000427246094,175.41000366210938,173.1699981689453,173.1699981689453,1734100.0,SPG,1d
2018-10-22 00:00:00+00:00,144.40733337402344,171.8800048828125,176.05999755859375,171.77000427246094,174.97999572753906,1210500.0,SPG,1d
2018-10-23 00:00:00+00:00,145.08787536621094,172.69000244140625,173.75999450683594,170.97999572753906,171.5800018310547,1801500.0,SPG,1d
2018-10-24 00:00:00+00:00,146.1968536376953,174.00999450683594,176.16000366210938,172.5,172.61000061035156,2465100.0,SPG,1d
2018-10-25 00:00:00+00:00,151.9183807373047,180.82000732421875,181.52000427246094,174.88999938964844,177.33999633789062,3018800.0,SPG,1d
2018-10-26 00:00:00+00:00,151.02780151367188,179.75999450683594,181.49000549316406,178.25999450683594,181.07000732421875,2013200.0,SPG,1d
2018-10-29 00:00:00+00:00,151.95205688476562,180.86000061035156,182.91000366210938,179.75999450683594,180.92999267578125,1831900.0,SPG,1d
2018-10-30 00:00:00+00:00,157.74073791503906,187.75,188.2100067138672,181.9499969482422,182.49000549316406,3125100.0,SPG,1d
2018-10-31 00:00:00+00:00,154.18682861328125,183.52000427246094,187.7100067138672,182.74000549316406,187.7100067138672,2197700.0,SPG,1d
2018-11-01 00:00:00+00:00,152.60731506347656,181.63999938964844,185.6199951171875,181.47000122070312,184.27000427246094,1393800.0,SPG,1d
2018-11-02 00:00:00+00:00,151.57394409179688,180.41000366210938,182.5,177.77000427246094,181.6199951171875,1453500.0,SPG,1d
2018-11-05 00:00:00+00:00,153.87599182128906,183.14999389648438,183.97999572753906,180.9499969482422,181.19000244140625,1011400.0,SPG,1d
2018-11-06 00:00:00+00:00,154.27926635742188,183.6300048828125,183.75,181.00999450683594,183.0,1024300.0,SPG,1d
2018-11-07 00:00:00+00:00,157.3374481201172,187.27000427246094,187.3800048828125,183.74000549316406,184.69000244140625,1014000.0,SPG,1d
2018-11-08 00:00:00+00:00,157.35426330566406,187.2899932861328,187.85000610351562,185.14999389648438,186.19000244140625,811000.0,SPG,1d
2018-11-09 00:00:00+00:00,158.53050231933594,188.69000244140625,189.16000366210938,186.77000427246094,187.2899932861328,1262100.0,SPG,1d
2018-11-12 00:00:00+00:00,157.88357543945312,187.9199981689453,191.16000366210938,187.38999938964844,188.72999572753906,916300.0,SPG,1d
2018-11-13 00:00:00+00:00,158.67333984375,188.86000061035156,189.1699981689453,186.77999877929688,188.6999969482422,1021500.0,SPG,1d
2018-11-14 00:00:00+00:00,157.44667053222656,187.39999389648438,189.72999572753906,186.1999969482422,189.07000732421875,1025500.0,SPG,1d
2018-11-15 00:00:00+00:00,154.91598510742188,182.4199981689453,184.82000732421875,180.3000030517578,184.0500030517578,1731000.0,SPG,1d
2018-11-16 00:00:00+00:00,157.16644287109375,185.07000732421875,185.07000732421875,181.10000610351562,182.41000366210938,1609700.0,SPG,1d
2018-11-19 00:00:00+00:00,158.65260314941406,186.82000732421875,186.88999938964844,184.47999572753906,185.24000549316406,1184800.0,SPG,1d
2018-11-20 00:00:00+00:00,155.55291748046875,183.1699981689453,186.5399932861328,182.8000030517578,185.75,1223100.0,SPG,1d
2018-11-21 00:00:00+00:00,155.42552185058594,183.02000427246094,185.6999969482422,182.60000610351562,183.55999755859375,1379300.0,SPG,1d
2018-11-23 00:00:00+00:00,154.9244842529297,182.42999267578125,183.55999755859375,180.60000610351562,182.5399932861328,330700.0,SPG,1d
2018-11-26 00:00:00+00:00,153.48077392578125,180.72999572753906,183.3000030517578,180.4499969482422,182.88999938964844,1618800.0,SPG,1d
2018-11-27 00:00:00+00:00,154.3300018310547,181.72999572753906,182.0399932861328,179.7100067138672,181.14999389648438,1721500.0,SPG,1d
2018-11-28 00:00:00+00:00,156.5125274658203,184.3000030517578,184.32000732421875,181.02000427246094,181.72000122070312,1299900.0,SPG,1d
2018-11-29 00:00:00+00:00,156.7672882080078,184.60000610351562,185.55999755859375,182.4600067138672,183.97999572753906,1061600.0,SPG,1d
2018-11-30 00:00:00+00:00,157.69293212890625,185.69000244140625,186.42999267578125,183.67999267578125,184.89999389648438,3131000.0,SPG,1d
2018-12-03 00:00:00+00:00,158.7629852294922,186.9499969482422,186.99000549316406,184.07000732421875,186.5,1597000.0,SPG,1d
2018-12-04 00:00:00+00:00,157.1324462890625,185.02999877929688,188.6199951171875,184.5399932861328,187.07000732421875,1337100.0,SPG,1d
2018-12-06 00:00:00+00:00,161.85414123535156,190.58999633789062,190.75999450683594,182.47000122070312,184.35000610351562,2413500.0,SPG,1d
2018-12-07 00:00:00+00:00,160.0113525390625,188.4199981689453,190.1300048828125,187.3699951171875,189.94000244140625,1472000.0,SPG,1d
2018-12-10 00:00:00+00:00,158.0411376953125,186.10000610351562,188.9499969482422,183.5500030517578,188.9499969482422,1269900.0,SPG,1d
2018-12-11 00:00:00+00:00,159.18759155273438,187.4499969482422,191.49000549316406,186.75,190.25,1608400.0,SPG,1d
2018-12-12 00:00:00+00:00,154.98390197753906,182.5,188.22999572753906,181.8000030517578,188.07000732421875,1688100.0,SPG,1d
2018-12-13 00:00:00+00:00,156.30868530273438,184.05999755859375,186.10000610351562,182.97000122070312,182.97000122070312,2518100.0,SPG,1d
2018-12-14 00:00:00+00:00,155.1197967529297,182.66000366210938,184.83999633789062,181.3699951171875,183.6199951171875,1681100.0,SPG,1d
2018-12-17 00:00:00+00:00,148.59771728515625,174.97999572753906,183.38999938964844,174.3800048828125,182.75999450683594,1691200.0,SPG,1d
2018-12-18 00:00:00+00:00,148.61473083496094,175.0,177.69000244140625,173.1699981689453,176.05999755859375,1443500.0,SPG,1d
2018-12-19 00:00:00+00:00,146.02456665039062,171.9499969482422,175.58999633789062,170.94000244140625,174.92999267578125,1833900.0,SPG,1d
2018-12-20 00:00:00+00:00,142.7295684814453,168.07000732421875,172.25,167.74000549316406,171.9499969482422,2304700.0,SPG,1d
2018-12-21 00:00:00+00:00,140.0205535888672,164.8800048828125,172.1300048828125,164.44000244140625,168.0500030517578,3190500.0,SPG,1d
2018-12-24 00:00:00+00:00,136.43679809570312,160.66000366210938,165.3699951171875,160.5800018310547,164.8800048828125,1176600.0,SPG,1d
2018-12-26 00:00:00+00:00,141.5321807861328,166.66000366210938,166.66000366210938,159.77000427246094,160.7100067138672,1542500.0,SPG,1d
2018-12-27 00:00:00+00:00,142.10116577148438,167.3300018310547,167.36000061035156,162.60000610351562,165.52000427246094,1661600.0,SPG,1d
2018-12-28 00:00:00+00:00,142.7550506591797,168.10000610351562,170.14999389648438,165.92999267578125,168.8699951171875,1408000.0,SPG,1d
2018-12-31 00:00:00+00:00,142.66163635253906,167.99000549316406,168.60000610351562,164.97999572753906,168.25999450683594,1225400.0,SPG,1d
2019-01-02 00:00:00+00:00,140.13095092773438,165.00999450683594,167.2899932861328,163.6300048828125,166.35000610351562,1439900.0,SPG,1d
2019-01-03 00:00:00+00:00,140.01202392578125,164.8699951171875,167.80999755859375,164.30999755859375,164.33999633789062,1559100.0,SPG,1d
2019-01-04 00:00:00+00:00,142.1436004638672,167.3800048828125,168.86000061035156,164.17999267578125,165.8300018310547,1056100.0,SPG,1d
2019-01-07 00:00:00+00:00,143.6382598876953,169.13999938964844,170.64999389648438,167.57000732421875,167.83999633789062,1571100.0,SPG,1d
2019-01-08 00:00:00+00:00,147.06910705566406,173.17999267578125,173.58999633789062,168.64999389648438,169.8000030517578,1616000.0,SPG,1d
2019-01-09 00:00:00+00:00,147.27291870117188,173.4199981689453,173.92999267578125,171.8000030517578,173.6699981689453,1022700.0,SPG,1d
2019-01-10 00:00:00+00:00,147.21348571777344,173.35000610351562,173.9199981689453,170.2100067138672,171.25999450683594,1563400.0,SPG,1d
2019-01-11 00:00:00+00:00,146.36427307128906,172.35000610351562,173.17999267578125,170.57000732421875,173.17999267578125,1470600.0,SPG,1d
2019-01-14 00:00:00+00:00,144.9970245361328,170.74000549316406,172.4199981689453,170.19000244140625,171.5500030517578,1093900.0,SPG,1d
2019-01-15 00:00:00+00:00,145.4131317138672,171.22999572753906,172.8800048828125,170.6199951171875,170.83999633789062,1462900.0,SPG,1d
2019-01-16 00:00:00+00:00,146.82284545898438,172.88999938964844,173.05999755859375,170.5,171.22000122070312,1359800.0,SPG,1d
2019-01-17 00:00:00+00:00,147.1455535888672,173.27000427246094,173.8800048828125,171.35000610351562,172.50999450683594,1183100.0,SPG,1d
2019-01-18 00:00:00+00:00,147.73153686523438,173.9600067138672,175.52000427246094,172.1699981689453,175.52000427246094,1251700.0,SPG,1d
2019-01-22 00:00:00+00:00,147.13705444335938,173.25999450683594,174.0500030517578,171.83999633789062,173.89999389648438,1192600.0,SPG,1d
2019-01-23 00:00:00+00:00,147.90985107421875,174.1699981689453,174.27999877929688,172.39999389648438,173.2899932861328,1299800.0,SPG,1d
2019-01-24 00:00:00+00:00,148.843994140625,175.27000427246094,176.02000427246094,173.0399932861328,174.0,1345400.0,SPG,1d
2019-01-25 00:00:00+00:00,150.4065704345703,177.11000061035156,177.39999389648438,175.5399932861328,175.80999755859375,1228400.0,SPG,1d
2019-01-28 00:00:00+00:00,151.58700561523438,178.5,178.7899932861328,175.5500030517578,176.66000366210938,1432800.0,SPG,1d
2019-01-29 00:00:00+00:00,152.1814727783203,179.1999969482422,179.52000427246094,177.69000244140625,178.11000061035156,1817200.0,SPG,1d
2019-01-30 00:00:00+00:00,153.92237854003906,181.25,182.6199951171875,178.6699981689453,179.22999572753906,2389700.0,SPG,1d
2019-01-31 00:00:00+00:00,154.66122436523438,182.1199951171875,182.4199981689453,179.58999633789062,181.0,2544400.0,SPG,1d
2019-02-01 00:00:00+00:00,152.1899871826172,179.2100067138672,185.22000122070312,176.60000610351562,184.5800018310547,2204400.0,SPG,1d
2019-02-04 00:00:00+00:00,154.4488983154297,181.8699951171875,181.89999389648438,178.5800018310547,179.0,1531600.0,SPG,1d
2019-02-05 00:00:00+00:00,156.2577667236328,184.0,184.14999389648438,181.1199951171875,182.33999633789062,1322900.0,SPG,1d
2019-02-06 00:00:00+00:00,156.13040161132812,183.85000610351562,184.97000122070312,182.25,184.0,973500.0,SPG,1d
2019-02-07 00:00:00+00:00,157.82882690429688,185.85000610351562,186.02999877929688,181.3800048828125,182.57000732421875,1579900.0,SPG,1d
2019-02-08 00:00:00+00:00,156.34266662597656,184.10000610351562,186.44000244140625,183.44000244140625,184.8800048828125,1363600.0,SPG,1d
2019-02-11 00:00:00+00:00,157.36175537109375,185.3000030517578,185.47999572753906,183.38999938964844,184.0,1124500.0,SPG,1d
2019-02-12 00:00:00+00:00,156.7672882080078,184.60000610351562,186.0399932861328,183.61000061035156,185.92999267578125,1905100.0,SPG,1d
2019-02-13 00:00:00+00:00,158.01251220703125,184.0,184.5,181.63999938964844,182.1999969482422,1281200.0,SPG,1d
2019-02-14 00:00:00+00:00,157.806396484375,183.75999450683594,184.50999450683594,182.1699981689453,184.0500030517578,1136100.0,SPG,1d
2019-02-15 00:00:00+00:00,157.46290588378906,183.36000061035156,184.3800048828125,181.89999389648438,184.3800048828125,1727800.0,SPG,1d
2019-02-19 00:00:00+00:00,156.49249267578125,182.22999572753906,184.05999755859375,181.7100067138672,183.47000122070312,1555700.0,SPG,1d
2019-02-20 00:00:00+00:00,153.9075927734375,179.22000122070312,181.9499969482422,178.3000030517578,181.75999450683594,1727100.0,SPG,1d
2019-02-21 00:00:00+00:00,156.42379760742188,182.14999389648438,182.17999267578125,178.50999450683594,178.69000244140625,1617700.0,SPG,1d
2019-02-22 00:00:00+00:00,157.69473266601562,183.6300048828125,185.22000122070312,182.1999969482422,182.61000061035156,1259100.0,SPG,1d
2019-02-25 00:00:00+00:00,157.411376953125,183.3000030517578,184.5399932861328,182.52000427246094,184.3699951171875,1234600.0,SPG,1d
2019-02-26 00:00:00+00:00,157.3942108154297,183.27999877929688,183.9499969482422,182.42999267578125,183.55999755859375,907300.0,SPG,1d
2019-02-27 00:00:00+00:00,155.64231872558594,181.24000549316406,182.89999389648438,180.7899932861328,182.58999633789062,1244200.0,SPG,1d
2019-02-28 00:00:00+00:00,155.57362365722656,181.16000366210938,183.6999969482422,180.2100067138672,181.16000366210938,2336300.0,SPG,1d
2019-03-01 00:00:00+00:00,150.7731170654297,175.57000732421875,181.49000549316406,173.91000366210938,181.16000366210938,2587600.0,SPG,1d
2019-03-04 00:00:00+00:00,150.5498504638672,175.30999755859375,177.3800048828125,173.16000366210938,177.3800048828125,1827500.0,SPG,1d
2019-03-05 00:00:00+00:00,151.4858856201172,176.39999389648438,177.1699981689453,174.97999572753906,175.4499969482422,1259800.0,SPG,1d
2019-03-06 00:00:00+00:00,151.46871948242188,176.3800048828125,178.11000061035156,176.08999633789062,176.47999572753906,1572400.0,SPG,1d
2019-03-07 00:00:00+00:00,150.61856079101562,175.38999938964844,177.6199951171875,174.75,176.1699981689453,1567700.0,SPG,1d
2019-03-08 00:00:00+00:00,149.61380004882812,174.22000122070312,176.22000122070312,173.3800048828125,175.0,1440500.0,SPG,1d
2019-03-11 00:00:00+00:00,151.0393524169922,175.8800048828125,176.0,173.11000061035156,175.0,1351500.0,SPG,1d
2019-03-12 00:00:00+00:00,152.7912139892578,177.9199981689453,178.25,176.00999450683594,176.27999877929688,1094700.0,SPG,1d
2019-03-13 00:00:00+00:00,152.98011779785156,178.13999938964844,179.4600067138672,178.0500030517578,179.0399932861328,1111000.0,SPG,1d
2019-03-14 00:00:00+00:00,154.39710998535156,179.7899932861328,179.97999572753906,177.42999267578125,178.25999450683594,1691700.0,SPG,1d
2019-03-15 00:00:00+00:00,151.2196502685547,176.08999633789062,180.0399932861328,175.24000549316406,179.3699951171875,2628600.0,SPG,1d
2019-03-18 00:00:00+00:00,149.708251953125,174.3300018310547,176.57000732421875,173.55999755859375,176.24000549316406,1345900.0,SPG,1d
2019-03-19 00:00:00+00:00,148.90960693359375,173.39999389648438,174.92999267578125,172.89999389648438,174.2899932861328,1316200.0,SPG,1d
2019-03-20 00:00:00+00:00,149.3733367919922,173.94000244140625,175.25,172.02000427246094,173.5500030517578,1396300.0,SPG,1d
2019-03-21 00:00:00+00:00,153.0144805908203,178.17999267578125,178.24000549316406,172.22000122070312,173.6199951171875,1445300.0,SPG,1d
2019-03-22 00:00:00+00:00,152.51641845703125,177.60000610351562,179.97000122070312,177.52000427246094,178.25,1480100.0,SPG,1d
2019-03-25 00:00:00+00:00,152.84274291992188,177.97999572753906,178.77000427246094,176.6699981689453,178.19000244140625,739200.0,SPG,1d
2019-03-26 00:00:00+00:00,155.64231872558594,181.24000549316406,181.3800048828125,177.88999938964844,178.83999633789062,1106400.0,SPG,1d
2019-03-27 00:00:00+00:00,155.5306854248047,181.11000061035156,181.6999969482422,179.69000244140625,180.44000244140625,1448500.0,SPG,1d
2019-03-28 00:00:00+00:00,157.46290588378906,183.36000061035156,183.38999938964844,180.63999938964844,181.35000610351562,1249400.0,SPG,1d
2019-03-29 00:00:00+00:00,156.47531127929688,182.2100067138672,183.9199981689453,181.5399932861328,183.77999877929688,1613400.0,SPG,1d
2019-04-01 00:00:00+00:00,157.0936279296875,182.92999267578125,183.1300048828125,180.97000122070312,182.67999267578125,1578700.0,SPG,1d
2019-04-02 00:00:00+00:00,157.4027557373047,183.2899932861328,183.47999572753906,179.9600067138672,182.8000030517578,1253800.0,SPG,1d
2019-04-03 00:00:00+00:00,157.12799072265625,182.97000122070312,184.2100067138672,181.3800048828125,183.47000122070312,861200.0,SPG,1d
2019-04-04 00:00:00+00:00,157.8837127685547,183.85000610351562,183.91000366210938,182.3699951171875,183.5399932861328,813600.0,SPG,1d
2019-04-05 00:00:00+00:00,158.6995086669922,184.8000030517578,185.4199981689453,183.1999969482422,183.86000061035156,762300.0,SPG,1d
2019-04-08 00:00:00+00:00,157.55735778808594,183.47000122070312,185.58999633789062,183.00999450683594,185.00999450683594,623800.0,SPG,1d
2019-04-09 00:00:00+00:00,156.7844696044922,182.57000732421875,183.27999877929688,182.02999877929688,183.27999877929688,709500.0,SPG,1d
2019-04-10 00:00:00+00:00,158.81112670898438,184.92999267578125,184.97000122070312,182.66000366210938,183.69000244140625,707500.0,SPG,1d
2019-04-11 00:00:00+00:00,158.19284057617188,184.2100067138672,186.39999389648438,183.5399932861328,185.0,872400.0,SPG,1d
2019-04-12 00:00:00+00:00,159.31781005859375,185.52000427246094,185.52999877929688,182.3300018310547,184.0399932861328,721000.0,SPG,1d
2019-04-15 00:00:00+00:00,158.44189453125,184.5,186.24000549316406,183.6699981689453,185.99000549316406,651500.0,SPG,1d
2019-04-16 00:00:00+00:00,152.0698699951172,177.0800018310547,184.32000732421875,176.08999633789062,184.14999389648438,1381500.0,SPG,1d
2019-04-17 00:00:00+00:00,152.37901306152344,177.44000244140625,178.8000030517578,175.3699951171875,177.66000366210938,1916200.0,SPG,1d
2019-04-18 00:00:00+00:00,152.91146850585938,178.05999755859375,179.3300018310547,177.27000427246094,177.49000549316406,1018200.0,SPG,1d
2019-04-22 00:00:00+00:00,149.17579650878906,173.7100067138672,177.60000610351562,171.9499969482422,177.60000610351562,1297000.0,SPG,1d
2019-04-23 00:00:00+00:00,151.66622924804688,176.61000061035156,177.22000122070312,173.97000122070312,174.5800018310547,982400.0,SPG,1d
2019-04-24 00:00:00+00:00,152.98873901367188,178.14999389648438,179.25,176.25,177.02999877929688,828700.0,SPG,1d
2019-04-25 00:00:00+00:00,152.73109436035156,177.85000610351562,178.47000122070312,176.11000061035156,177.38999938964844,905500.0,SPG,1d
2019-04-26 00:00:00+00:00,153.38377380371094,178.61000061035156,179.6699981689453,177.49000549316406,178.42999267578125,834100.0,SPG,1d
2019-04-29 00:00:00+00:00,150.92771911621094,175.75,179.89999389648438,175.55999755859375,178.9199981689453,1183000.0,SPG,1d
2019-04-30 00:00:00+00:00,149.167236328125,173.6999969482422,175.1699981689453,168.5,174.89999389648438,2193400.0,SPG,1d
2019-05-01 00:00:00+00:00,152.64523315429688,177.75,178.92999267578125,172.25999450683594,173.3699951171875,2256300.0,SPG,1d
2019-05-02 00:00:00+00:00,152.6881561279297,177.8000030517578,179.3000030517578,177.05999755859375,178.02000427246094,1644600.0,SPG,1d
2019-05-03 00:00:00+00:00,154.07078552246094,179.41000366210938,180.05999755859375,176.58999633789062,177.63999938964844,1069900.0,SPG,1d
2019-05-06 00:00:00+00:00,152.9543914794922,178.11000061035156,179.08999633789062,177.32000732421875,178.58999633789062,851900.0,SPG,1d
2019-05-07 00:00:00+00:00,149.45062255859375,174.02999877929688,178.7100067138672,172.6199951171875,177.66000366210938,2063200.0,SPG,1d
2019-05-08 00:00:00+00:00,148.42869567871094,172.83999633789062,175.5,172.6199951171875,173.82000732421875,1013300.0,SPG,1d
2019-05-09 00:00:00+00:00,149.22735595703125,173.77000427246094,173.97999572753906,170.83999633789062,172.22000122070312,1421700.0,SPG,1d
2019-05-10 00:00:00+00:00,150.46397399902344,175.2100067138672,175.8000030517578,172.1999969482422,173.77000427246094,1279700.0,SPG,1d
2019-05-13 00:00:00+00:00,150.2836456298828,175.0,176.19000244140625,173.60000610351562,173.64999389648438,1068100.0,SPG,1d
2019-05-14 00:00:00+00:00,151.35707092285156,176.25,176.33999633789062,173.8000030517578,174.7899932861328,1408400.0,SPG,1d
2019-05-15 00:00:00+00:00,152.0011444091797,177.0,177.92999267578125,175.22999572753906,176.4199981689453,906000.0,SPG,1d
2019-05-16 00:00:00+00:00,152.31393432617188,175.30999755859375,176.67999267578125,174.7100067138672,175.13999938964844,900800.0,SPG,1d
2019-05-17 00:00:00+00:00,151.57542419433594,174.4600067138672,175.72000122070312,173.3800048828125,173.6999969482422,1799400.0,SPG,1d
2019-05-20 00:00:00+00:00,148.18698120117188,170.55999755859375,174.5399932861328,169.97000122070312,174.2899932861328,1255400.0,SPG,1d
2019-05-21 00:00:00+00:00,150.1331787109375,172.8000030517578,173.50999450683594,170.35000610351562,171.1300048828125,1775700.0,SPG,1d
2019-05-22 00:00:00+00:00,149.16009521484375,171.67999267578125,173.22999572753906,171.3000030517578,172.83999633789062,1540300.0,SPG,1d
2019-05-23 00:00:00+00:00,148.98631286621094,171.47999572753906,172.44000244140625,169.02999877929688,170.8300018310547,1649700.0,SPG,1d
2019-05-24 00:00:00+00:00,148.8560028076172,171.3300018310547,172.38999938964844,170.24000549316406,172.0500030517578,1148400.0,SPG,1d
2019-05-28 00:00:00+00:00,146.04098510742188,168.08999633789062,171.80999755859375,167.99000549316406,171.10000610351562,2642600.0,SPG,1d
2019-05-29 00:00:00+00:00,142.45274353027344,163.9600067138672,168.69000244140625,163.16000366210938,168.69000244140625,2067200.0,SPG,1d
2019-05-30 00:00:00+00:00,141.662109375,163.0500030517578,165.5800018310547,163.02999877929688,163.9600067138672,1519200.0,SPG,1d
2019-05-31 00:00:00+00:00,140.8280487060547,162.08999633789062,162.8699951171875,160.6999969482422,162.00999450683594,2379700.0,SPG,1d
2019-06-03 00:00:00+00:00,140.46316528320312,161.6699981689453,162.61000061035156,159.69000244140625,162.1300048828125,1609700.0,SPG,1d
2019-06-04 00:00:00+00:00,140.84542846679688,162.11000061035156,163.07000732421875,160.52999877929688,161.6699981689453,1702400.0,SPG,1d
2019-06-05 00:00:00+00:00,143.31289672851562,164.9499969482422,165.10000610351562,162.69000244140625,163.4499969482422,1169400.0,SPG,1d
2019-06-06 00:00:00+00:00,142.16604614257812,163.6300048828125,165.07000732421875,162.4499969482422,164.8800048828125,1386700.0,SPG,1d
2019-06-07 00:00:00+00:00,141.95753479003906,163.38999938964844,165.0,163.32000732421875,164.88999938964844,872400.0,SPG,1d
2019-06-10 00:00:00+00:00,140.21987915039062,161.38999938964844,164.17999267578125,160.6199951171875,163.86000061035156,2257800.0,SPG,1d
2019-06-11 00:00:00+00:00,141.3319549560547,162.6699981689453,163.25,161.25999450683594,162.10000610351562,1071100.0,SPG,1d
2019-06-12 00:00:00+00:00,141.2277069091797,162.5500030517578,163.72999572753906,162.02000427246094,163.2899932861328,1069700.0,SPG,1d
2019-06-13 00:00:00+00:00,142.33114624023438,163.82000732421875,163.82000732421875,161.8800048828125,162.66000366210938,995900.0,SPG,1d
2019-06-14 00:00:00+00:00,141.54917907714844,162.9199981689453,164.33999633789062,162.5800018310547,163.9600067138672,1175000.0,SPG,1d
2019-06-17 00:00:00+00:00,144.6943359375,166.5399932861328,166.97999572753906,162.9600067138672,163.3000030517578,1816500.0,SPG,1d
2019-06-18 00:00:00+00:00,144.33811950683594,166.1300048828125,168.52000427246094,165.80999755859375,167.72000122070312,1389200.0,SPG,1d
2019-06-19 00:00:00+00:00,143.59091186523438,165.27000427246094,166.5500030517578,163.02999877929688,165.74000549316406,1212300.0,SPG,1d
2019-06-20 00:00:00+00:00,143.2259979248047,164.85000610351562,166.19000244140625,162.80999755859375,165.42999267578125,1722700.0,SPG,1d
2019-06-21 00:00:00+00:00,142.56568908691406,164.08999633789062,164.80999755859375,162.11000061035156,164.80999755859375,2620200.0,SPG,1d
2019-06-24 00:00:00+00:00,140.7759246826172,162.02999877929688,165.0,161.6199951171875,164.41000366210938,1353500.0,SPG,1d
2019-06-25 00:00:00+00:00,140.30674743652344,161.49000549316406,164.1300048828125,161.0800018310547,162.3800048828125,1151000.0,SPG,1d
2019-06-26 00:00:00+00:00,138.37796020507812,159.27000427246094,162.0800018310547,158.6300048828125,161.5,1716900.0,SPG,1d
2019-06-27 00:00:00+00:00,138.9513702392578,159.92999267578125,161.0,158.6699981689453,159.6999969482422,1199900.0,SPG,1d
2019-06-28 00:00:00+00:00,138.80369567871094,159.75999450683594,161.3000030517578,159.3000030517578,160.32000732421875,1559200.0,SPG,1d
2019-07-01 00:00:00+00:00,137.8306121826172,158.63999938964844,161.52000427246094,157.83999633789062,160.67999267578125,1568400.0,SPG,1d
2019-07-02 00:00:00+00:00,140.70640563964844,161.9499969482422,162.22999572753906,158.60000610351562,159.4199981689453,1557400.0,SPG,1d
2019-07-03 00:00:00+00:00,143.38238525390625,165.02999877929688,165.16000366210938,162.5800018310547,162.5800018310547,1109700.0,SPG,1d
2019-07-05 00:00:00+00:00,141.58392333984375,162.9600067138672,164.08999633789062,160.55999755859375,163.77999877929688,959900.0,SPG,1d
2019-07-08 00:00:00+00:00,142.7307586669922,164.27999877929688,165.2100067138672,163.0,163.0,1498500.0,SPG,1d
2019-07-09 00:00:00+00:00,142.94798278808594,164.52999877929688,165.27000427246094,163.4600067138672,163.97999572753906,2712700.0,SPG,1d
2019-07-10 00:00:00+00:00,142.38327026367188,163.8800048828125,165.47999572753906,163.2899932861328,165.19000244140625,1555200.0,SPG,1d
2019-07-11 00:00:00+00:00,141.2277069091797,162.5500030517578,164.86000061035156,161.72000122070312,163.7899932861328,1011400.0,SPG,1d
2019-07-12 00:00:00+00:00,140.97573852539062,162.25999450683594,163.02999877929688,162.0,162.80999755859375,844800.0,SPG,1d
2019-07-15 00:00:00+00:00,141.2711639404297,162.60000610351562,163.91000366210938,162.07000732421875,162.5500030517578,1019700.0,SPG,1d
2019-07-16 00:00:00+00:00,140.76722717285156,162.02000427246094,163.17999267578125,161.6999969482422,162.3000030517578,1155400.0,SPG,1d
2019-07-17 00:00:00+00:00,139.1338348388672,160.13999938964844,163.10000610351562,159.5800018310547,162.67999267578125,1109900.0,SPG,1d
2019-07-18 00:00:00+00:00,138.48223876953125,159.38999938964844,160.36000061035156,158.8699951171875,160.36000061035156,2152500.0,SPG,1d
2019-07-19 00:00:00+00:00,135.91915893554688,156.44000244140625,160.22000122070312,156.24000549316406,159.47000122070312,1790700.0,SPG,1d
2019-07-22 00:00:00+00:00,134.78102111816406,155.1300048828125,156.9600067138672,155.0399932861328,156.4499969482422,1602900.0,SPG,1d
2019-07-23 00:00:00+00:00,137.4917449951172,158.25,158.38999938964844,155.50999450683594,155.52000427246094,2757700.0,SPG,1d
2019-07-24 00:00:00+00:00,138.29107666015625,159.1699981689453,159.60000610351562,158.0399932861328,158.9199981689453,1054700.0,SPG,1d
2019-07-25 00:00:00+00:00,137.55258178710938,158.32000732421875,159.8000030517578,157.2100067138672,158.9199981689453,1149000.0,SPG,1d
2019-07-26 00:00:00+00:00,137.56124877929688,158.3300018310547,159.41000366210938,156.8000030517578,158.83999633789062,1556600.0,SPG,1d
2019-07-29 00:00:00+00:00,138.6994171142578,159.63999938964844,160.92999267578125,158.77999877929688,158.77999877929688,1042800.0,SPG,1d
2019-07-30 00:00:00+00:00,139.19467163085938,160.2100067138672,160.75,159.4499969482422,159.47999572753906,1385600.0,SPG,1d
2019-07-31 00:00:00+00:00,140.9236297607422,162.1999969482422,164.4600067138672,160.55999755859375,162.5,2481600.0,SPG,1d
2019-08-01 00:00:00+00:00,136.82276916503906,157.47999572753906,161.41000366210938,157.36000061035156,161.00999450683594,2441000.0,SPG,1d
2019-08-02 00:00:00+00:00,138.36058044433594,159.25,160.0800018310547,156.75,157.38999938964844,1113600.0,SPG,1d
2019-08-05 00:00:00+00:00,134.45086669921875,154.75,158.89999389648438,152.8300018310547,158.0,2052700.0,SPG,1d
2019-08-06 00:00:00+00:00,133.330078125,153.4600067138672,155.9499969482422,153.14999389648438,155.0500030517578,1628300.0,SPG,1d
2019-08-07 00:00:00+00:00,133.38218688964844,153.52000427246094,155.05999755859375,150.8000030517578,153.0,1792900.0,SPG,1d
2019-08-08 00:00:00+00:00,134.79840087890625,155.14999389648438,155.38999938964844,152.4199981689453,153.75,1235500.0,SPG,1d
2019-08-09 00:00:00+00:00,134.62461853027344,154.9499969482422,155.80999755859375,153.82000732421875,154.9499969482422,1229100.0,SPG,1d
2019-08-12 00:00:00+00:00,132.96514892578125,153.0399932861328,155.00999450683594,152.1999969482422,154.55999755859375,1413900.0,SPG,1d
2019-08-13 00:00:00+00:00,134.98085021972656,155.36000061035156,155.72000122070312,152.8300018310547,153.07000732421875,1549300.0,SPG,1d
2019-08-14 00:00:00+00:00,132.16586303710938,152.1199951171875,154.47999572753906,151.0,153.9499969482422,2976000.0,SPG,1d
2019-08-15 00:00:00+00:00,130.2893524169922,147.88999938964844,151.19000244140625,147.2100067138672,150.02000427246094,2882100.0,SPG,1d
2019-08-16 00:00:00+00:00,130.9236602783203,148.61000061035156,151.19000244140625,147.2100067138672,148.3000030517578,1899200.0,SPG,1d
2019-08-19 00:00:00+00:00,132.11302185058594,149.9600067138672,150.6199951171875,148.85000610351562,149.10000610351562,1082600.0,SPG,1d
2019-08-20 00:00:00+00:00,129.96339416503906,147.52000427246094,150.58999633789062,147.44000244140625,150.00999450683594,1295800.0,SPG,1d
2019-08-21 00:00:00+00:00,129.84005737304688,147.3800048828125,149.9499969482422,146.25,149.02000427246094,1525600.0,SPG,1d
2019-08-22 00:00:00+00:00,131.0029296875,148.6999969482422,149.07000732421875,146.4499969482422,147.5,1164100.0,SPG,1d
2019-08-23 00:00:00+00:00,128.65069580078125,146.02999877929688,148.6699981689453,145.5,148.24000549316406,1747200.0,SPG,1d
2019-08-26 00:00:00+00:00,129.48764038085938,146.97999572753906,147.60000610351562,146.07000732421875,147.0,1022300.0,SPG,1d
2019-08-27 00:00:00+00:00,128.15733337402344,145.47000122070312,148.1999969482422,145.4199981689453,147.97999572753906,1855300.0,SPG,1d
2019-08-28 00:00:00+00:00,129.1000213623047,146.5399932861328,146.77999877929688,145.4499969482422,145.60000610351562,1220800.0,SPG,1d
2019-08-29 00:00:00+00:00,130.580078125,148.22000122070312,148.74000549316406,146.52000427246094,147.0,1280500.0,SPG,1d
2019-08-30 00:00:00+00:00,131.2144012451172,148.94000244140625,149.6199951171875,148.05999755859375,148.8800048828125,1420500.0,SPG,1d
2019-09-03 00:00:00+00:00,131.71653747558594,149.50999450683594,149.5500030517578,148.10000610351562,148.39999389648438,943600.0,SPG,1d
2019-09-04 00:00:00+00:00,132.28038024902344,150.14999389648438,150.7100067138672,149.5399932861328,150.2100067138672,1048100.0,SPG,1d
2019-09-05 00:00:00+00:00,132.20111083984375,150.05999755859375,150.44000244140625,148.30999755859375,149.66000366210938,1055400.0,SPG,1d
2019-09-06 00:00:00+00:00,133.24948120117188,151.25,151.61000061035156,150.1199951171875,150.16000366210938,1021900.0,SPG,1d
2019-09-09 00:00:00+00:00,139.38116455078125,158.2100067138672,158.4600067138672,150.7899932861328,151.60000610351562,2675900.0,SPG,1d
2019-09-10 00:00:00+00:00,142.03294372558594,161.22000122070312,163.60000610351562,157.72999572753906,157.97999572753906,2190900.0,SPG,1d
2019-09-11 00:00:00+00:00,139.0816192626953,157.8699951171875,160.4600067138672,156.0,159.27000427246094,2704700.0,SPG,1d
2019-09-12 00:00:00+00:00,136.79103088378906,155.27000427246094,158.25999450683594,154.11000061035156,158.25,2739600.0,SPG,1d
2019-09-13 00:00:00+00:00,135.6105194091797,153.92999267578125,157.32000732421875,153.72000122070312,156.2100067138672,1481700.0,SPG,1d
2019-09-16 00:00:00+00:00,136.0157470703125,154.38999938964844,154.49000549316406,152.8300018310547,153.58999633789062,1303600.0,SPG,1d
2019-09-17 00:00:00+00:00,135.82196044921875,154.1699981689453,154.69000244140625,152.44000244140625,154.67999267578125,989800.0,SPG,1d
2019-09-18 00:00:00+00:00,137.2755889892578,155.82000732421875,156.52000427246094,154.0800018310547,155.0,1254000.0,SPG,1d
2019-09-19 00:00:00+00:00,136.21839904785156,154.6199951171875,156.5,154.57000732421875,156.07000732421875,982400.0,SPG,1d
2019-09-20 00:00:00+00:00,136.5884246826172,155.0399932861328,157.8699951171875,155.00999450683594,155.5800018310547,2128200.0,SPG,1d
2019-09-23 00:00:00+00:00,136.50909423828125,154.9499969482422,156.33999633789062,151.11000061035156,152.4199981689453,1285900.0,SPG,1d
2019-09-24 00:00:00+00:00,135.67221069335938,154.0,155.3800048828125,152.72999572753906,154.77000427246094,1110500.0,SPG,1d
2019-09-25 00:00:00+00:00,135.4607696533203,153.75999450683594,155.4600067138672,153.63999938964844,154.39999389648438,979400.0,SPG,1d
2019-09-26 00:00:00+00:00,137.09939575195312,155.6199951171875,155.6699981689453,153.75999450683594,154.32000732421875,945000.0,SPG,1d
2019-09-27 00:00:00+00:00,139.160888671875,157.9600067138672,158.0,155.8000030517578,155.97000122070312,1355000.0,SPG,1d
2019-09-30 00:00:00+00:00,137.12583923339844,155.64999389648438,158.24000549316406,155.52000427246094,157.67999267578125,1255600.0,SPG,1d
2019-10-01 00:00:00+00:00,134.2273712158203,152.36000061035156,156.89999389648438,151.69000244140625,155.91000366210938,1666000.0,SPG,1d
2019-10-02 00:00:00+00:00,131.41700744628906,149.1699981689453,152.27999877929688,148.55999755859375,152.27999877929688,2144500.0,SPG,1d
2019-10-03 00:00:00+00:00,129.94578552246094,147.5,149.80999755859375,147.4600067138672,149.25,1993300.0,SPG,1d
2019-10-04 00:00:00+00:00,130.38626098632812,148.0,149.0,146.8000030517578,148.0399932861328,2070300.0,SPG,1d
2019-10-07 00:00:00+00:00,130.580078125,148.22000122070312,149.0800018310547,147.8300018310547,148.00999450683594,1510400.0,SPG,1d
2019-10-08 00:00:00+00:00,128.509765625,145.8699951171875,147.85000610351562,145.50999450683594,147.80999755859375,1605700.0,SPG,1d
2019-10-09 00:00:00+00:00,128.60665893554688,145.97999572753906,147.02999877929688,145.27999877929688,146.6999969482422,1209400.0,SPG,1d
2019-10-10 00:00:00+00:00,129.6726531982422,147.19000244140625,147.64999389648438,145.75999450683594,146.1999969482422,1549700.0,SPG,1d
2019-10-11 00:00:00+00:00,130.91488647460938,148.60000610351562,151.10000610351562,147.3000030517578,147.7100067138672,1295800.0,SPG,1d
2019-10-14 00:00:00+00:00,130.95889282226562,148.64999389648438,148.82000732421875,146.3699951171875,148.35000610351562,1103200.0,SPG,1d
2019-10-15 00:00:00+00:00,131.1703338623047,148.88999938964844,149.22999572753906,147.69000244140625,148.57000732421875,1072200.0,SPG,1d
2019-10-16 00:00:00+00:00,131.02056884765625,148.72000122070312,149.7899932861328,147.82000732421875,148.8000030517578,911600.0,SPG,1d
2019-10-17 00:00:00+00:00,131.099853515625,148.80999755859375,149.3699951171875,148.36000061035156,148.6199951171875,902600.0,SPG,1d
2019-10-18 00:00:00+00:00,132.07774353027344,149.9199981689453,150.35000610351562,147.61000061035156,148.89999389648438,1271100.0,SPG,1d
2019-10-21 00:00:00+00:00,134.9409942626953,153.1699981689453,153.25999450683594,150.27999877929688,150.32000732421875,1417800.0,SPG,1d
2019-10-22 00:00:00+00:00,136.12147521972656,154.50999450683594,154.60000610351562,151.77000427246094,153.1699981689453,1211600.0,SPG,1d
2019-10-23 00:00:00+00:00,136.28005981445312,154.69000244140625,156.3000030517578,154.02999877929688,155.0,1227100.0,SPG,1d
2019-10-24 00:00:00+00:00,136.05982971191406,154.44000244140625,154.8300018310547,151.8000030517578,154.69000244140625,1176700.0,SPG,1d
2019-10-25 00:00:00+00:00,137.04652404785156,155.55999755859375,155.75,153.4499969482422,154.41000366210938,1171000.0,SPG,1d
2019-10-28 00:00:00+00:00,135.53121948242188,153.83999633789062,155.63999938964844,152.72999572753906,155.1300048828125,1068200.0,SPG,1d
2019-10-29 00:00:00+00:00,134.6766815185547,152.8699951171875,155.1999969482422,152.33999633789062,153.6199951171875,1313500.0,SPG,1d
2019-10-30 00:00:00+00:00,133.1877899169922,151.17999267578125,154.75,146.66000366210938,154.0,1885600.0,SPG,1d
2019-10-31 00:00:00+00:00,132.74728393554688,150.67999267578125,152.42999267578125,149.8699951171875,151.5800018310547,1559000.0,SPG,1d
2019-11-01 00:00:00+00:00,135.7602996826172,154.10000610351562,154.1300048828125,151.17999267578125,151.72999572753906,1217400.0,SPG,1d
2019-11-04 00:00:00+00:00,139.24899291992188,158.05999755859375,158.39999389648438,153.3699951171875,153.89999389648438,1810900.0,SPG,1d
2019-11-05 00:00:00+00:00,137.79534912109375,156.41000366210938,158.3699951171875,155.52000427246094,158.0,1824200.0,SPG,1d
2019-11-06 00:00:00+00:00,136.62364196777344,155.0800018310547,157.5,154.66000366210938,156.47000122070312,1942300.0,SPG,1d
2019-11-07 00:00:00+00:00,137.40773010253906,155.97000122070312,157.0399932861328,154.94000244140625,155.5399932861328,1585700.0,SPG,1d
2019-11-08 00:00:00+00:00,136.1038818359375,154.49000549316406,155.8699951171875,153.3699951171875,155.08999633789062,1164600.0,SPG,1d
2019-11-11 00:00:00+00:00,136.92318725585938,155.4199981689453,155.97000122070312,153.3800048828125,154.1199951171875,1449200.0,SPG,1d
2019-11-12 00:00:00+00:00,135.3197784423828,153.60000610351562,156.92999267578125,153.3699951171875,155.27000427246094,1514300.0,SPG,1d
2019-11-13 00:00:00+00:00,135.97171020507812,154.33999633789062,155.4499969482422,153.5399932861328,153.58999633789062,1313100.0,SPG,1d
2019-11-14 00:00:00+00:00,137.15960693359375,153.57000732421875,154.38999938964844,151.97000122070312,152.00999450683594,1120700.0,SPG,1d
2019-11-15 00:00:00+00:00,137.54367065429688,154.0,154.75,153.02000427246094,153.88999938964844,1034100.0,SPG,1d
2019-11-18 00:00:00+00:00,137.28466796875,153.7100067138672,154.4499969482422,153.1300048828125,154.1300048828125,981100.0,SPG,1d
2019-11-19 00:00:00+00:00,134.72132873535156,150.83999633789062,153.49000549316406,150.3800048828125,153.49000549316406,1124400.0,SPG,1d
2019-11-20 00:00:00+00:00,132.3902130126953,148.22999572753906,150.69000244140625,145.8699951171875,150.32000732421875,1801400.0,SPG,1d
2019-11-21 00:00:00+00:00,130.85401916503906,146.50999450683594,148.30999755859375,146.22999572753906,148.10000610351562,1506800.0,SPG,1d
2019-11-22 00:00:00+00:00,131.91685485839844,147.6999969482422,148.2100067138672,144.52000427246094,147.0800018310547,1224800.0,SPG,1d
2019-11-25 00:00:00+00:00,133.2923126220703,149.24000549316406,149.8300018310547,147.1300048828125,147.8699951171875,1513100.0,SPG,1d
2019-11-26 00:00:00+00:00,134.63198852539062,150.74000549316406,151.02999877929688,148.5800018310547,149.75,2012400.0,SPG,1d
2019-11-27 00:00:00+00:00,135.06072998046875,151.22000122070312,151.33999633789062,149.5,150.74000549316406,1088700.0,SPG,1d
2019-11-29 00:00:00+00:00,135.05178833007812,151.2100067138672,151.58999633789062,150.05999755859375,150.80999755859375,789500.0,SPG,1d
2019-12-02 00:00:00+00:00,132.9529266357422,148.86000061035156,151.49000549316406,147.8699951171875,151.3699951171875,1820800.0,SPG,1d
2019-12-03 00:00:00+00:00,132.29197692871094,148.1199951171875,149.10000610351562,146.07000732421875,148.47000122070312,1729200.0,SPG,1d
2019-12-04 00:00:00+00:00,133.20298767089844,149.13999938964844,149.94000244140625,146.9600067138672,147.13999938964844,1712800.0,SPG,1d
2019-12-05 00:00:00+00:00,132.63137817382812,148.5,149.50999450683594,147.38999938964844,149.08999633789062,1379300.0,SPG,1d
2019-12-06 00:00:00+00:00,132.39913940429688,148.24000549316406,149.77999877929688,148.0,148.02000427246094,1078400.0,SPG,1d
2019-12-09 00:00:00+00:00,133.7835235595703,149.7899932861328,150.1199951171875,147.6199951171875,148.47999572753906,1045300.0,SPG,1d
2019-12-10 00:00:00+00:00,133.11366271972656,149.0399932861328,150.05999755859375,147.97000122070312,149.89999389648438,1896000.0,SPG,1d
2019-12-11 00:00:00+00:00,129.8626251220703,145.39999389648438,147.44000244140625,144.75999450683594,146.6300048828125,3609200.0,SPG,1d
2019-12-12 00:00:00+00:00,128.62118530273438,144.00999450683594,146.69000244140625,142.39999389648438,145.5800018310547,3093100.0,SPG,1d
2019-12-13 00:00:00+00:00,128.9248504638672,144.35000610351562,146.1699981689453,143.2899932861328,145.07000732421875,2403100.0,SPG,1d
2019-12-16 00:00:00+00:00,130.02340698242188,145.5800018310547,145.61000061035156,142.89999389648438,145.05999755859375,2422300.0,SPG,1d
2019-12-17 00:00:00+00:00,129.2017059326172,144.66000366210938,146.00999450683594,143.9499969482422,146.00999450683594,2263400.0,SPG,1d
2019-12-18 00:00:00+00:00,128.9248504638672,144.35000610351562,145.5,143.75,143.75,2007700.0,SPG,1d
2019-12-19 00:00:00+00:00,129.81797790527344,145.35000610351562,145.44000244140625,143.75,144.22000122070312,1765100.0,SPG,1d
2019-12-20 00:00:00+00:00,129.94302368164062,145.49000549316406,146.8800048828125,144.6300048828125,146.27000427246094,2836500.0,SPG,1d
2019-12-23 00:00:00+00:00,129.47860717773438,144.97000122070312,146.25,144.3000030517578,145.6199951171875,1429600.0,SPG,1d
2019-12-24 00:00:00+00:00,130.19308471679688,145.77000427246094,146.22000122070312,144.7899932861328,145.19000244140625,518600.0,SPG,1d
2019-12-26 00:00:00+00:00,130.9522705078125,146.6199951171875,147.30999755859375,145.99000549316406,146.02000427246094,1043700.0,SPG,1d
2019-12-27 00:00:00+00:00,131.81863403320312,147.58999633789062,147.97999572753906,146.82000732421875,147.02999877929688,1087200.0,SPG,1d
2019-12-30 00:00:00+00:00,131.81863403320312,147.58999633789062,148.80999755859375,146.89999389648438,147.60000610351562,1070800.0,SPG,1d
2019-12-31 00:00:00+00:00,133.042236328125,148.9600067138672,148.97000122070312,147.00999450683594,147.30999755859375,1473900.0,SPG,1d
2020-01-02 00:00:00+00:00,129.58575439453125,145.08999633789062,149.75999450683594,144.85000610351562,149.41000366210938,1849300.0,SPG,1d
2020-01-03 00:00:00+00:00,129.81797790527344,145.35000610351562,145.97999572753906,144.0,144.2899932861328,1308200.0,SPG,1d
2020-01-06 00:00:00+00:00,130.4967803955078,146.11000061035156,146.8699951171875,144.49000549316406,145.08999633789062,1026700.0,SPG,1d
2020-01-07 00:00:00+00:00,129.01416015625,144.4499969482422,145.49000549316406,143.50999450683594,144.63999938964844,1621600.0,SPG,1d
2020-01-08 00:00:00+00:00,129.8626251220703,145.39999389648438,146.05999755859375,144.02999877929688,144.91000366210938,1397600.0,SPG,1d
2020-01-09 00:00:00+00:00,128.8176727294922,144.22999572753906,145.07000732421875,143.36000061035156,144.86000061035156,2236400.0,SPG,1d
2020-01-10 00:00:00+00:00,129.31781005859375,144.7899932861328,144.9499969482422,143.66000366210938,144.25,1912800.0,SPG,1d
2020-01-13 00:00:00+00:00,129.76441955566406,145.2899932861328,146.64999389648438,144.1999969482422,144.57000732421875,2061300.0,SPG,1d
2020-01-14 00:00:00+00:00,131.4077911376953,147.1300048828125,147.24000549316406,145.14999389648438,145.50999450683594,1584800.0,SPG,1d
2020-01-15 00:00:00+00:00,131.38099670410156,147.10000610351562,147.75,146.19000244140625,147.0500030517578,1357000.0,SPG,1d
2020-01-16 00:00:00+00:00,132.66708374023438,148.5399932861328,149.0500030517578,147.02999877929688,147.35000610351562,1103900.0,SPG,1d
2020-01-17 00:00:00+00:00,131.97938537597656,147.77000427246094,149.49000549316406,147.60000610351562,148.64999389648438,1436900.0,SPG,1d
2020-01-21 00:00:00+00:00,133.1761932373047,149.11000061035156,149.88999938964844,147.42999267578125,147.72999572753906,1628800.0,SPG,1d
2020-01-22 00:00:00+00:00,130.40745544433594,146.00999450683594,149.64999389648438,145.94000244140625,149.3000030517578,1582600.0,SPG,1d
2020-01-23 00:00:00+00:00,131.5149383544922,147.25,147.30999755859375,144.4199981689453,145.89999389648438,1561300.0,SPG,1d
2020-01-24 00:00:00+00:00,129.3446502685547,144.82000732421875,147.8000030517578,144.63999938964844,147.2100067138672,1893300.0,SPG,1d
2020-01-27 00:00:00+00:00,126.4955062866211,141.6300048828125,143.91000366210938,141.6300048828125,143.75,2061600.0,SPG,1d
2020-01-28 00:00:00+00:00,125.03074645996094,139.99000549316406,142.3699951171875,139.9499969482422,141.8300018310547,1422400.0,SPG,1d
2020-01-29 00:00:00+00:00,125.06646728515625,140.02999877929688,141.3699951171875,139.80999755859375,140.27999877929688,1667500.0,SPG,1d
2020-01-30 00:00:00+00:00,121.86902618408203,136.4499969482422,139.94000244140625,136.10000610351562,139.02999877929688,2639600.0,SPG,1d
2020-01-31 00:00:00+00:00,118.92166137695312,133.14999389648438,136.22000122070312,132.86000061035156,136.0,2920300.0,SPG,1d
2020-02-03 00:00:00+00:00,118.60906982421875,132.8000030517578,135.8000030517578,132.52999877929688,133.3800048828125,2812300.0,SPG,1d
2020-02-04 00:00:00+00:00,122.61925506591797,137.2899932861328,139.24000549316406,130.00999450683594,131.5800018310547,5060800.0,SPG,1d
2020-02-05 00:00:00+00:00,125.4594497680664,140.47000122070312,140.6300048828125,137.25,137.27000427246094,2811900.0,SPG,1d
2020-02-06 00:00:00+00:00,125.80777740478516,140.86000061035156,142.63999938964844,140.02000427246094,141.77999877929688,2151300.0,SPG,1d
2020-02-07 00:00:00+00:00,125.95069885253906,141.02000427246094,141.0399932861328,139.2899932861328,140.32000732421875,1983500.0,SPG,1d
2020-02-10 00:00:00+00:00,127.77271270751953,143.05999755859375,143.10000610351562,139.8300018310547,142.11000061035156,2893300.0,SPG,1d
2020-02-11 00:00:00+00:00,126.89743041992188,142.0800018310547,144.3000030517578,139.8699951171875,143.5,3060400.0,SPG,1d
2020-02-12 00:00:00+00:00,124.29837799072266,139.1699981689453,142.47999572753906,137.97999572753906,141.99000549316406,4957300.0,SPG,1d
2020-02-13 00:00:00+00:00,125.74022674560547,138.66000366210938,140.0399932861328,136.50999450683594,136.92999267578125,2557100.0,SPG,1d
2020-02-14 00:00:00+00:00,125.97599029541016,138.9199981689453,139.27000427246094,137.8699951171875,138.86000061035156,1501100.0,SPG,1d
2020-02-18 00:00:00+00:00,126.20270538330078,139.1699981689453,139.5800018310547,137.85000610351562,138.9600067138672,1594300.0,SPG,1d
2020-02-19 00:00:00+00:00,124.24396514892578,137.00999450683594,138.8699951171875,135.4199981689453,138.8699951171875,2267800.0,SPG,1d
2020-02-20 00:00:00+00:00,127.43599700927734,140.52999877929688,140.5399932861328,136.64999389648438,137.02000427246094,2202300.0,SPG,1d
2020-02-21 00:00:00+00:00,128.99571228027344,142.25,142.77000427246094,139.85000610351562,139.85000610351562,3180200.0,SPG,1d
2020-02-24 00:00:00+00:00,127.66268920898438,140.77999877929688,141.0500030517578,139.3699951171875,140.38999938964844,3097400.0,SPG,1d
2020-02-25 00:00:00+00:00,122.6751480102539,135.27999877929688,141.0399932861328,134.80999755859375,140.77999877929688,4040700.0,SPG,1d
2020-02-26 00:00:00+00:00,119.90933990478516,132.22999572753906,137.3699951171875,132.1999969482422,136.33999633789062,2228300.0,SPG,1d
2020-02-27 00:00:00+00:00,114.0784683227539,125.80000305175781,132.5399932861328,125.0199966430664,130.0399932861328,3834700.0,SPG,1d
2020-02-28 00:00:00+00:00,111.61190795898438,123.08000183105469,125.88999938964844,119.91000366210938,123.81999969482422,5789400.0,SPG,1d
2020-03-02 00:00:00+00:00,115.36615753173828,127.22000122070312,127.33000183105469,120.3499984741211,123.44999694824219,3437900.0,SPG,1d
2020-03-03 00:00:00+00:00,111.0587387084961,122.47000122070312,130.3000030517578,121.13999938964844,127.08000183105469,4913100.0,SPG,1d
2020-03-04 00:00:00+00:00,111.98371124267578,123.48999786376953,124.44000244140625,120.08999633789062,123.31999969482422,3673600.0,SPG,1d
2020-03-05 00:00:00+00:00,108.72820281982422,119.9000015258789,121.43000030517578,117.5999984741211,121.4000015258789,3553600.0,SPG,1d
2020-03-06 00:00:00+00:00,107.96646881103516,119.05999755859375,119.69000244140625,115.05000305175781,116.95999908447266,3613100.0,SPG,1d
2020-03-09 00:00:00+00:00,93.43915557861328,103.04000091552734,112.52999877929688,103.0,112.5,6489400.0,SPG,1d
2020-03-10 00:00:00+00:00,101.05648040771484,111.44000244140625,112.48999786376953,102.77999877929688,107.0,6009900.0,SPG,1d
2020-03-11 00:00:00+00:00,92.04264068603516,101.5,109.55000305175781,100.0,108.68000030517578,5926000.0,SPG,1d
2020-03-12 00:00:00+00:00,75.71073913574219,83.48999786376953,95.73999786376953,82.76000213623047,92.5199966430664,7611300.0,SPG,1d
2020-03-13 00:00:00+00:00,81.40558624267578,89.7699966430664,91.2699966430664,81.5999984741211,88.8499984741211,7038700.0,SPG,1d
2020-03-16 00:00:00+00:00,59.65995407104492,65.79000091552734,78.88999938964844,65.31999969482422,78.87999725341797,5743600.0,SPG,1d
2020-03-17 00:00:00+00:00,53.375667572021484,58.86000061035156,67.47000122070312,53.959999084472656,66.55000305175781,10561600.0,SPG,1d
2020-03-18 00:00:00+00:00,40.73453140258789,44.91999816894531,55.540000915527344,43.52000045776367,54.5,12166900.0,SPG,1d
2020-03-19 00:00:00+00:00,50.54637145996094,55.7400016784668,59.5,45.5,46.310001373291016,10392200.0,SPG,1d
2020-03-20 00:00:00+00:00,43.654510498046875,48.13999938964844,63.40999984741211,46.15999984741211,58.970001220703125,9258400.0,SPG,1d
2020-03-23 00:00:00+00:00,45.486297607421875,50.15999984741211,52.119998931884766,46.04999923706055,48.5,10694900.0,SPG,1d
2020-03-24 00:00:00+00:00,49.6304817199707,54.72999954223633,57.18000030517578,52.560001373291016,54.45000076293945,7401800.0,SPG,1d
2020-03-25 00:00:00+00:00,56.53141403198242,62.34000015258789,69.54000091552734,54.72999954223633,55.720001220703125,8662200.0,SPG,1d
2020-03-26 00:00:00+00:00,56.313777923583984,62.099998474121094,65.48999786376953,58.400001525878906,62.689998626708984,8730100.0,SPG,1d
2020-03-27 00:00:00+00:00,52.74995422363281,58.16999816894531,60.459999084472656,55.70000076293945,60.41999816894531,4837800.0,SPG,1d
2020-03-30 00:00:00+00:00,51.02699279785156,56.27000045776367,58.0,54.810001373291016,57.56999969482422,4848900.0,SPG,1d
2020-03-31 00:00:00+00:00,49.74836730957031,54.86000061035156,57.31999969482422,52.79999923706055,56.61000061035156,6507700.0,SPG,1d
2020-04-01 00:00:00+00:00,42.65699768066406,47.040000915527344,51.33000183105469,46.0,50.75,8728800.0,SPG,1d
2020-04-02 00:00:00+00:00,39.909324645996094,44.0099983215332,48.47999954223633,42.25,46.119998931884766,7679000.0,SPG,1d
2020-04-03 00:00:00+00:00,42.3668212890625,46.720001220703125,47.119998931884766,44.189998626708984,44.209999084472656,6759100.0,SPG,1d
2020-04-06 00:00:00+00:00,49.022911071777344,54.060001373291016,55.439998626708984,49.959999084472656,50.599998474121094,8207200.0,SPG,1d
2020-04-07 00:00:00+00:00,55.20744705200195,60.880001068115234,64.33999633789062,59.0,59.0,8424900.0,SPG,1d
2020-04-08 00:00:00+00:00,57.048301696777344,62.90999984741211,65.3499984741211,60.29999923706055,62.0,6692100.0,SPG,1d
2020-04-09 00:00:00+00:00,61.81819534301758,68.16999816894531,74.16999816894531,65.91000366210938,66.0,9095600.0,SPG,1d
2020-04-13 00:00:00+00:00,59.215606689453125,65.30000305175781,68.91999816894531,62.189998626708984,68.5999984741211,4123200.0,SPG,1d
2020-04-14 00:00:00+00:00,61.43732452392578,67.75,69.4000015258789,65.68000030517578,66.11000061035156,5105100.0,SPG,1d
2020-04-15 00:00:00+00:00,55.515769958496094,61.220001220703125,64.30000305175781,59.79999923706055,63.79999923706055,5168400.0,SPG,1d
2020-04-16 00:00:00+00:00,48.15235900878906,53.099998474121094,62.34000015258789,52.11000061035156,62.0099983215332,8421600.0,SPG,1d
2020-04-17 00:00:00+00:00,50.890968322753906,56.119998931884766,61.38999938964844,55.5099983215332,58.36000061035156,9279000.0,SPG,1d
2020-04-20 00:00:00+00:00,48.8143424987793,53.83000183105469,57.0,52.2400016784668,54.040000915527344,6498400.0,SPG,1d
2020-04-21 00:00:00+00:00,48.569496154785156,53.560001373291016,54.970001220703125,51.79999923706055,52.22999954223633,6130100.0,SPG,1d
2020-04-22 00:00:00+00:00,47.571990966796875,52.459999084472656,55.150001525878906,51.5,54.88999938964844,5913200.0,SPG,1d
2020-04-23 00:00:00+00:00,48.19770050048828,53.150001525878906,55.060001373291016,51.40999984741211,52.630001068115234,5861000.0,SPG,1d
2020-04-24 00:00:00+00:00,46.69237518310547,51.4900016784668,53.63999938964844,48.630001068115234,53.380001068115234,10103600.0,SPG,1d
2020-04-27 00:00:00+00:00,51.861270904541016,57.189998626708984,58.06999969482422,51.5,52.25,7038000.0,SPG,1d
2020-04-28 00:00:00+00:00,57.429176330566406,63.33000183105469,65.66000366210938,58.72999954223633,60.779998779296875,15427700.0,SPG,1d
2020-04-29 00:00:00+00:00,62.389503479003906,68.80000305175781,72.58000183105469,66.30999755859375,66.37000274658203,16205700.0,SPG,1d
2020-04-30 00:00:00+00:00,60.54863357543945,66.7699966430664,68.63999938964844,63.2599983215332,66.41999816894531,8992000.0,SPG,1d
2020-05-01 00:00:00+00:00,57.311279296875,63.20000076293945,64.6500015258789,60.59000015258789,63.5,6430000.0,SPG,1d
2020-05-04 00:00:00+00:00,57.13898468017578,63.0099983215332,63.5099983215332,59.400001525878906,60.400001525878906,3763600.0,SPG,1d
2020-05-05 00:00:00+00:00,54.9081916809082,60.54999923706055,66.27999877929688,60.09000015258789,64.94000244140625,5189500.0,SPG,1d
2020-05-06 00:00:00+00:00,50.54637145996094,55.7400016784668,61.86000061035156,55.25,60.689998626708984,7686400.0,SPG,1d
2020-05-07 00:00:00+00:00,51.68897247314453,57.0,58.779998779296875,55.27000045776367,55.90999984741211,6753600.0,SPG,1d
2020-05-08 00:00:00+00:00,52.61393356323242,58.02000045776367,60.5,57.810001373291016,58.63999938964844,8335500.0,SPG,1d
2020-05-11 00:00:00+00:00,49.94786834716797,55.08000183105469,57.66999816894531,54.90999984741211,57.599998474121094,9361400.0,SPG,1d
2020-05-12 00:00:00+00:00,49.45818328857422,54.540000915527344,60.540000915527344,54.5,60.34000015258789,16602200.0,SPG,1d
2020-05-13 00:00:00+00:00,46.402191162109375,51.16999816894531,54.5,49.220001220703125,53.20000076293945,13982300.0,SPG,1d
2020-05-14 00:00:00+00:00,46.74677658081055,51.54999923706055,53.4900016784668,47.25,50.0,10654900.0,SPG,1d
2020-05-15 00:00:00+00:00,46.5382080078125,51.31999969482422,52.13999938964844,49.380001068115234,50.45000076293945,7579200.0,SPG,1d
2020-05-18 00:00:00+00:00,51.607357025146484,56.90999984741211,57.709999084472656,54.779998779296875,54.849998474121094,9214700.0,SPG,1d
2020-05-19 00:00:00+00:00,51.57108688354492,56.869998931884766,58.91999816894531,54.15999984741211,57.2599983215332,7025000.0,SPG,1d
2020-05-20 00:00:00+00:00,50.48289108276367,55.66999816894531,59.36000061035156,54.959999084472656,58.59000015258789,7010000.0,SPG,1d
2020-05-21 00:00:00+00:00,50.78215026855469,56.0,57.310001373291016,54.599998474121094,55.560001373291016,6061100.0,SPG,1d
2020-05-22 00:00:00+00:00,49.50352096557617,54.59000015258789,56.400001525878906,53.880001068115234,56.22999954223633,5301500.0,SPG,1d
2020-05-26 00:00:00+00:00,53.72932434082031,59.25,59.52000045776367,56.900001525878906,58.0,10442100.0,SPG,1d
2020-05-27 00:00:00+00:00,57.30221176147461,63.189998626708984,63.29999923706055,59.43000030517578,62.54999923706055,9220000.0,SPG,1d
2020-05-28 00:00:00+00:00,54.182735443115234,59.75,63.790000915527344,58.86000061035156,63.650001525878906,7862000.0,SPG,1d
2020-05-29 00:00:00+00:00,52.32374572753906,57.70000076293945,59.380001068115234,56.36000061035156,57.68000030517578,8489700.0,SPG,1d
2020-06-01 00:00:00+00:00,55.860355377197266,61.599998474121094,61.79999923706055,56.86000061035156,57.310001373291016,6494900.0,SPG,1d
2020-06-02 00:00:00+00:00,57.537986755371094,63.45000076293945,64.48999786376953,62.439998626708984,62.9900016784668,7797600.0,SPG,1d
2020-06-03 00:00:00+00:00,66.0893325805664,72.87999725341797,74.79000091552734,65.5,65.69999694824219,17321700.0,SPG,1d
2020-06-04 00:00:00+00:00,69.58061218261719,76.7300033569336,77.8499984741211,69.63999938964844,75.12000274658203,17516800.0,SPG,1d
2020-06-05 00:00:00+00:00,80.3446044921875,88.5999984741211,92.95999908447266,83.36000061035156,83.38999938964844,23237100.0,SPG,1d
2020-06-08 00:00:00+00:00,86.60169219970703,95.5,95.55999755859375,89.12999725341797,94.87999725341797,15401100.0,SPG,1d
2020-06-09 00:00:00+00:00,78.41307830810547,86.47000122070312,90.31999969482422,83.73999786376953,88.0,12537800.0,SPG,1d
2020-06-10 00:00:00+00:00,75.27546691894531,83.01000213623047,87.55999755859375,78.0,87.55999755859375,15585400.0,SPG,1d
2020-06-11 00:00:00+00:00,65.21878051757812,71.91999816894531,78.6500015258789,70.4000015258789,71.69000244140625,13082500.0,SPG,1d
2020-06-12 00:00:00+00:00,68.90048217773438,75.9800033569336,78.19999694824219,72.81999969482422,77.75,10647500.0,SPG,1d
2020-06-15 00:00:00+00:00,67.4586410522461,74.38999938964844,75.86000061035156,70.81999969482422,71.87000274658203,9850000.0,SPG,1d
2020-06-16 00:00:00+00:00,68.48334503173828,75.5199966430664,81.29000091552734,74.58999633789062,80.94999694824219,11006200.0,SPG,1d
2020-06-17 00:00:00+00:00,64.99208068847656,71.66999816894531,75.3499984741211,71.51000213623047,75.30999755859375,8312400.0,SPG,1d
2020-06-18 00:00:00+00:00,64.3482437133789,70.95999908447266,72.44999694824219,68.58000183105469,70.01000213623047,8103300.0,SPG,1d
2020-06-19 00:00:00+00:00,60.86604309082031,67.12000274658203,72.51000213623047,67.0,72.5,13314800.0,SPG,1d
2020-06-22 00:00:00+00:00,62.162803649902344,68.55000305175781,68.83999633789062,65.08999633789062,66.3499984741211,6269600.0,SPG,1d
2020-06-23 00:00:00+00:00,63.5955696105957,70.12999725341797,72.11000061035156,69.37999725341797,69.38999938964844,6921700.0,SPG,1d
2020-06-24 00:00:00+00:00,59.043312072753906,65.11000061035156,68.16999816894531,62.65999984741211,67.93000030517578,10487700.0,SPG,1d
2020-06-25 00:00:00+00:00,58.889156341552734,64.94000244140625,66.62999725341797,63.029998779296875,63.290000915527344,7432000.0,SPG,1d
2020-06-26 00:00:00+00:00,56.132415771484375,61.900001525878906,64.69000244140625,61.45000076293945,63.84000015258789,11016500.0,SPG,1d
2020-06-29 00:00:00+00:00,61.78192138671875,68.12999725341797,68.18000030517578,61.290000915527344,62.63999938964844,9412900.0,SPG,1d
2020-06-30 00:00:00+00:00,62.00862503051758,68.37999725341797,71.5,67.56999969482422,71.36000061035156,10456500.0,SPG,1d
2020-07-01 00:00:00+00:00,63.30539321899414,69.80999755859375,72.93000030517578,69.23999786376953,69.80000305175781,7979600.0,SPG,1d
2020-07-02 00:00:00+00:00,62.398563385009766,68.80999755859375,72.95999908447266,68.68000030517578,71.80999755859375,6470600.0,SPG,1d
2020-07-06 00:00:00+00:00,62.507381439208984,68.93000030517578,70.58999633789062,67.01000213623047,69.72000122070312,6075600.0,SPG,1d
2020-07-07 00:00:00+00:00,59.78691101074219,65.93000030517578,67.66000366210938,65.55999755859375,67.5,5294900.0,SPG,1d
2020-07-08 00:00:00+00:00,59.587406158447266,65.70999908447266,66.80000305175781,64.37999725341797,66.0,6884900.0,SPG,1d
2020-07-09 00:00:00+00:00,56.45123291015625,61.02000045776367,64.4000015258789,59.869998931884766,64.25,9286300.0,SPG,1d
2020-07-10 00:00:00+00:00,59.189605712890625,63.97999954223633,64.23999786376953,60.310001373291016,60.5,5824100.0,SPG,1d
2020-07-13 00:00:00+00:00,58.92131805419922,63.689998626708984,65.13999938964844,62.20000076293945,64.77999877929688,5124300.0,SPG,1d
2020-07-14 00:00:00+00:00,57.293094635009766,61.93000030517578,63.959999084472656,61.369998931884766,63.08000183105469,5240500.0,SPG,1d
2020-07-15 00:00:00+00:00,61.60417938232422,66.58999633789062,66.72000122070312,63.83000183105469,64.54000091552734,7163100.0,SPG,1d
2020-07-16 00:00:00+00:00,58.19047164916992,62.900001525878906,65.61000061035156,62.599998474121094,65.0,5227200.0,SPG,1d
2020-07-17 00:00:00+00:00,57.7279052734375,62.400001525878906,63.560001373291016,62.08000183105469,62.790000915527344,4932300.0,SPG,1d
2020-07-20 00:00:00+00:00,55.896148681640625,60.41999816894531,62.38999938964844,60.119998931884766,62.150001525878906,5644400.0,SPG,1d
2020-07-21 00:00:00+00:00,56.386474609375,60.95000076293945,62.380001068115234,60.38999938964844,60.97999954223633,5207900.0,SPG,1d
2020-07-22 00:00:00+00:00,57.3856086730957,62.029998779296875,62.13999938964844,60.119998931884766,61.060001373291016,4059700.0,SPG,1d
2020-07-23 00:00:00+00:00,57.17283248901367,61.79999923706055,62.689998626708984,60.61000061035156,61.02000045776367,3274200.0,SPG,1d
2020-07-24 00:00:00+00:00,56.0349235534668,60.56999969482422,62.279998779296875,60.29999923706055,61.599998474121094,3115400.0,SPG,1d
2020-07-27 00:00:00+00:00,57.32085037231445,61.959999084472656,61.97999954223633,59.029998779296875,60.470001220703125,4299800.0,SPG,1d
2020-07-28 00:00:00+00:00,59.337623596191406,64.13999938964844,65.06999969482422,61.349998474121094,61.56999969482422,5328400.0,SPG,1d
2020-07-29 00:00:00+00:00,60.679054260253906,65.58999633789062,65.62999725341797,62.650001525878906,64.58999633789062,3809600.0,SPG,1d
2020-07-30 00:00:00+00:00,58.85655975341797,63.619998931884766,64.5999984741211,62.619998931884766,63.5,3311300.0,SPG,1d
2020-07-31 00:00:00+00:00,57.68164825439453,62.349998474121094,63.900001525878906,61.5,63.310001373291016,5134400.0,SPG,1d
2020-08-03 00:00:00+00:00,56.46047592163086,61.029998779296875,61.790000915527344,59.90999984741211,61.209999084472656,4149800.0,SPG,1d
2020-08-04 00:00:00+00:00,58.27373123168945,62.9900016784668,63.630001068115234,61.06999969482422,61.22999954223633,4097700.0,SPG,1d
2020-08-05 00:00:00+00:00,57.82041931152344,62.5,64.58000183105469,62.27000045776367,63.869998931884766,3380800.0,SPG,1d
2020-08-06 00:00:00+00:00,56.61775588989258,61.20000076293945,62.709999084472656,61.189998626708984,62.709999084472656,4865100.0,SPG,1d
2020-08-07 00:00:00+00:00,57.53362274169922,62.189998626708984,62.540000915527344,60.5099983215332,61.18000030517578,6391300.0,SPG,1d
2020-08-10 00:00:00+00:00,60.56804656982422,65.47000122070312,69.16000366210938,63.81999969482422,65.22000122070312,18253800.0,SPG,1d
2020-08-11 00:00:00+00:00,62.12225341796875,67.1500015258789,70.98999786376953,66.83000183105469,68.16000366210938,13635300.0,SPG,1d
2020-08-12 00:00:00+00:00,62.75135040283203,67.83000183105469,68.94000244140625,65.62000274658203,67.80000305175781,6873000.0,SPG,1d
2020-08-13 00:00:00+00:00,61.07685852050781,66.0199966430664,68.25,65.7300033569336,67.16999816894531,5499400.0,SPG,1d
2020-08-14 00:00:00+00:00,63.075138092041016,68.18000030517578,68.44999694824219,65.16999816894531,65.37999725341797,5334300.0,SPG,1d
2020-08-17 00:00:00+00:00,63.075138092041016,68.18000030517578,68.38999938964844,66.18000030517578,68.3499984741211,4441600.0,SPG,1d
2020-08-18 00:00:00+00:00,60.25349807739258,65.12999725341797,67.5,63.880001068115234,67.37000274658203,8189200.0,SPG,1d
2020-08-19 00:00:00+00:00,59.09709167480469,63.880001068115234,65.63999938964844,63.7400016784668,65.12000274658203,4962300.0,SPG,1d
2020-08-20 00:00:00+00:00,60.01296615600586,64.87000274658203,65.44999694824219,62.900001525878906,63.33000183105469,4220400.0,SPG,1d
2020-08-21 00:00:00+00:00,59.689170837402344,64.5199966430664,65.54000091552734,63.900001525878906,64.80000305175781,3014100.0,SPG,1d
2020-08-24 00:00:00+00:00,63.37118148803711,68.5,68.5199966430664,63.86000061035156,65.05000305175781,5515800.0,SPG,1d
2020-08-25 00:00:00+00:00,63.509952545166016,68.6500015258789,70.13999938964844,66.5199966430664,69.36000061035156,5053500.0,SPG,1d
2020-08-26 00:00:00+00:00,61.345149993896484,66.30999755859375,68.61000061035156,65.75,68.4800033569336,4363500.0,SPG,1d
2020-08-27 00:00:00+00:00,62.51081848144531,67.56999969482422,69.0999984741211,66.62000274658203,66.62000274658203,4207400.0,SPG,1d
2020-08-28 00:00:00+00:00,64.61084747314453,69.83999633789062,69.9000015258789,66.94999694824219,68.0999984741211,3676900.0,SPG,1d
2020-08-31 00:00:00+00:00,62.76984405517578,67.8499984741211,69.83000183105469,67.44000244140625,69.80999755859375,4089900.0,SPG,1d
2020-09-01 00:00:00+00:00,62.168514251708984,67.19999694824219,67.87999725341797,65.9000015258789,66.6500015258789,3485200.0,SPG,1d
2020-09-02 00:00:00+00:00,62.760589599609375,67.83999633789062,68.02999877929688,65.95999908447266,66.63999938964844,3595200.0,SPG,1d
2020-09-03 00:00:00+00:00,62.908607482910156,68.0,70.9800033569336,66.87000274658203,68.5,5310100.0,SPG,1d
2020-09-04 00:00:00+00:00,64.98089599609375,70.23999786376953,72.4800033569336,68.83999633789062,69.5,6858400.0,SPG,1d
2020-09-08 00:00:00+00:00,64.80512237548828,70.05000305175781,70.75,68.79000091552734,69.45999908447266,3899300.0,SPG,1d
2020-09-09 00:00:00+00:00,63.7042236328125,68.86000061035156,70.16999816894531,67.95999908447266,69.94000244140625,4332700.0,SPG,1d
2020-09-10 00:00:00+00:00,61.2341423034668,66.19000244140625,69.83000183105469,66.0,68.58999633789062,4586200.0,SPG,1d
2020-09-11 00:00:00+00:00,59.34687805175781,64.1500015258789,66.45999908447266,63.380001068115234,66.44000244140625,5096600.0,SPG,1d
2020-09-14 00:00:00+00:00,62.72359085083008,67.80000305175781,67.93000030517578,64.52999877929688,65.0,3529100.0,SPG,1d
2020-09-15 00:00:00+00:00,65.74876403808594,71.06999969482422,71.83000183105469,67.69000244140625,68.02999877929688,6836300.0,SPG,1d
2020-09-16 00:00:00+00:00,68.57038879394531,74.12000274658203,75.19999694824219,70.04000091552734,71.02999877929688,8906800.0,SPG,1d
2020-09-17 00:00:00+00:00,66.49809265136719,71.87999725341797,74.23999786376953,70.87999725341797,71.47000122070312,4973200.0,SPG,1d
2020-09-18 00:00:00+00:00,64.60159301757812,69.83000183105469,71.9000015258789,69.58999633789062,71.44000244140625,5821500.0,SPG,1d
2020-09-21 00:00:00+00:00,60.01296615600586,64.87000274658203,67.22000122070312,64.3499984741211,67.06999969482422,7010300.0,SPG,1d
2020-09-22 00:00:00+00:00,60.23499298095703,65.11000061035156,67.06999969482422,64.75,65.0199966430664,6154600.0,SPG,1d
2020-09-23 00:00:00+00:00,58.18121337890625,62.88999938964844,66.80000305175781,62.720001220703125,65.58000183105469,4440600.0,SPG,1d
2020-09-24 00:00:00+00:00,58.12571334838867,62.83000183105469,64.16000366210938,59.599998474121094,62.04999923706055,5337500.0,SPG,1d
2020-09-25 00:00:00+00:00,58.819557189941406,63.58000183105469,63.93000030517578,62.0,62.0,2601500.0,SPG,1d
2020-09-28 00:00:00+00:00,60.86408615112305,65.79000091552734,66.54000091552734,64.80000305175781,65.80000305175781,3771800.0,SPG,1d
2020-09-29 00:00:00+00:00,59.198856353759766,63.9900016784668,65.33999633789062,62.900001525878906,65.33000183105469,3816800.0,SPG,1d
2020-09-30 00:00:00+00:00,59.83719253540039,64.68000030517578,66.12000274658203,63.70000076293945,64.1500015258789,4188200.0,SPG,1d
2020-10-01 00:00:00+00:00,61.54867935180664,66.52999877929688,66.55999755859375,64.25,64.83999633789062,3426200.0,SPG,1d
2020-10-02 00:00:00+00:00,63.0936393737793,68.19999694824219,68.5,64.05000305175781,64.12999725341797,5346800.0,SPG,1d
2020-10-05 00:00:00+00:00,63.611717224121094,68.76000213623047,69.33000183105469,67.41999816894531,68.70999908447266,3688200.0,SPG,1d
2020-10-06 00:00:00+00:00,64.74036407470703,69.9800033569336,72.62999725341797,69.01000213623047,69.75,6512200.0,SPG,1d
2020-10-07 00:00:00+00:00,65.71175384521484,71.02999877929688,72.16000366210938,69.80000305175781,70.31999969482422,4167200.0,SPG,1d
2020-10-08 00:00:00+00:00,66.03215026855469,70.06999969482422,71.2300033569336,69.4000015258789,70.83000183105469,3721700.0,SPG,1d
2020-10-09 00:00:00+00:00,63.81757736206055,67.72000122070312,70.3499984741211,67.51000213623047,70.13999938964844,3825400.0,SPG,1d
2020-10-12 00:00:00+00:00,64.10028839111328,68.0199966430664,68.11000061035156,66.69999694824219,67.63999938964844,3040800.0,SPG,1d
2020-10-13 00:00:00+00:00,62.027069091796875,65.81999969482422,67.33000183105469,65.47000122070312,66.97000122070312,3705400.0,SPG,1d
2020-10-14 00:00:00+00:00,61.932830810546875,65.72000122070312,66.54000091552734,65.26000213623047,65.88999938964844,2766800.0,SPG,1d
2020-10-15 00:00:00+00:00,61.36740493774414,65.12000274658203,66.5199966430664,64.58999633789062,64.70999908447266,2900600.0,SPG,1d
2020-10-16 00:00:00+00:00,61.084686279296875,64.81999969482422,65.69999694824219,64.1500015258789,65.52999877929688,3939100.0,SPG,1d
2020-10-19 00:00:00+00:00,60.22713088989258,63.90999984741211,65.3499984741211,63.84000015258789,65.0,3587400.0,SPG,1d
2020-10-20 00:00:00+00:00,60.74544143676758,64.45999908447266,66.08000183105469,64.43000030517578,64.88999938964844,2902200.0,SPG,1d
2020-10-21 00:00:00+00:00,60.50984191894531,64.20999908447266,65.01000213623047,63.34000015258789,64.12000274658203,3137900.0,SPG,1d
2020-10-22 00:00:00+00:00,62.526527404785156,66.3499984741211,66.54000091552734,63.900001525878906,64.01000213623047,2901400.0,SPG,1d
2020-10-23 00:00:00+00:00,63.025978088378906,66.87999725341797,67.80000305175781,65.91999816894531,66.75,3194500.0,SPG,1d
2020-10-26 00:00:00+00:00,60.9527587890625,64.68000030517578,66.0999984741211,63.869998931884766,66.01000213623047,3852700.0,SPG,1d
2020-10-27 00:00:00+00:00,58.40835189819336,61.97999954223633,64.58000183105469,61.95000076293945,64.11000061035156,3795000.0,SPG,1d
2020-10-28 00:00:00+00:00,57.25865173339844,60.7599983215332,61.630001068115234,59.349998474121094,60.27000045776367,6595600.0,SPG,1d
2020-10-29 00:00:00+00:00,59.75593948364258,63.40999984741211,64.11000061035156,60.16999816894531,60.689998626708984,5851500.0,SPG,1d
2020-10-30 00:00:00+00:00,59.190521240234375,62.810001373291016,63.619998931884766,60.83000183105469,62.97999954223633,3704500.0,SPG,1d
2020-11-02 00:00:00+00:00,60.98103332519531,64.70999908447266,64.87999725341797,62.59000015258789,62.959999084472656,3666000.0,SPG,1d
2020-11-03 00:00:00+00:00,61.244895935058594,64.98999786376953,66.0,64.4000015258789,65.5999984741211,3552600.0,SPG,1d
2020-11-04 00:00:00+00:00,58.691062927246094,62.279998779296875,64.91000366210938,62.119998931884766,64.9000015258789,4431700.0,SPG,1d
2020-11-05 00:00:00+00:00,59.8124885559082,63.470001220703125,64.0999984741211,62.459999084472656,62.93000030517578,3283400.0,SPG,1d
2020-11-06 00:00:00+00:00,58.295265197753906,61.86000061035156,64.83000183105469,61.63999938964844,63.5,4872900.0,SPG,1d
2020-11-09 00:00:00+00:00,74.54180908203125,79.0999984741211,82.5,73.0999984741211,74.87000274658203,24996200.0,SPG,1d
2020-11-10 00:00:00+00:00,74.29676818847656,78.83999633789062,84.48999786376953,75.30999755859375,76.69999694824219,14440400.0,SPG,1d
2020-11-11 00:00:00+00:00,69.1796875,73.41000366210938,78.5,72.5199966430664,77.9800033569336,6844600.0,SPG,1d
2020-11-12 00:00:00+00:00,65.15574645996094,69.13999938964844,72.62999725341797,68.01000213623047,71.66000366210938,8143000.0,SPG,1d
2020-11-13 00:00:00+00:00,70.39534759521484,74.69999694824219,75.1500015258789,70.80000305175781,71.62999725341797,7732900.0,SPG,1d
2020-11-16 00:00:00+00:00,74.40985870361328,78.95999908447266,82.41999816894531,78.8499984741211,79.94999694824219,13224900.0,SPG,1d
2020-11-17 00:00:00+00:00,74.40985870361328,78.95999908447266,81.33000183105469,76.9800033569336,77.94999694824219,6171800.0,SPG,1d
2020-11-18 00:00:00+00:00,72.19528198242188,76.61000061035156,81.04000091552734,76.5999984741211,77.87000274658203,7493300.0,SPG,1d
2020-11-19 00:00:00+00:00,75.98363494873047,80.62999725341797,81.33000183105469,75.48999786376953,75.98999786376953,16282200.0,SPG,1d
2020-11-20 00:00:00+00:00,76.44539642333984,81.12000274658203,81.79000091552734,79.26000213623047,80.4800033569336,9733700.0,SPG,1d
2020-11-23 00:00:00+00:00,80.48818969726562,85.41000366210938,86.30000305175781,82.30000305175781,84.75,10874800.0,SPG,1d
2020-11-24 00:00:00+00:00,83.67340087890625,88.79000091552734,91.37000274658203,88.41999816894531,88.73999786376953,9742200.0,SPG,1d
2020-11-25 00:00:00+00:00,82.16560363769531,87.19000244140625,88.87999725341797,86.30000305175781,88.41000366210938,5973300.0,SPG,1d
2020-11-27 00:00:00+00:00,80.62010955810547,85.55000305175781,88.5999984741211,85.52999877929688,87.95999908447266,2305900.0,SPG,1d
2020-11-30 00:00:00+00:00,77.81183624267578,82.56999969482422,86.9000015258789,82.4000015258789,85.31999969482422,6987300.0,SPG,1d
2020-12-01 00:00:00+00:00,80.09237670898438,84.98999786376953,86.29000091552734,83.88999938964844,84.6500015258789,4869700.0,SPG,1d
2020-12-02 00:00:00+00:00,82.2221450805664,87.25,87.98999786376953,82.5999984741211,83.7300033569336,4333200.0,SPG,1d
2020-12-03 00:00:00+00:00,84.4649887084961,89.62999725341797,91.69999694824219,87.29000091552734,87.88999938964844,5490000.0,SPG,1d
2020-12-04 00:00:00+00:00,88.49835968017578,93.91000366210938,94.36000061035156,90.70999908447266,92.23999786376953,5268500.0,SPG,1d
2020-12-07 00:00:00+00:00,84.21997833251953,89.37000274658203,93.80000305175781,89.0,93.69999694824219,6097000.0,SPG,1d
2020-12-08 00:00:00+00:00,84.9173355102539,90.11000061035156,91.94999694824219,88.5,89.7300033569336,4603100.0,SPG,1d
2020-12-09 00:00:00+00:00,85.60526275634766,90.83999633789062,92.16000366210938,89.19000244140625,90.62000274658203,4596400.0,SPG,1d
2020-12-10 00:00:00+00:00,85.22832489013672,90.44000244140625,90.95999908447266,89.08000183105469,89.12000274658203,3046000.0,SPG,1d
2020-12-11 00:00:00+00:00,82.8346939086914,87.9000015258789,89.93000030517578,86.29000091552734,89.20999908447266,4907600.0,SPG,1d
2020-12-14 00:00:00+00:00,82.2881088256836,87.31999969482422,90.18000030517578,86.76000213623047,90.0,4841400.0,SPG,1d
2020-12-15 00:00:00+00:00,84.56865692138672,89.73999786376953,89.76000213623047,87.22000122070312,88.44000244140625,5295100.0,SPG,1d
2020-12-16 00:00:00+00:00,83.19278717041016,88.27999877929688,90.30000305175781,88.12999725341797,88.33999633789062,3371600.0,SPG,1d
2020-12-17 00:00:00+00:00,83.89957427978516,89.02999877929688,89.2300033569336,87.48999786376953,89.19000244140625,3002000.0,SPG,1d
2020-12-18 00:00:00+00:00,80.50702667236328,85.43000030517578,89.06999969482422,84.91999816894531,88.73999786376953,6377100.0,SPG,1d
2020-12-21 00:00:00+00:00,78.82960510253906,83.6500015258789,84.5,82.25,83.94999694824219,4629100.0,SPG,1d
2020-12-22 00:00:00+00:00,78.89556121826172,83.72000122070312,85.55999755859375,82.0199966430664,85.5,4139900.0,SPG,1d
2020-12-23 00:00:00+00:00,80.0729751586914,83.6500015258789,85.25,83.20999908447266,83.33999633789062,2768600.0,SPG,1d
2020-12-24 00:00:00+00:00,80.7621841430664,84.37000274658203,84.58999633789062,83.05000305175781,84.0,810700.0,SPG,1d
2020-12-28 00:00:00+00:00,81.82471466064453,85.4800033569336,86.1500015258789,84.51000213623047,84.52999877929688,3105000.0,SPG,1d
2020-12-29 00:00:00+00:00,79.72836303710938,83.29000091552734,86.56999969482422,82.94000244140625,85.79000091552734,2281200.0,SPG,1d
2020-12-30 00:00:00+00:00,80.37928771972656,83.97000122070312,85.55000305175781,83.20999908447266,83.20999908447266,2791400.0,SPG,1d
2020-12-31 00:00:00+00:00,81.63326263427734,85.27999877929688,85.3499984741211,82.36000061035156,83.5199966430664,2488300.0,SPG,1d
2021-01-04 00:00:00+00:00,79.26888275146484,82.80999755859375,86.23999786376953,82.05999755859375,85.66000366210938,4299400.0,SPG,1d
2021-01-05 00:00:00+00:00,79.6135025024414,83.16999816894531,84.31999969482422,82.93000030517578,83.1500015258789,4647900.0,SPG,1d
2021-01-06 00:00:00+00:00,81.43224334716797,85.06999969482422,86.4800033569336,83.75,84.0,8356300.0,SPG,1d
2021-01-07 00:00:00+00:00,81.48967742919922,85.12999725341797,87.23999786376953,84.51000213623047,85.83999633789062,4227800.0,SPG,1d
2021-01-08 00:00:00+00:00,82.7915267944336,86.48999786376953,86.5,83.69999694824219,85.33999633789062,3692500.0,SPG,1d
2021-01-11 00:00:00+00:00,79.58477783203125,83.13999938964844,85.5999984741211,82.8499984741211,85.54000091552734,3988200.0,SPG,1d
2021-01-12 00:00:00+00:00,81.77685546875,85.43000030517578,85.98999786376953,83.20999908447266,83.83999633789062,4103400.0,SPG,1d
2021-01-13 00:00:00+00:00,85.06975555419922,88.87000274658203,89.27999877929688,85.4000015258789,85.4000015258789,4295600.0,SPG,1d
2021-01-14 00:00:00+00:00,90.88975524902344,94.94999694824219,95.75,89.30999755859375,89.41999816894531,7465800.0,SPG,1d
2021-01-15 00:00:00+00:00,89.02313995361328,93.0,94.23999786376953,92.33000183105469,94.0,4006500.0,SPG,1d
2021-01-19 00:00:00+00:00,88.7072525024414,92.66999816894531,93.77999877929688,90.73999786376953,93.0999984741211,3094500.0,SPG,1d
2021-01-20 00:00:00+00:00,91.21521759033203,95.29000091552734,96.01000213623047,92.0199966430664,92.33000183105469,3904100.0,SPG,1d
2021-01-21 00:00:00+00:00,90.46858215332031,94.51000213623047,95.76000213623047,93.69999694824219,94.98999786376953,3059400.0,SPG,1d
2021-01-22 00:00:00+00:00,91.40666198730469,95.48999786376953,96.0,92.05000305175781,93.0,3692700.0,SPG,1d
2021-01-25 00:00:00+00:00,93.31157684326172,97.4800033569336,100.16999816894531,94.0,94.66000366210938,5322700.0,SPG,1d
2021-01-26 00:00:00+00:00,94.81443786621094,99.05000305175781,99.66000366210938,96.63999938964844,98.5,3720100.0,SPG,1d
2021-01-27 00:00:00+00:00,92.50748443603516,96.63999938964844,103.5,96.08999633789062,98.2300033569336,5775900.0,SPG,1d
2021-01-28 00:00:00+00:00,93.34028625488281,97.51000213623047,99.02999877929688,96.69000244140625,97.23999786376953,3124700.0,SPG,1d
2021-01-29 00:00:00+00:00,88.95613861083984,92.93000030517578,97.83000183105469,92.11000061035156,97.19000244140625,4517400.0,SPG,1d
2021-02-01 00:00:00+00:00,88.96571350097656,92.94000244140625,93.5999984741211,90.55999755859375,93.43000030517578,3774100.0,SPG,1d
2021-02-02 00:00:00+00:00,88.50623321533203,92.45999908447266,94.11000061035156,91.36000061035156,94.11000061035156,2987200.0,SPG,1d
2021-02-03 00:00:00+00:00,89.38689422607422,93.37999725341797,93.75,91.0199966430664,92.36000061035156,2986900.0,SPG,1d
2021-02-04 00:00:00+00:00,91.09078979492188,95.16000366210938,96.23999786376953,93.37999725341797,93.37999725341797,2794000.0,SPG,1d
2021-02-05 00:00:00+00:00,92.61278533935547,96.75,97.9000015258789,95.91999816894531,96.41000366210938,2547700.0,SPG,1d
2021-02-08 00:00:00+00:00,94.70914459228516,98.94000244140625,99.47000122070312,96.66000366210938,97.5999984741211,4464400.0,SPG,1d
2021-02-09 00:00:00+00:00,98.1647720336914,102.55000305175781,105.01000213623047,101.3499984741211,102.5,6002200.0,SPG,1d
2021-02-10 00:00:00+00:00,101.67782592773438,106.22000122070312,108.6500015258789,103.0999984741211,104.38999938964844,4318300.0,SPG,1d
2021-02-11 00:00:00+00:00,104.59740447998047,109.2699966430664,111.41999816894531,107.25,108.1500015258789,4696700.0,SPG,1d
2021-02-12 00:00:00+00:00,104.58783721923828,109.26000213623047,110.63999938964844,107.70999908447266,108.52999877929688,2264400.0,SPG,1d
2021-02-16 00:00:00+00:00,105.27704620361328,109.9800033569336,111.41999816894531,108.62999725341797,108.94000244140625,3719700.0,SPG,1d
2021-02-17 00:00:00+00:00,103.60188293457031,108.2300033569336,110.48999786376953,107.0999984741211,109.5,2752700.0,SPG,1d
2021-02-18 00:00:00+00:00,101.96499633789062,106.5199966430664,108.63999938964844,105.72000122070312,107.38999938964844,3314300.0,SPG,1d
2021-02-19 00:00:00+00:00,104.75056457519531,109.43000030517578,109.93000030517578,106.69999694824219,107.41999816894531,3073300.0,SPG,1d
2021-02-22 00:00:00+00:00,107.94773864746094,112.7699966430664,115.33000183105469,108.93000030517578,108.93000030517578,4256300.0,SPG,1d
2021-02-23 00:00:00+00:00,110.19725036621094,115.12000274658203,115.94000244140625,110.05999755859375,115.37999725341797,4174400.0,SPG,1d
2021-02-24 00:00:00+00:00,113.91132354736328,119.0,121.12999725341797,114.5,115.04000091552734,4698100.0,SPG,1d
2021-02-25 00:00:00+00:00,109.91007995605469,114.81999969482422,121.30999755859375,113.6500015258789,119.8499984741211,4935000.0,SPG,1d
2021-02-26 00:00:00+00:00,108.09132385253906,112.91999816894531,116.45999908447266,111.26000213623047,113.87000274658203,3964400.0,SPG,1d
2021-03-01 00:00:00+00:00,109.0485610961914,113.91999816894531,117.8499984741211,113.83999633789062,116.19999694824219,3604600.0,SPG,1d
2021-03-02 00:00:00+00:00,106.90435791015625,111.68000030517578,114.11000061035156,111.33999633789062,113.83999633789062,3371900.0,SPG,1d
2021-03-03 00:00:00+00:00,109.11557006835938,113.98999786376953,115.7300033569336,112.05000305175781,112.0999984741211,4274600.0,SPG,1d
2021-03-04 00:00:00+00:00,105.4014892578125,110.11000061035156,115.16000366210938,106.75,114.02999877929688,5024200.0,SPG,1d
2021-03-05 00:00:00+00:00,106.4161605834961,111.16999816894531,112.29000091552734,104.12000274658203,111.55999755859375,4576600.0,SPG,1d
2021-03-08 00:00:00+00:00,106.92350006103516,111.69999694824219,114.97000122070312,111.16999816894531,112.38999938964844,3387300.0,SPG,1d
2021-03-09 00:00:00+00:00,106.25342559814453,111.0,112.75,108.70999908447266,112.19999694824219,2863400.0,SPG,1d
2021-03-10 00:00:00+00:00,109.42189025878906,114.30999755859375,114.93000030517578,110.69000244140625,110.94000244140625,2989700.0,SPG,1d
2021-03-11 00:00:00+00:00,110.88645935058594,115.83999633789062,117.0199966430664,113.2699966430664,114.45999908447266,5177900.0,SPG,1d
2021-03-12 00:00:00+00:00,112.81050872802734,117.8499984741211,118.02999877929688,115.5999984741211,115.75,2619900.0,SPG,1d
2021-03-15 00:00:00+00:00,115.83538818359375,121.01000213623047,121.91999816894531,116.8499984741211,118.1500015258789,3816100.0,SPG,1d
2021-03-16 00:00:00+00:00,112.17874145507812,117.19000244140625,121.11000061035156,116.75,121.0,3633300.0,SPG,1d
2021-03-17 00:00:00+00:00,113.18383026123047,118.23999786376953,118.66000366210938,116.45999908447266,116.81999969482422,2232400.0,SPG,1d
2021-03-18 00:00:00+00:00,111.82455444335938,116.81999969482422,120.81999969482422,115.62999725341797,117.63999938964844,6079000.0,SPG,1d
2021-03-19 00:00:00+00:00,111.70011138916016,116.69000244140625,118.45999908447266,114.11000061035156,117.20999908447266,4471200.0,SPG,1d
2021-03-22 00:00:00+00:00,110.32169342041016,115.25,116.87999725341797,113.83999633789062,116.51000213623047,2725900.0,SPG,1d
2021-03-23 00:00:00+00:00,105.68865966796875,110.41000366210938,114.95999908447266,109.5199966430664,114.66000366210938,3682200.0,SPG,1d
2021-03-24 00:00:00+00:00,104.72184753417969,109.4000015258789,114.27999877929688,109.38999938964844,111.12000274658203,3428000.0,SPG,1d
2021-03-25 00:00:00+00:00,108.78053283691406,113.63999938964844,114.1500015258789,106.68000030517578,107.80999755859375,3852100.0,SPG,1d
2021-03-26 00:00:00+00:00,109.76649475097656,114.66999816894531,116.66000366210938,112.20999908447266,114.69999694824219,2674100.0,SPG,1d
2021-03-29 00:00:00+00:00,108.9432601928711,113.80999755859375,115.23999786376953,110.95999908447266,114.41000366210938,3331400.0,SPG,1d
2021-03-30 00:00:00+00:00,110.45570373535156,115.38999938964844,116.44999694824219,113.69999694824219,113.9800033569336,2087800.0,SPG,1d
2021-03-31 00:00:00+00:00,108.90497589111328,113.7699966430664,115.6500015258789,113.47000122070312,114.61000061035156,2507100.0,SPG,1d
2021-04-01 00:00:00+00:00,110.2738265991211,115.19999694824219,115.3499984741211,112.62999725341797,114.98999786376953,2858600.0,SPG,1d
2021-04-05 00:00:00+00:00,110.13024139404297,115.05000305175781,116.0,113.2699966430664,116.0,2911900.0,SPG,1d
2021-04-06 00:00:00+00:00,111.50865936279297,116.48999786376953,116.86000061035156,114.51000213623047,114.7300033569336,2500000.0,SPG,1d
2021-04-07 00:00:00+00:00,112.00643920898438,117.01000213623047,117.70999908447266,115.12000274658203,117.05000305175781,2541100.0,SPG,1d
2021-04-08 00:00:00+00:00,110.67060852050781,114.33000183105469,115.63999938964844,113.61000061035156,115.05999755859375,2364300.0,SPG,1d
2021-04-09 00:00:00+00:00,112.20004272460938,115.91000366210938,116.20999908447266,114.04000091552734,114.69000244140625,1669900.0,SPG,1d
2021-04-12 00:00:00+00:00,111.0674819946289,114.73999786376953,116.87000274658203,113.44000244140625,116.41000366210938,2994200.0,SPG,1d
2021-04-13 00:00:00+00:00,109.75101470947266,113.37999725341797,114.0999984741211,111.30000305175781,113.69999694824219,3681700.0,SPG,1d
2021-04-14 00:00:00+00:00,110.11884307861328,113.76000213623047,115.75,113.55999755859375,113.70999908447266,2657400.0,SPG,1d
2021-04-15 00:00:00+00:00,110.90292358398438,114.56999969482422,115.55999755859375,113.62000274658203,115.0,2314100.0,SPG,1d
2021-04-16 00:00:00+00:00,113.37130737304688,117.12000274658203,118.5,115.93000030517578,116.51000213623047,3249500.0,SPG,1d
2021-04-19 00:00:00+00:00,112.8292236328125,116.55999755859375,116.88999938964844,114.94999694824219,116.5999984741211,1753600.0,SPG,1d
2021-04-20 00:00:00+00:00,110.60284423828125,114.26000213623047,116.41999816894531,113.12000274658203,115.51000213623047,2180100.0,SPG,1d
2021-04-21 00:00:00+00:00,113.86498260498047,117.62999725341797,117.9000015258789,112.61000061035156,113.97000122070312,2467900.0,SPG,1d
2021-04-22 00:00:00+00:00,111.94834899902344,115.6500015258789,119.05999755859375,115.56999969482422,117.77999877929688,2591400.0,SPG,1d
2021-04-23 00:00:00+00:00,113.17769622802734,116.91999816894531,117.12000274658203,115.41000366210938,116.30999755859375,2348000.0,SPG,1d
2021-04-26 00:00:00+00:00,116.32367706298828,120.16999816894531,121.69999694824219,118.43000030517578,118.9000015258789,3268400.0,SPG,1d
2021-04-27 00:00:00+00:00,118.44358825683594,122.36000061035156,123.30000305175781,119.45999908447266,120.95999908447266,3301100.0,SPG,1d
2021-04-28 00:00:00+00:00,119.15989685058594,123.0999984741211,125.41999816894531,122.6500015258789,122.66999816894531,2297900.0,SPG,1d
2021-04-29 00:00:00+00:00,119.38253784179688,123.33000183105469,125.55000305175781,121.7699966430664,124.2699966430664,2281400.0,SPG,1d
2021-04-30 00:00:00+00:00,117.84342956542969,121.73999786376953,123.0999984741211,120.93000030517578,122.93000030517578,2751900.0,SPG,1d
2021-05-03 00:00:00+00:00,119.2566909790039,123.19999694824219,123.83000183105469,121.63999938964844,122.69000244140625,2627800.0,SPG,1d
2021-05-04 00:00:00+00:00,117.47559356689453,121.36000061035156,123.95999908447266,120.4000015258789,123.04000091552734,2730600.0,SPG,1d
2021-05-05 00:00:00+00:00,117.04967498779297,120.91999816894531,122.6500015258789,120.33999633789062,120.95999908447266,2454000.0,SPG,1d
2021-05-06 00:00:00+00:00,118.98565673828125,122.91999816894531,122.9800033569336,120.27999877929688,121.13999938964844,2044200.0,SPG,1d
2021-05-07 00:00:00+00:00,120.94100189208984,124.94000244140625,125.0,121.80000305175781,122.33000183105469,2686000.0,SPG,1d
2021-05-10 00:00:00+00:00,122.69307708740234,126.75,128.25,125.63999938964844,125.98999786376953,5105100.0,SPG,1d
2021-05-11 00:00:00+00:00,118.7146224975586,122.63999938964844,123.97000122070312,119.56999969482422,121.7699966430664,5664400.0,SPG,1d
2021-05-12 00:00:00+00:00,113.85530090332031,117.62000274658203,123.36000061035156,117.20999908447266,122.63999938964844,3294000.0,SPG,1d
2021-05-13 00:00:00+00:00,114.21345520019531,117.98999786376953,121.30999755859375,116.52999877929688,117.62000274658203,3583900.0,SPG,1d
2021-05-14 00:00:00+00:00,118.26934814453125,122.18000030517578,122.94999694824219,118.75,118.75,2477500.0,SPG,1d
2021-05-17 00:00:00+00:00,118.32742309570312,122.23999786376953,123.18000030517578,121.20999908447266,122.0,1609700.0,SPG,1d
2021-05-18 00:00:00+00:00,118.64685821533203,122.56999969482422,123.8499984741211,120.72000122070312,122.01000213623047,2552300.0,SPG,1d
2021-05-19 00:00:00+00:00,118.35646057128906,122.2699966430664,122.31999969482422,118.41000366210938,120.1500015258789,2048800.0,SPG,1d
2021-05-20 00:00:00+00:00,118.64685821533203,122.56999969482422,123.08999633789062,120.75,122.02999877929688,1669800.0,SPG,1d
2021-05-21 00:00:00+00:00,118.46294403076172,122.37999725341797,124.30999755859375,121.94999694824219,122.83999633789062,1854500.0,SPG,1d
2021-05-24 00:00:00+00:00,120.65060424804688,124.63999938964844,124.9800033569336,122.30999755859375,123.19999694824219,1975800.0,SPG,1d
2021-05-25 00:00:00+00:00,120.41828918457031,124.4000015258789,126.69000244140625,124.18000030517578,125.0,1671900.0,SPG,1d
2021-05-26 00:00:00+00:00,122.64466857910156,126.69999694824219,127.0199966430664,123.80000305175781,124.66000366210938,1765800.0,SPG,1d
2021-05-27 00:00:00+00:00,124.18376922607422,128.2899932861328,128.72000122070312,127.0999984741211,127.5,3172100.0,SPG,1d
2021-05-28 00:00:00+00:00,124.37738800048828,128.49000549316406,129.1999969482422,127.66000366210938,128.8300018310547,1929200.0,SPG,1d
2021-06-01 00:00:00+00:00,129.8949432373047,134.19000244140625,134.2100067138672,129.6999969482422,129.6999969482422,3726900.0,SPG,1d
2021-06-02 00:00:00+00:00,130.86294555664062,135.19000244140625,135.50999450683594,132.35000610351562,134.3800048828125,2685700.0,SPG,1d
2021-06-03 00:00:00+00:00,129.7690887451172,134.05999755859375,134.75,132.02999877929688,134.3800048828125,2060900.0,SPG,1d
2021-06-04 00:00:00+00:00,128.03640747070312,132.27000427246094,134.92999267578125,131.6199951171875,134.64999389648438,1952200.0,SPG,1d
2021-06-07 00:00:00+00:00,129.7110137939453,134.0,134.25,131.77000427246094,132.13999938964844,1796900.0,SPG,1d
2021-06-08 00:00:00+00:00,131.3662872314453,135.7100067138672,136.6999969482422,133.89999389648438,134.61000061035156,2590900.0,SPG,1d
2021-06-09 00:00:00+00:00,131.2501220703125,135.58999633789062,136.6300048828125,135.30999755859375,136.41000366210938,2075600.0,SPG,1d
2021-06-10 00:00:00+00:00,130.23373413085938,134.5399932861328,136.57000732421875,132.6999969482422,135.75999450683594,2225700.0,SPG,1d
2021-06-11 00:00:00+00:00,129.93365478515625,134.22999572753906,134.83999633789062,133.32000732421875,134.6999969482422,1976100.0,SPG,1d
2021-06-14 00:00:00+00:00,129.01406860351562,133.27999877929688,135.1999969482422,132.08999633789062,134.19000244140625,1474600.0,SPG,1d
2021-06-15 00:00:00+00:00,127.0877456665039,131.2899932861328,133.61000061035156,130.3000030517578,132.64999389648438,2453700.0,SPG,1d
2021-06-16 00:00:00+00:00,126.54568481445312,130.72999572753906,132.50999450683594,130.0399932861328,130.97999572753906,1820700.0,SPG,1d
2021-06-17 00:00:00+00:00,124.54194641113281,128.66000366210938,130.9600067138672,126.05000305175781,130.3699951171875,2784300.0,SPG,1d
2021-06-18 00:00:00+00:00,121.31852722167969,125.33000183105469,128.2100067138672,125.27999877929688,127.05000305175781,4232300.0,SPG,1d
2021-06-21 00:00:00+00:00,127.2910385131836,131.5,131.82000732421875,126.4000015258789,126.91999816894531,2335500.0,SPG,1d
2021-06-22 00:00:00+00:00,126.08103942871094,130.25,131.39999389648438,129.22999572753906,131.19000244140625,1971400.0,SPG,1d
2021-06-23 00:00:00+00:00,127.97830963134766,132.2100067138672,132.99000549316406,130.80999755859375,131.33999633789062,1805300.0,SPG,1d
2021-06-24 00:00:00+00:00,126.43919372558594,130.6199951171875,132.8800048828125,129.8800048828125,132.8000030517578,2019600.0,SPG,1d
2021-06-25 00:00:00+00:00,126.87481689453125,131.07000732421875,131.60000610351562,129.85000610351562,131.00999450683594,2322900.0,SPG,1d
2021-06-28 00:00:00+00:00,126.03265380859375,130.1999969482422,131.02999877929688,128.25,131.0,1904200.0,SPG,1d
2021-06-29 00:00:00+00:00,126.79736328125,130.99000549316406,132.22000122070312,130.5800018310547,130.61000061035156,2201500.0,SPG,1d
2021-06-30 00:00:00+00:00,126.3036880493164,130.47999572753906,132.27999877929688,130.25,130.5800018310547,2720200.0,SPG,1d
2021-07-01 00:00:00+00:00,128.7107696533203,131.5399932861328,132.88999938964844,129.07000732421875,129.39999389648438,2550400.0,SPG,1d
2021-07-02 00:00:00+00:00,126.84185791015625,129.6300048828125,132.07000732421875,129.17999267578125,131.44000244140625,1529300.0,SPG,1d
2021-07-06 00:00:00+00:00,124.8946533203125,127.63999938964844,129.35000610351562,126.08000183105469,129.10000610351562,3143700.0,SPG,1d
2021-07-07 00:00:00+00:00,123.0844497680664,125.79000091552734,127.30999755859375,124.0999984741211,127.12000274658203,2607600.0,SPG,1d
2021-07-08 00:00:00+00:00,122.39949798583984,125.08999633789062,126.2699966430664,122.01000213623047,123.5,2630900.0,SPG,1d
2021-07-09 00:00:00+00:00,126.90057373046875,129.69000244140625,129.77999877929688,126.68000030517578,127.0,1790100.0,SPG,1d
2021-07-12 00:00:00+00:00,127.46808624267578,130.27000427246094,130.77999877929688,128.05999755859375,128.60000610351562,1263300.0,SPG,1d
2021-07-13 00:00:00+00:00,123.88681030273438,126.61000061035156,130.0399932861328,126.43000030517578,129.5800018310547,1742700.0,SPG,1d
2021-07-14 00:00:00+00:00,124.708740234375,127.44999694824219,128.64999389648438,126.1500015258789,126.5,1556800.0,SPG,1d
2021-07-15 00:00:00+00:00,123.81831359863281,126.54000091552734,127.80999755859375,125.29000091552734,126.83000183105469,1585200.0,SPG,1d
2021-07-16 00:00:00+00:00,121.82218933105469,124.5,127.83000183105469,124.31999969482422,127.62000274658203,1741600.0,SPG,1d
2021-07-19 00:00:00+00:00,114.66941833496094,117.19000244140625,120.56999969482422,114.72000122070312,120.08000183105469,5454200.0,SPG,1d
2021-07-20 00:00:00+00:00,122.92788696289062,125.62999725341797,126.1500015258789,118.26000213623047,119.0,3821600.0,SPG,1d
2021-07-21 00:00:00+00:00,125.17842102050781,127.93000030517578,129.22000122070312,126.69999694824219,126.83000183105469,2247900.0,SPG,1d
2021-07-22 00:00:00+00:00,122.40928649902344,125.0999984741211,127.52999877929688,124.41000366210938,127.52999877929688,1709600.0,SPG,1d
2021-07-23 00:00:00+00:00,121.47972106933594,124.1500015258789,126.66000366210938,122.8499984741211,126.05999755859375,1364500.0,SPG,1d
2021-07-26 00:00:00+00:00,124.29777526855469,127.02999877929688,127.23999786376953,123.83999633789062,124.0,1905400.0,SPG,1d
2021-07-27 00:00:00+00:00,123.16273498535156,125.87000274658203,126.83000183105469,124.8499984741211,126.08999633789062,1960700.0,SPG,1d
2021-07-28 00:00:00+00:00,122.5267105102539,125.22000122070312,126.91000366210938,123.91000366210938,126.33000183105469,1642100.0,SPG,1d
2021-07-29 00:00:00+00:00,123.2116470336914,125.91999816894531,128.3000030517578,125.72000122070312,125.97000122070312,1793000.0,SPG,1d
2021-07-30 00:00:00+00:00,123.79874420166016,126.5199966430664,128.1199951171875,125.5,126.08000183105469,2194700.0,SPG,1d
2021-08-02 00:00:00+00:00,123.6030502319336,126.31999969482422,130.83999633789062,126.0199966430664,128.1999969482422,2285100.0,SPG,1d
2021-08-03 00:00:00+00:00,126.7537841796875,129.5399932861328,130.97000122070312,127.04000091552734,128.99000549316406,3366800.0,SPG,1d
2021-08-04 00:00:00+00:00,125.9318618774414,128.6999969482422,132.3300018310547,128.25999450683594,130.07000732421875,3112900.0,SPG,1d
2021-08-05 00:00:00+00:00,131.147216796875,134.02999877929688,134.75,129.49000549316406,130.1300048828125,3351300.0,SPG,1d
2021-08-06 00:00:00+00:00,132.29205322265625,135.1999969482422,136.0500030517578,134.02000427246094,134.55999755859375,2285400.0,SPG,1d
2021-08-09 00:00:00+00:00,130.0023956298828,132.86000061035156,134.4499969482422,132.7100067138672,134.3800048828125,1652300.0,SPG,1d
2021-08-10 00:00:00+00:00,129.26852416992188,132.11000061035156,133.52999877929688,131.27000427246094,132.69000244140625,1688300.0,SPG,1d
2021-08-11 00:00:00+00:00,130.63839721679688,133.50999450683594,134.07000732421875,131.1699981689453,132.9499969482422,1415800.0,SPG,1d
2021-08-12 00:00:00+00:00,130.97109985351562,133.85000610351562,134.27999877929688,132.25,133.77000427246094,1832800.0,SPG,1d
2021-08-13 00:00:00+00:00,130.79495239257812,133.6699981689453,134.83999633789062,133.17999267578125,134.3699951171875,1441200.0,SPG,1d
2021-08-16 00:00:00+00:00,128.15304565429688,130.97000122070312,133.6699981689453,130.5500030517578,132.8000030517578,1797800.0,SPG,1d
2021-08-17 00:00:00+00:00,125.35455322265625,128.11000061035156,129.3300018310547,125.93000030517578,129.22999572753906,2164200.0,SPG,1d
2021-08-18 00:00:00+00:00,125.24691772460938,128.0,129.66000366210938,126.08999633789062,127.5,1489400.0,SPG,1d
2021-08-19 00:00:00+00:00,125.69702911376953,128.4600067138672,129.22000122070312,126.0,126.04000091552734,1979000.0,SPG,1d
2021-08-20 00:00:00+00:00,126.00035858154297,128.77000427246094,129.42999267578125,126.61000061035156,127.30000305175781,1701600.0,SPG,1d
2021-08-23 00:00:00+00:00,126.67552185058594,129.4600067138672,131.10000610351562,128.92999267578125,129.6199951171875,2111900.0,SPG,1d
2021-08-24 00:00:00+00:00,129.70883178710938,132.55999755859375,132.6999969482422,130.22999572753906,130.41000366210938,1851600.0,SPG,1d
2021-08-25 00:00:00+00:00,129.68927001953125,132.5399932861328,134.52000427246094,131.6300048828125,132.60000610351562,1746600.0,SPG,1d
2021-08-26 00:00:00+00:00,128.22152709960938,131.0399932861328,132.74000549316406,130.63999938964844,132.41000366210938,1268800.0,SPG,1d
2021-08-27 00:00:00+00:00,130.81454467773438,133.69000244140625,135.14999389648438,132.36000061035156,132.5800018310547,1691700.0,SPG,1d
2021-08-30 00:00:00+00:00,130.54055786132812,133.41000366210938,134.00999450683594,131.92999267578125,133.8000030517578,1428200.0,SPG,1d
2021-08-31 00:00:00+00:00,131.5581817626953,134.4499969482422,135.1999969482422,132.75999450683594,133.08999633789062,2326600.0,SPG,1d
2021-09-01 00:00:00+00:00,132.88893127441406,135.80999755859375,136.4499969482422,134.25999450683594,134.4499969482422,1706100.0,SPG,1d
2021-09-02 00:00:00+00:00,133.48580932617188,136.4199981689453,137.3800048828125,135.38999938964844,136.08999633789062,1859700.0,SPG,1d
2021-09-03 00:00:00+00:00,132.83023071289062,135.75,136.17999267578125,134.25,136.1699981689453,1595800.0,SPG,1d
2021-09-07 00:00:00+00:00,131.6853790283203,134.5800018310547,135.6999969482422,133.22999572753906,134.9600067138672,1788300.0,SPG,1d
2021-09-08 00:00:00+00:00,130.75523376464844,132.13999938964844,133.83999633789062,130.77000427246094,132.5,1695600.0,SPG,1d
2021-09-09 00:00:00+00:00,129.2709503173828,130.63999938964844,132.13999938964844,129.9600067138672,130.75,1598800.0,SPG,1d
2021-09-10 00:00:00+00:00,126.5596694946289,127.9000015258789,131.30999755859375,127.88999938964844,131.27000427246094,1879800.0,SPG,1d
2021-09-13 00:00:00+00:00,129.7459259033203,131.1199951171875,131.8699951171875,128.35000610351562,129.6699981689453,1843600.0,SPG,1d
2021-09-14 00:00:00+00:00,128.2022705078125,129.55999755859375,131.99000549316406,128.67999267578125,131.4499969482422,1291700.0,SPG,1d
2021-09-15 00:00:00+00:00,129.77560424804688,131.14999389648438,131.97000122070312,128.69000244140625,129.47999572753906,1560900.0,SPG,1d
2021-09-16 00:00:00+00:00,131.27967834472656,132.6699981689453,133.77999877929688,131.14999389648438,131.86000061035156,1297600.0,SPG,1d
2021-09-17 00:00:00+00:00,129.8943634033203,131.27000427246094,133.3000030517578,131.14999389648438,132.22000122070312,3153700.0,SPG,1d
2021-09-20 00:00:00+00:00,128.16270446777344,129.52000427246094,130.36000061035156,127.06999969482422,128.16000366210938,2525600.0,SPG,1d
2021-09-21 00:00:00+00:00,129.01368713378906,130.3800048828125,132.60000610351562,130.35000610351562,130.74000549316406,1616300.0,SPG,1d
2021-09-22 00:00:00+00:00,132.23951721191406,133.63999938964844,134.89999389648438,131.85000610351562,132.39999389648438,1955500.0,SPG,1d
2021-09-23 00:00:00+00:00,133.70401000976562,135.1199951171875,136.47000122070312,134.32000732421875,134.5,2364000.0,SPG,1d
2021-09-24 00:00:00+00:00,132.44732666015625,133.85000610351562,136.25,133.82000732421875,134.64999389648438,1362200.0,SPG,1d
2021-09-27 00:00:00+00:00,132.74417114257812,134.14999389648438,137.24000549316406,134.00999450683594,134.64999389648438,1960700.0,SPG,1d
2021-09-28 00:00:00+00:00,132.3087921142578,133.7100067138672,135.1199951171875,133.19000244140625,134.0800018310547,1641200.0,SPG,1d
2021-09-29 00:00:00+00:00,132.44732666015625,133.85000610351562,134.50999450683594,133.1999969482422,134.02999877929688,1086100.0,SPG,1d
2021-09-30 00:00:00+00:00,128.6079864501953,129.97000122070312,134.5,129.4199981689453,134.5,3053500.0,SPG,1d
2021-10-01 00:00:00+00:00,131.7447509765625,133.13999938964844,134.16000366210938,130.14999389648438,131.55999755859375,2160400.0,SPG,1d
2021-10-04 00:00:00+00:00,130.8640899658203,132.25,134.0,131.58999633789062,132.69000244140625,1487600.0,SPG,1d
2021-10-05 00:00:00+00:00,130.01309204101562,131.38999938964844,132.27000427246094,130.4199981689453,132.24000549316406,1499700.0,SPG,1d
2021-10-06 00:00:00+00:00,131.22030639648438,132.61000061035156,132.64999389648438,128.60000610351562,130.27000427246094,2199100.0,SPG,1d
2021-10-07 00:00:00+00:00,132.6056365966797,134.00999450683594,136.1999969482422,132.9499969482422,133.02000427246094,1798500.0,SPG,1d
2021-10-08 00:00:00+00:00,130.69586181640625,132.0800018310547,135.10000610351562,131.75999450683594,133.97999572753906,1715200.0,SPG,1d
2021-10-11 00:00:00+00:00,131.23020935058594,132.6199951171875,133.67999267578125,131.02000427246094,131.75999450683594,1081800.0,SPG,1d
2021-10-12 00:00:00+00:00,133.35768127441406,134.77000427246094,135.25,131.3300018310547,132.27999877929688,1324400.0,SPG,1d
2021-10-13 00:00:00+00:00,135.7127227783203,137.14999389648438,137.55999755859375,134.22000122070312,135.0,2994100.0,SPG,1d
2021-10-14 00:00:00+00:00,137.86988830566406,139.3300018310547,139.89999389648438,137.50999450683594,138.25,2281500.0,SPG,1d
2021-10-15 00:00:00+00:00,138.7505645751953,140.22000122070312,141.66000366210938,139.3300018310547,140.0,2443400.0,SPG,1d
2021-10-18 00:00:00+00:00,143.01539611816406,144.52999877929688,144.7899932861328,139.89999389648438,140.27999877929688,3335500.0,SPG,1d
2021-10-19 00:00:00+00:00,141.34310913085938,142.83999633789062,145.00999450683594,142.69000244140625,145.0,1709400.0,SPG,1d
2021-10-20 00:00:00+00:00,143.44090270996094,144.9600067138672,144.97999572753906,142.07000732421875,142.1999969482422,1543800.0,SPG,1d
2021-10-21 00:00:00+00:00,142.4513702392578,143.9600067138672,145.0399932861328,143.3800048828125,144.5,1367500.0,SPG,1d
2021-10-22 00:00:00+00:00,143.61900329589844,145.13999938964844,145.60000610351562,144.0,144.77999877929688,1217800.0,SPG,1d
2021-10-25 00:00:00+00:00,145.29129028320312,146.8300018310547,146.89999389648438,143.75,145.0,1537200.0,SPG,1d
2021-10-26 00:00:00+00:00,144.8361053466797,146.3699951171875,147.77000427246094,145.47999572753906,147.0,1973700.0,SPG,1d
2021-10-27 00:00:00+00:00,142.4216766357422,143.92999267578125,146.4600067138672,143.6999969482422,146.35000610351562,1178000.0,SPG,1d
2021-10-28 00:00:00+00:00,145.5782470703125,147.1199951171875,147.22999572753906,143.83999633789062,144.5500030517578,1627900.0,SPG,1d
2021-10-29 00:00:00+00:00,145.04391479492188,146.5800018310547,147.74000549316406,145.67999267578125,146.4499969482422,2778300.0,SPG,1d
2021-11-01 00:00:00+00:00,147.79478454589844,149.36000061035156,149.41000366210938,147.19000244140625,147.41000366210938,2605400.0,SPG,1d
2021-11-02 00:00:00+00:00,157.32386779785156,158.99000549316406,159.97000122070312,154.4499969482422,157.0,5642000.0,SPG,1d
2021-11-03 00:00:00+00:00,164.49789428710938,166.24000549316406,166.7899932861328,158.74000549316406,158.94000244140625,4226300.0,SPG,1d
2021-11-04 00:00:00+00:00,163.97344970703125,165.7100067138672,167.6699981689453,164.52000427246094,166.44000244140625,2282800.0,SPG,1d
2021-11-05 00:00:00+00:00,168.71324157714844,170.5,170.91000366210938,167.27000427246094,168.42999267578125,2501600.0,SPG,1d
2021-11-08 00:00:00+00:00,165.63583374023438,167.38999938964844,171.00999450683594,166.25999450683594,170.64999389648438,1642700.0,SPG,1d
2021-11-09 00:00:00+00:00,165.7347869873047,167.49000549316406,167.5800018310547,165.5399932861328,167.32000732421875,1383600.0,SPG,1d
2021-11-10 00:00:00+00:00,162.25167846679688,163.97000122070312,167.69000244140625,163.77999877929688,166.69000244140625,1824700.0,SPG,1d
2021-11-11 00:00:00+00:00,163.70626831054688,165.44000244140625,166.30999755859375,163.91000366210938,164.5,1175700.0,SPG,1d
2021-11-12 00:00:00+00:00,163.07298278808594,164.8000030517578,166.5500030517578,163.89999389648438,166.25,1182600.0,SPG,1d
2021-11-15 00:00:00+00:00,164.54736328125,166.2899932861328,166.32000732421875,164.22999572753906,165.1699981689453,1677300.0,SPG,1d
2021-11-16 00:00:00+00:00,163.14224243164062,164.8699951171875,166.2899932861328,164.33999633789062,165.75,1221100.0,SPG,1d
2021-11-17 00:00:00+00:00,165.7347869873047,167.49000549316406,167.8699951171875,162.83999633789062,164.22999572753906,1503100.0,SPG,1d
2021-11-18 00:00:00+00:00,167.60498046875,169.3800048828125,171.1199951171875,167.3699951171875,169.13999938964844,2459400.0,SPG,1d
2021-11-19 00:00:00+00:00,164.99264526367188,166.74000549316406,168.47999572753906,165.86000061035156,167.91000366210938,1816500.0,SPG,1d
2021-11-22 00:00:00+00:00,166.22955322265625,167.99000549316406,170.64999389648438,167.00999450683594,168.1300048828125,2039300.0,SPG,1d
2021-11-23 00:00:00+00:00,167.25865173339844,169.02999877929688,170.7100067138672,167.1999969482422,167.88999938964844,1392500.0,SPG,1d
2021-11-24 00:00:00+00:00,167.25865173339844,169.02999877929688,169.24000549316406,166.6300048828125,168.02000427246094,1358800.0,SPG,1d
2021-11-26 00:00:00+00:00,158.79824829101562,160.47999572753906,162.8000030517578,158.27999877929688,160.32000732421875,2875400.0,SPG,1d
2021-11-29 00:00:00+00:00,158.263916015625,159.94000244140625,164.67999267578125,157.44000244140625,163.8699951171875,2890700.0,SPG,1d
2021-11-30 00:00:00+00:00,151.23831176757812,152.83999633789062,157.80999755859375,151.75,157.64999389648438,4264900.0,SPG,1d
2021-12-01 00:00:00+00:00,146.17196655273438,147.72000122070312,158.8300018310547,147.63999938964844,156.55999755859375,3711400.0,SPG,1d
2021-12-02 00:00:00+00:00,150.26858520507812,151.86000061035156,153.97999572753906,148.3699951171875,149.94000244140625,4506500.0,SPG,1d
2021-12-03 00:00:00+00:00,147.62657165527344,149.19000244140625,152.7899932861328,147.36000061035156,152.0,3639600.0,SPG,1d
2021-12-06 00:00:00+00:00,151.00083923339844,152.60000610351562,155.50999450683594,151.52000427246094,152.1300048828125,2858400.0,SPG,1d
2021-12-07 00:00:00+00:00,154.61257934570312,156.25,158.6999969482422,154.9499969482422,155.77000427246094,2650100.0,SPG,1d
2021-12-08 00:00:00+00:00,155.8000030517578,157.4499969482422,158.44000244140625,155.3800048828125,156.25,2681300.0,SPG,1d
2021-12-09 00:00:00+00:00,152.24000549316406,152.24000549316406,155.5800018310547,152.1999969482422,154.94000244140625,1946600.0,SPG,1d
2021-12-10 00:00:00+00:00,152.4199981689453,152.4199981689453,153.64999389648438,150.0399932861328,153.47999572753906,1378300.0,SPG,1d
2021-12-13 00:00:00+00:00,151.10000610351562,151.10000610351562,152.07000732421875,147.5399932861328,151.5800018310547,2416900.0,SPG,1d
2021-12-14 00:00:00+00:00,150.92999267578125,150.92999267578125,152.2100067138672,149.85000610351562,151.08999633789062,2000300.0,SPG,1d
2021-12-15 00:00:00+00:00,152.0399932861328,152.0399932861328,152.19000244140625,147.2100067138672,151.44000244140625,2121800.0,SPG,1d
2021-12-16 00:00:00+00:00,151.66000366210938,151.66000366210938,154.83999633789062,151.0399932861328,152.75,2750900.0,SPG,1d
2021-12-17 00:00:00+00:00,150.72999572753906,150.72999572753906,152.86000061035156,148.42999267578125,151.50999450683594,4124800.0,SPG,1d
2021-12-20 00:00:00+00:00,146.27000427246094,146.27000427246094,148.69000244140625,143.6300048828125,147.66000366210938,2665000.0,SPG,1d
2021-12-21 00:00:00+00:00,154.47000122070312,154.47000122070312,154.88999938964844,148.07000732421875,148.1999969482422,2011200.0,SPG,1d
2021-12-22 00:00:00+00:00,155.52999877929688,155.52999877929688,156.00999450683594,153.52999877929688,153.91000366210938,1077500.0,SPG,1d
2021-12-23 00:00:00+00:00,155.4600067138672,155.4600067138672,157.3800048828125,155.25999450683594,156.5,2259900.0,SPG,1d
2021-12-27 00:00:00+00:00,158.42999267578125,158.42999267578125,158.47999572753906,154.47999572753906,155.4499969482422,994400.0,SPG,1d
2021-12-28 00:00:00+00:00,157.77000427246094,157.77000427246094,159.25,156.75,157.55999755859375,966400.0,SPG,1d
2021-12-29 00:00:00+00:00,158.75999450683594,158.75999450683594,159.3000030517578,156.77000427246094,158.0,953000.0,SPG,1d
2021-12-30 00:00:00+00:00,160.0399932861328,160.0399932861328,161.8699951171875,158.5399932861328,158.75999450683594,1085400.0,SPG,1d
2021-12-31 00:00:00+00:00,159.77000427246094,159.77000427246094,161.69000244140625,159.50999450683594,159.99000549316406,1194700.0,SPG,1d
2022-01-03 00:00:00+00:00,160.3000030517578,160.3000030517578,162.60000610351562,158.8699951171875,160.47999572753906,2128100.0,SPG,1d
2022-01-04 00:00:00+00:00,162.97999572753906,162.97999572753906,163.8800048828125,161.8000030517578,162.22999572753906,1834100.0,SPG,1d
2022-01-05 00:00:00+00:00,161.02999877929688,161.02999877929688,165.8300018310547,160.9600067138672,163.86000061035156,2324400.0,SPG,1d
2022-01-06 00:00:00+00:00,163.16000366210938,163.16000366210938,164.52000427246094,160.75999450683594,161.8300018310547,1715700.0,SPG,1d
2022-01-07 00:00:00+00:00,161.27000427246094,161.27000427246094,163.89999389648438,161.0500030517578,162.8300018310547,1457100.0,SPG,1d
2022-01-10 00:00:00+00:00,160.8800048828125,160.8800048828125,160.99000549316406,157.08999633789062,160.3000030517578,1753600.0,SPG,1d
2022-01-11 00:00:00+00:00,161.8300018310547,161.8300018310547,162.61000061035156,158.07000732421875,160.89999389648438,1267700.0,SPG,1d
2022-01-12 00:00:00+00:00,161.92999267578125,161.92999267578125,163.64999389648438,161.75999450683594,162.58999633789062,931100.0,SPG,1d
2022-01-13 00:00:00+00:00,162.99000549316406,162.99000549316406,164.24000549316406,162.25,162.42999267578125,1246800.0,SPG,1d
2022-01-14 00:00:00+00:00,155.6999969482422,155.6999969482422,162.08999633789062,152.47999572753906,162.08999633789062,2539700.0,SPG,1d
2022-01-18 00:00:00+00:00,153.88999938964844,153.88999938964844,154.3000030517578,150.86000061035156,154.2899932861328,2753000.0,SPG,1d
2022-01-19 00:00:00+00:00,148.58999633789062,148.58999633789062,154.88999938964844,148.52999877929688,154.88999938964844,2198900.0,SPG,1d
2022-01-20 00:00:00+00:00,147.42999267578125,147.42999267578125,152.75,147.19000244140625,150.49000549316406,1976000.0,SPG,1d
2022-01-21 00:00:00+00:00,146.9600067138672,146.9600067138672,147.5399932861328,144.55999755859375,147.14999389648438,2515300.0,SPG,1d
2022-01-24 00:00:00+00:00,146.10000610351562,146.10000610351562,146.22999572753906,137.75,142.8800048828125,3755400.0,SPG,1d
2022-01-25 00:00:00+00:00,146.77999877929688,146.77999877929688,148.9600067138672,140.83999633789062,142.6999969482422,2614100.0,SPG,1d
2022-01-26 00:00:00+00:00,145.5800018310547,145.5800018310547,151.8699951171875,143.75999450683594,149.11000061035156,2029400.0,SPG,1d
2022-01-27 00:00:00+00:00,143.88999938964844,143.88999938964844,149.4600067138672,143.10000610351562,147.7100067138672,1810000.0,SPG,1d
2022-01-28 00:00:00+00:00,146.39999389648438,146.39999389648438,146.44000244140625,139.6699981689453,143.55999755859375,2631400.0,SPG,1d
2022-01-31 00:00:00+00:00,147.1999969482422,147.1999969482422,147.60000610351562,143.61000061035156,144.86000061035156,2108000.0,SPG,1d
2022-02-01 00:00:00+00:00,147.36000061035156,147.36000061035156,148.66000366210938,145.0399932861328,147.1999969482422,1510600.0,SPG,1d
2022-02-02 00:00:00+00:00,149.5500030517578,149.5500030517578,149.97999572753906,146.91000366210938,148.00999450683594,1871200.0,SPG,1d
2022-02-03 00:00:00+00:00,145.55999755859375,145.55999755859375,149.19000244140625,145.33999633789062,147.97000122070312,1539100.0,SPG,1d
2022-02-04 00:00:00+00:00,145.17999267578125,145.17999267578125,146.80999755859375,141.75,144.22999572753906,1934900.0,SPG,1d
2022-02-07 00:00:00+00:00,148.9199981689453,148.9199981689453,149.8000030517578,144.88999938964844,145.5399932861328,3230700.0,SPG,1d
2022-02-08 00:00:00+00:00,142.0399932861328,142.0399932861328,144.60000610351562,137.77000427246094,139.80999755859375,4550300.0,SPG,1d
2022-02-09 00:00:00+00:00,143.08999633789062,143.08999633789062,144.0399932861328,141.4499969482422,143.25,2604000.0,SPG,1d
2022-02-10 00:00:00+00:00,143.97999572753906,143.97999572753906,147.5,141.25999450683594,142.0,2722300.0,SPG,1d
2022-02-11 00:00:00+00:00,141.8300018310547,141.8300018310547,146.38999938964844,140.5800018310547,143.85000610351562,2157600.0,SPG,1d
2022-02-14 00:00:00+00:00,139.89999389648438,139.89999389648438,142.3000030517578,139.05999755859375,141.7899932861328,2070800.0,SPG,1d
2022-02-15 00:00:00+00:00,141.32000732421875,141.32000732421875,142.89999389648438,140.5399932861328,142.11000061035156,1619900.0,SPG,1d
2022-02-16 00:00:00+00:00,143.86000061035156,143.86000061035156,144.2899932861328,141.30999755859375,142.0399932861328,1712500.0,SPG,1d
2022-02-17 00:00:00+00:00,143.6699981689453,143.6699981689453,146.77000427246094,143.02000427246094,143.0500030517578,3546800.0,SPG,1d
2022-02-18 00:00:00+00:00,140.9499969482422,140.9499969482422,144.11000061035156,140.49000549316406,143.24000549316406,1751100.0,SPG,1d
2022-02-22 00:00:00+00:00,138.0500030517578,138.0500030517578,140.38999938964844,136.72999572753906,139.99000549316406,2314400.0,SPG,1d
2022-02-23 00:00:00+00:00,134.07000732421875,134.07000732421875,140.32000732421875,133.42999267578125,139.1199951171875,1978500.0,SPG,1d
2022-02-24 00:00:00+00:00,137.82000732421875,137.82000732421875,138.17999267578125,129.35000610351562,129.92999267578125,3105900.0,SPG,1d
2022-02-25 00:00:00+00:00,139.6999969482422,139.6999969482422,140.14999389648438,137.6699981689453,138.64999389648438,1785600.0,SPG,1d
2022-02-28 00:00:00+00:00,137.55999755859375,137.55999755859375,139.89999389648438,136.55999755859375,137.7899932861328,2381900.0,SPG,1d
2022-03-01 00:00:00+00:00,134.60000610351562,134.60000610351562,138.33999633789062,133.44000244140625,137.83999633789062,2182100.0,SPG,1d
2022-03-02 00:00:00+00:00,138.77000427246094,138.77000427246094,139.72999572753906,135.9199981689453,135.92999267578125,2096500.0,SPG,1d
2022-03-03 00:00:00+00:00,139.41000366210938,139.41000366210938,140.94000244140625,137.55999755859375,140.05999755859375,1890100.0,SPG,1d
2022-03-04 00:00:00+00:00,136.88999938964844,136.88999938964844,137.91000366210938,133.82000732421875,137.64999389648438,2315100.0,SPG,1d
2022-03-07 00:00:00+00:00,128.27000427246094,128.27000427246094,135.88999938964844,128.1999969482422,135.83999633789062,3966300.0,SPG,1d
2022-03-08 00:00:00+00:00,131.38999938964844,131.38999938964844,133.88999938964844,128.10000610351562,128.9199981689453,3123900.0,SPG,1d
2022-03-09 00:00:00+00:00,132.57000732421875,132.57000732421875,135.32000732421875,132.44000244140625,133.39999389648438,1728000.0,SPG,1d
2022-03-10 00:00:00+00:00,132.61000061035156,132.61000061035156,132.92999267578125,129.47000122070312,130.02000427246094,1565700.0,SPG,1d
2022-03-11 00:00:00+00:00,130.0500030517578,130.0500030517578,134.08999633789062,130.0,134.00999450683594,2548200.0,SPG,1d
2022-03-14 00:00:00+00:00,128.19000244140625,128.19000244140625,132.5399932861328,126.76000213623047,131.1300048828125,2455800.0,SPG,1d
2022-03-15 00:00:00+00:00,128.8800048828125,128.8800048828125,130.02999877929688,127.02999877929688,128.60000610351562,1883600.0,SPG,1d
2022-03-16 00:00:00+00:00,131.3300018310547,131.3300018310547,132.4600067138672,128.2899932861328,131.13999938964844,2550300.0,SPG,1d
2022-03-17 00:00:00+00:00,131.64999389648438,131.64999389648438,132.41000366210938,129.94000244140625,130.49000549316406,2045100.0,SPG,1d
2022-03-18 00:00:00+00:00,130.83999633789062,130.83999633789062,131.55999755859375,129.47000122070312,129.6300048828125,4175500.0,SPG,1d
2022-03-21 00:00:00+00:00,129.05999755859375,129.05999755859375,131.82000732421875,127.97000122070312,131.64999389648438,2679100.0,SPG,1d
2022-03-22 00:00:00+00:00,132.83999633789062,132.83999633789062,134.4499969482422,130.86000061035156,131.14999389648438,2501100.0,SPG,1d
2022-03-23 00:00:00+00:00,130.00999450683594,130.00999450683594,132.6999969482422,129.8800048828125,132.07000732421875,1206000.0,SPG,1d
2022-03-24 00:00:00+00:00,130.1300048828125,130.1300048828125,130.52999877929688,129.0500030517578,130.02999877929688,1473800.0,SPG,1d
2022-03-25 00:00:00+00:00,130.1699981689453,130.1699981689453,131.17999267578125,129.63999938964844,130.50999450683594,2055800.0,SPG,1d
2022-03-28 00:00:00+00:00,131.75,131.75,131.8000030517578,129.66000366210938,130.80999755859375,1631900.0,SPG,1d
2022-03-29 00:00:00+00:00,138.0800018310547,138.0800018310547,138.42999267578125,133.58999633789062,133.92999267578125,2468200.0,SPG,1d
2022-03-30 00:00:00+00:00,134.7899932861328,134.7899932861328,138.64999389648438,134.33999633789062,137.85000610351562,1346200.0,SPG,1d
2022-03-31 00:00:00+00:00,131.55999755859375,131.55999755859375,135.41000366210938,131.5500030517578,134.6300048828125,2331900.0,SPG,1d
2022-04-01 00:00:00+00:00,133.0,133.0,133.25999450683594,131.25999450683594,132.27000427246094,1572800.0,SPG,1d
2022-04-04 00:00:00+00:00,134.52999877929688,134.52999877929688,134.88999938964844,131.14999389648438,132.61000061035156,1722800.0,SPG,1d
2022-04-05 00:00:00+00:00,130.5800018310547,130.5800018310547,135.6300048828125,130.30999755859375,134.5,1719300.0,SPG,1d
2022-04-06 00:00:00+00:00,127.86000061035156,127.86000061035156,130.17999267578125,126.2699966430664,130.0,2327100.0,SPG,1d
2022-04-07 00:00:00+00:00,125.51000213623047,125.51000213623047,127.5199966430664,123.4800033569336,127.41999816894531,2542700.0,SPG,1d
2022-04-08 00:00:00+00:00,127.47000122070312,127.47000122070312,128.52000427246094,125.48999786376953,126.08999633789062,1804800.0,SPG,1d
2022-04-11 00:00:00+00:00,126.77999877929688,126.77999877929688,129.10000610351562,126.33000183105469,127.22000122070312,1084200.0,SPG,1d
2022-04-12 00:00:00+00:00,126.18000030517578,126.18000030517578,128.9199981689453,125.70999908447266,126.37999725341797,1460000.0,SPG,1d
2022-04-13 00:00:00+00:00,127.58000183105469,127.58000183105469,128.7100067138672,125.76000213623047,126.0,1661400.0,SPG,1d
2022-04-14 00:00:00+00:00,127.87999725341797,127.87999725341797,129.4499969482422,127.69000244140625,128.0,1788800.0,SPG,1d
2022-04-18 00:00:00+00:00,127.88999938964844,127.88999938964844,129.11000061035156,127.0999984741211,127.41999816894531,1206700.0,SPG,1d
2022-04-19 00:00:00+00:00,131.32000732421875,131.32000732421875,131.75,127.88999938964844,128.77000427246094,1470700.0,SPG,1d
2022-04-20 00:00:00+00:00,132.58999633789062,132.58999633789062,133.5,131.0399932861328,131.72000122070312,1645700.0,SPG,1d
2022-04-21 00:00:00+00:00,130.85000610351562,130.85000610351562,134.8000030517578,130.55999755859375,134.25,1499600.0,SPG,1d
2022-04-22 00:00:00+00:00,125.87999725341797,125.87999725341797,130.83999633789062,125.72000122070312,130.83999633789062,1988500.0,SPG,1d
2022-04-25 00:00:00+00:00,126.29000091552734,126.29000091552734,126.69999694824219,123.93000030517578,125.87999725341797,2053600.0,SPG,1d
2022-04-26 00:00:00+00:00,124.12999725341797,124.12999725341797,126.95999908447266,124.02999877929688,126.12999725341797,1889200.0,SPG,1d
2022-04-27 00:00:00+00:00,122.12999725341797,122.12999725341797,125.19999694824219,122.05999755859375,124.5999984741211,2032100.0,SPG,1d
2022-04-28 00:00:00+00:00,124.41000366210938,124.41000366210938,125.05000305175781,120.81999969482422,122.0199966430664,2313100.0,SPG,1d
2022-04-29 00:00:00+00:00,118.0,118.0,123.9800033569336,117.77999877929688,123.51000213623047,3160500.0,SPG,1d
2022-05-02 00:00:00+00:00,116.83999633789062,116.83999633789062,119.08000183105469,113.41000366210938,118.68000030517578,2818500.0,SPG,1d
2022-05-03 00:00:00+00:00,120.87000274658203,120.87000274658203,121.69999694824219,116.25,117.7300033569336,1894500.0,SPG,1d
2022-05-04 00:00:00+00:00,124.58000183105469,124.58000183105469,125.18000030517578,119.58000183105469,120.7300033569336,1623900.0,SPG,1d
2022-05-05 00:00:00+00:00,122.33999633789062,122.33999633789062,124.29000091552734,121.12000274658203,123.69999694824219,2037600.0,SPG,1d
2022-05-06 00:00:00+00:00,121.41999816894531,121.41999816894531,122.95999908447266,118.63999938964844,121.19999694824219,2366500.0,SPG,1d
2022-05-09 00:00:00+00:00,118.19000244140625,118.19000244140625,120.77999877929688,117.61000061035156,119.58999633789062,2810200.0,SPG,1d
2022-05-10 00:00:00+00:00,119.06999969482422,119.06999969482422,125.98999786376953,117.94000244140625,121.13999938964844,3139200.0,SPG,1d
2022-05-11 00:00:00+00:00,113.01000213623047,113.01000213623047,120.0,112.77999877929688,118.98999786376953,3323500.0,SPG,1d
2022-05-12 00:00:00+00:00,115.62000274658203,115.62000274658203,116.27999877929688,111.16999816894531,112.73999786376953,2754300.0,SPG,1d
2022-05-13 00:00:00+00:00,116.77999877929688,116.77999877929688,117.68000030517578,115.18000030517578,117.0,2662900.0,SPG,1d
2022-05-16 00:00:00+00:00,116.87000274658203,116.87000274658203,118.12999725341797,115.5,116.80000305175781,1564700.0,SPG,1d
2022-05-17 00:00:00+00:00,120.76000213623047,120.76000213623047,120.91999816894531,118.18000030517578,118.87999725341797,1752000.0,SPG,1d
2022-05-18 00:00:00+00:00,113.66999816894531,113.66999816894531,119.69000244140625,113.16000366210938,119.31999969482422,2031800.0,SPG,1d
2022-05-19 00:00:00+00:00,110.04000091552734,110.04000091552734,114.62999725341797,109.91000366210938,112.5199966430664,2629100.0,SPG,1d
2022-05-20 00:00:00+00:00,108.83999633789062,108.83999633789062,111.19999694824219,105.72000122070312,111.0,3296800.0,SPG,1d
2022-05-23 00:00:00+00:00,107.7699966430664,107.7699966430664,110.45999908447266,107.2300033569336,109.80999755859375,1842900.0,SPG,1d
2022-05-24 00:00:00+00:00,107.8499984741211,107.8499984741211,108.12999725341797,103.45999908447266,107.02999877929688,2605200.0,SPG,1d
2022-05-25 00:00:00+00:00,109.19000244140625,109.19000244140625,110.2699966430664,106.88999938964844,107.16999816894531,2324700.0,SPG,1d
2022-05-26 00:00:00+00:00,112.02999877929688,112.02999877929688,112.81999969482422,110.0,110.0,2086600.0,SPG,1d
2022-05-27 00:00:00+00:00,113.7300033569336,113.7300033569336,114.63999938964844,112.41000366210938,112.91999816894531,1436500.0,SPG,1d
2022-05-31 00:00:00+00:00,114.6500015258789,114.6500015258789,115.29000091552734,112.11000061035156,113.0,3700300.0,SPG,1d
2022-06-01 00:00:00+00:00,111.16999816894531,111.16999816894531,115.29000091552734,109.81999969482422,114.9800033569336,2685800.0,SPG,1d
2022-06-02 00:00:00+00:00,112.31999969482422,112.31999969482422,112.33000183105469,109.87000274658203,110.75,1531800.0,SPG,1d
2022-06-03 00:00:00+00:00,109.94999694824219,109.94999694824219,111.61000061035156,109.58000183105469,111.30000305175781,1392500.0,SPG,1d
2022-06-06 00:00:00+00:00,109.62000274658203,109.62000274658203,111.0999984741211,109.11000061035156,110.75,1917800.0,SPG,1d
2022-06-07 00:00:00+00:00,112.27999877929688,112.27999877929688,112.33000183105469,108.55999755859375,108.83999633789062,2546800.0,SPG,1d
2022-06-08 00:00:00+00:00,107.87000274658203,107.87000274658203,110.29000091552734,107.62000274658203,109.19000244140625,1603500.0,SPG,1d
2022-06-09 00:00:00+00:00,103.87000274658203,103.87000274658203,107.44999694824219,103.83999633789062,107.30000305175781,2100900.0,SPG,1d
2022-06-10 00:00:00+00:00,101.26000213623047,101.26000213623047,103.33999633789062,101.22000122070312,102.22000122070312,2792100.0,SPG,1d
2022-06-13 00:00:00+00:00,97.1500015258789,97.1500015258789,98.75,95.45999908447266,98.30000305175781,3667000.0,SPG,1d
2022-06-14 00:00:00+00:00,96.51000213623047,96.51000213623047,98.30999755859375,95.72000122070312,97.25,2491000.0,SPG,1d
2022-06-15 00:00:00+00:00,97.5,97.5,98.93000030517578,95.97000122070312,97.5199966430664,2597900.0,SPG,1d
2022-06-16 00:00:00+00:00,94.62000274658203,94.62000274658203,95.7300033569336,93.5,95.30000305175781,3000200.0,SPG,1d
2022-06-17 00:00:00+00:00,95.69000244140625,95.69000244140625,97.3499984741211,94.94000244140625,95.63999938964844,3631600.0,SPG,1d
2022-06-21 00:00:00+00:00,96.58999633789062,96.58999633789062,98.63999938964844,96.47000122070312,97.69000244140625,2221100.0,SPG,1d
2022-06-22 00:00:00+00:00,95.94999694824219,95.94999694824219,97.72000122070312,94.83000183105469,95.13999938964844,2730400.0,SPG,1d
2022-06-23 00:00:00+00:00,96.69999694824219,96.69999694824219,97.04000091552734,95.19000244140625,96.08999633789062,2372500.0,SPG,1d
2022-06-24 00:00:00+00:00,99.62000274658203,99.62000274658203,100.5199966430664,97.48999786376953,97.91999816894531,4455200.0,SPG,1d
2022-06-27 00:00:00+00:00,100.12000274658203,100.12000274658203,101.44000244140625,98.75,99.94000244140625,1783300.0,SPG,1d
2022-06-28 00:00:00+00:00,99.25,99.25,102.4800033569336,99.13999938964844,101.43000030517578,1497500.0,SPG,1d
2022-06-29 00:00:00+00:00,97.26000213623047,97.26000213623047,99.0,96.41999816894531,98.69999694824219,1866900.0,SPG,1d
2022-06-30 00:00:00+00:00,94.91999816894531,94.91999816894531,96.43000030517578,93.19999694824219,95.0,3121400.0,SPG,1d
2022-07-01 00:00:00+00:00,95.68000030517578,95.68000030517578,95.97000122070312,93.79000091552734,94.3499984741211,1709200.0,SPG,1d
2022-07-05 00:00:00+00:00,97.56999969482422,97.56999969482422,97.5999984741211,93.51000213623047,95.06999969482422,1907200.0,SPG,1d
2022-07-06 00:00:00+00:00,96.41999816894531,96.41999816894531,98.47000122070312,96.01000213623047,97.72000122070312,1406000.0,SPG,1d
2022-07-07 00:00:00+00:00,97.87999725341797,97.87999725341797,98.27999877929688,96.6500015258789,97.04000091552734,1378200.0,SPG,1d
2022-07-08 00:00:00+00:00,97.69000244140625,97.69000244140625,98.22000122070312,96.18000030517578,98.0,1423400.0,SPG,1d
2022-07-11 00:00:00+00:00,97.22000122070312,97.22000122070312,97.51000213623047,95.7300033569336,96.9800033569336,1032400.0,SPG,1d
2022-07-12 00:00:00+00:00,97.5999984741211,97.5999984741211,99.13999938964844,96.9800033569336,97.19999694824219,1660400.0,SPG,1d
2022-07-13 00:00:00+00:00,95.55999755859375,95.55999755859375,97.1500015258789,95.04000091552734,96.0199966430664,1821400.0,SPG,1d
2022-07-14 00:00:00+00:00,94.0,94.0,94.88999938964844,93.05999755859375,94.01000213623047,1692000.0,SPG,1d
2022-07-15 00:00:00+00:00,96.36000061035156,96.36000061035156,96.75,94.75,95.91999816894531,2034700.0,SPG,1d
2022-07-18 00:00:00+00:00,98.63999938964844,98.63999938964844,98.83000183105469,97.30000305175781,97.30999755859375,1727400.0,SPG,1d
2022-07-19 00:00:00+00:00,102.2699966430664,102.2699966430664,102.55999755859375,99.13999938964844,99.94999694824219,1990100.0,SPG,1d
2022-07-20 00:00:00+00:00,103.44999694824219,103.44999694824219,104.31999969482422,101.54000091552734,101.83000183105469,2077800.0,SPG,1d
2022-07-21 00:00:00+00:00,104.23999786376953,104.23999786376953,104.26000213623047,102.0,102.44000244140625,1552700.0,SPG,1d
2022-07-22 00:00:00+00:00,103.68000030517578,103.68000030517578,105.37999725341797,103.27999877929688,105.0199966430664,1627800.0,SPG,1d
2022-07-25 00:00:00+00:00,104.02999877929688,104.02999877929688,104.62999725341797,103.11000061035156,103.70999908447266,1172100.0,SPG,1d
2022-07-26 00:00:00+00:00,102.58000183105469,102.58000183105469,103.77999877929688,102.05999755859375,103.0,1376400.0,SPG,1d
2022-07-27 00:00:00+00:00,104.12000274658203,104.12000274658203,104.61000061035156,102.43000030517578,102.9800033569336,1275700.0,SPG,1d
2022-07-28 00:00:00+00:00,107.45999908447266,107.45999908447266,107.55999755859375,104.77999877929688,104.91999816894531,1696300.0,SPG,1d
2022-07-29 00:00:00+00:00,108.63999938964844,108.63999938964844,109.26000213623047,107.45999908447266,107.70999908447266,2460200.0,SPG,1d
2022-08-01 00:00:00+00:00,108.62999725341797,108.62999725341797,109.19999694824219,107.08000183105469,107.93000030517578,1650100.0,SPG,1d
2022-08-02 00:00:00+00:00,105.4800033569336,105.4800033569336,110.95999908447266,105.25,109.87999725341797,2594000.0,SPG,1d
2022-08-03 00:00:00+00:00,106.93000030517578,106.93000030517578,108.37000274658203,106.58999633789062,106.68000030517578,2241800.0,SPG,1d
2022-08-04 00:00:00+00:00,105.81999969482422,105.81999969482422,107.41000366210938,104.94999694824219,106.48999786376953,1416100.0,SPG,1d
2022-08-05 00:00:00+00:00,106.5,106.5,106.62000274658203,104.87000274658203,105.19000244140625,1277500.0,SPG,1d
2022-08-08 00:00:00+00:00,108.83999633789062,108.83999633789062,110.13999938964844,107.61000061035156,107.61000061035156,1645700.0,SPG,1d
2022-08-09 00:00:00+00:00,108.01000213623047,108.01000213623047,108.88999938964844,107.0999984741211,108.69999694824219,1495700.0,SPG,1d
2022-08-10 00:00:00+00:00,111.37999725341797,111.37999725341797,111.5199966430664,109.70999908447266,110.51000213623047,1581500.0,SPG,1d
2022-08-11 00:00:00+00:00,114.06999969482422,114.06999969482422,114.80999755859375,112.69999694824219,112.7699966430664,1948600.0,SPG,1d
2022-08-12 00:00:00+00:00,115.8499984741211,115.8499984741211,115.98999786376953,114.13999938964844,114.81999969482422,1491100.0,SPG,1d
2022-08-15 00:00:00+00:00,113.25,113.25,115.62000274658203,113.0999984741211,115.2300033569336,1989100.0,SPG,1d
2022-08-16 00:00:00+00:00,114.5199966430664,114.5199966430664,115.31999969482422,112.62000274658203,112.62000274658203,1567600.0,SPG,1d
2022-08-17 00:00:00+00:00,112.83999633789062,112.83999633789062,113.62000274658203,111.77999877929688,112.80000305175781,1579800.0,SPG,1d
2022-08-18 00:00:00+00:00,113.33000183105469,113.33000183105469,113.4800033569336,112.27999877929688,112.83999633789062,1146700.0,SPG,1d
2022-08-19 00:00:00+00:00,111.01000213623047,111.01000213623047,112.86000061035156,110.26000213623047,112.61000061035156,1459700.0,SPG,1d
2022-08-22 00:00:00+00:00,106.73999786376953,106.73999786376953,110.0,105.94000244140625,109.4800033569336,1722100.0,SPG,1d
2022-08-23 00:00:00+00:00,106.83999633789062,106.83999633789062,108.3499984741211,106.7300033569336,107.1500015258789,1313900.0,SPG,1d
2022-08-24 00:00:00+00:00,106.68000030517578,106.68000030517578,107.69000244140625,105.91999816894531,106.61000061035156,1070000.0,SPG,1d
2022-08-25 00:00:00+00:00,108.23999786376953,108.23999786376953,108.2699966430664,106.88999938964844,107.16000366210938,1332100.0,SPG,1d
2022-08-26 00:00:00+00:00,104.8499984741211,104.8499984741211,108.55000305175781,104.83999633789062,108.5,1538400.0,SPG,1d
2022-08-29 00:00:00+00:00,103.6500015258789,103.6500015258789,105.0999984741211,102.94999694824219,103.91999816894531,1771700.0,SPG,1d
2022-08-30 00:00:00+00:00,103.79000091552734,103.79000091552734,105.05000305175781,103.08999633789062,104.05000305175781,1592700.0,SPG,1d
2022-08-31 00:00:00+00:00,101.9800033569336,101.9800033569336,104.7300033569336,101.7699966430664,104.37999725341797,2294500.0,SPG,1d
2022-09-01 00:00:00+00:00,101.33000183105469,101.33000183105469,101.43000030517578,98.75,101.19000244140625,2114600.0,SPG,1d
2022-09-02 00:00:00+00:00,100.52999877929688,100.52999877929688,103.76000213623047,100.16999816894531,102.91999816894531,1908300.0,SPG,1d
2022-09-06 00:00:00+00:00,101.04000091552734,101.04000091552734,101.76000213623047,98.81999969482422,101.3499984741211,1839900.0,SPG,1d
2022-09-07 00:00:00+00:00,103.45999908447266,103.45999908447266,103.48999786376953,100.91000366210938,101.30999755859375,2056900.0,SPG,1d
2022-09-08 00:00:00+00:00,102.54000091552734,102.54000091552734,102.58999633789062,99.75,100.69999694824219,1868000.0,SPG,1d
2022-09-09 00:00:00+00:00,103.7699966430664,103.7699966430664,104.0999984741211,102.5999984741211,103.44999694824219,1441400.0,SPG,1d
2022-09-12 00:00:00+00:00,105.25,105.25,105.81999969482422,103.83999633789062,104.7300033569336,1668300.0,SPG,1d
2022-09-13 00:00:00+00:00,100.41000366210938,100.41000366210938,103.0999984741211,100.04000091552734,102.1500015258789,2172100.0,SPG,1d
2022-09-14 00:00:00+00:00,100.02999877929688,100.02999877929688,100.19999694824219,98.33999633789062,99.88999938964844,1961600.0,SPG,1d
2022-09-15 00:00:00+00:00,99.54000091552734,99.54000091552734,101.22000122070312,99.4000015258789,100.54000091552734,2019200.0,SPG,1d
2022-09-16 00:00:00+00:00,99.69999694824219,99.69999694824219,99.80000305175781,97.61000061035156,99.22000122070312,2630700.0,SPG,1d
2022-09-19 00:00:00+00:00,100.27999877929688,100.27999877929688,100.27999877929688,98.0,98.30999755859375,1288800.0,SPG,1d
2022-09-20 00:00:00+00:00,98.31999969482422,98.31999969482422,99.80999755859375,97.88999938964844,99.04000091552734,1525400.0,SPG,1d
2022-09-21 00:00:00+00:00,95.6500015258789,95.6500015258789,100.02999877929688,95.61000061035156,99.5,1790000.0,SPG,1d
2022-09-22 00:00:00+00:00,92.18000030517578,92.18000030517578,95.79000091552734,91.73999786376953,95.58999633789062,2789000.0,SPG,1d
2022-09-23 00:00:00+00:00,90.18000030517578,90.18000030517578,91.0,88.54000091552734,90.76000213623047,3334500.0,SPG,1d
2022-09-26 00:00:00+00:00,87.36000061035156,87.36000061035156,89.4800033569336,86.0199966430664,89.38999938964844,3618400.0,SPG,1d
2022-09-27 00:00:00+00:00,89.02999877929688,89.02999877929688,89.94999694824219,87.94000244140625,88.4000015258789,2611900.0,SPG,1d
2022-09-28 00:00:00+00:00,92.52999877929688,92.52999877929688,92.97000122070312,89.4000015258789,90.52999877929688,2864600.0,SPG,1d
2022-09-29 00:00:00+00:00,89.12999725341797,89.12999725341797,91.41999816894531,88.45999908447266,91.25,2924900.0,SPG,1d
2022-09-30 00:00:00+00:00,89.75,89.75,90.51000213623047,88.41000366210938,89.6500015258789,3000300.0,SPG,1d
2022-10-03 00:00:00+00:00,90.9800033569336,90.9800033569336,91.91000366210938,89.11000061035156,91.54000091552734,2247500.0,SPG,1d
2022-10-04 00:00:00+00:00,95.87000274658203,95.87000274658203,95.93000030517578,92.33000183105469,92.33000183105469,2520100.0,SPG,1d
2022-10-05 00:00:00+00:00,95.7699966430664,95.7699966430664,96.18000030517578,91.83000183105469,93.2699966430664,2246500.0,SPG,1d
2022-10-06 00:00:00+00:00,94.68000030517578,94.68000030517578,96.3499984741211,94.16000366210938,95.2300033569336,1596100.0,SPG,1d
2022-10-07 00:00:00+00:00,92.54000091552734,92.54000091552734,94.30999755859375,92.02999877929688,93.4800033569336,1811700.0,SPG,1d
2022-10-10 00:00:00+00:00,92.52999877929688,92.52999877929688,94.01000213623047,92.08999633789062,93.44000244140625,1425700.0,SPG,1d
2022-10-11 00:00:00+00:00,94.81999969482422,94.81999969482422,95.94000244140625,91.33000183105469,92.72000122070312,2178100.0,SPG,1d
2022-10-12 00:00:00+00:00,93.68000030517578,93.68000030517578,94.75,92.79000091552734,94.5199966430664,1912200.0,SPG,1d
2022-10-13 00:00:00+00:00,95.83000183105469,95.83000183105469,96.62999725341797,90.7699966430664,91.81999969482422,1788200.0,SPG,1d
2022-10-14 00:00:00+00:00,95.86000061035156,95.86000061035156,97.98999786376953,95.13999938964844,97.0199966430664,2161700.0,SPG,1d
2022-10-17 00:00:00+00:00,99.1500015258789,99.1500015258789,99.93000030517578,97.5999984741211,98.0,3178200.0,SPG,1d
2022-10-18 00:00:00+00:00,98.66000366210938,98.66000366210938,101.06999969482422,97.33000183105469,100.1500015258789,2307700.0,SPG,1d
2022-10-19 00:00:00+00:00,98.02999877929688,98.02999877929688,99.6500015258789,97.25,97.88999938964844,2128000.0,SPG,1d
2022-10-20 00:00:00+00:00,98.30999755859375,98.30999755859375,100.94000244140625,98.19999694824219,98.83999633789062,2096500.0,SPG,1d
2022-10-21 00:00:00+00:00,101.04000091552734,101.04000091552734,101.06999969482422,97.27999877929688,98.12000274658203,2364600.0,SPG,1d
2022-10-24 00:00:00+00:00,102.38999938964844,102.38999938964844,102.86000061035156,100.02999877929688,101.55999755859375,1470400.0,SPG,1d
2022-10-25 00:00:00+00:00,105.83999633789062,105.83999633789062,106.2699966430664,102.55000305175781,102.76000213623047,2379000.0,SPG,1d
2022-10-26 00:00:00+00:00,105.52999877929688,105.52999877929688,106.69999694824219,105.12000274658203,105.73999786376953,1650200.0,SPG,1d
2022-10-27 00:00:00+00:00,106.38999938964844,106.38999938964844,107.72000122070312,106.19000244140625,106.9000015258789,1463800.0,SPG,1d
2022-10-28 00:00:00+00:00,108.95999908447266,108.95999908447266,109.11000061035156,105.55999755859375,105.94000244140625,1454000.0,SPG,1d
2022-10-31 00:00:00+00:00,108.9800033569336,108.9800033569336,109.55999755859375,107.37000274658203,107.86000061035156,2144100.0,SPG,1d
2022-11-01 00:00:00+00:00,113.83999633789062,113.83999633789062,114.5199966430664,109.45999908447266,110.0,2451000.0,SPG,1d
2022-11-02 00:00:00+00:00,111.61000061035156,111.61000061035156,115.3499984741211,111.4800033569336,113.41999816894531,3161100.0,SPG,1d
2022-11-03 00:00:00+00:00,112.58000183105469,112.58000183105469,113.4000015258789,108.80999755859375,110.19000244140625,1563000.0,SPG,1d
2022-11-04 00:00:00+00:00,115.56999969482422,115.56999969482422,115.80999755859375,112.62000274658203,114.1500015258789,1588700.0,SPG,1d
2022-11-07 00:00:00+00:00,116.87000274658203,116.87000274658203,117.1500015258789,114.7699966430664,116.5,1522100.0,SPG,1d
2022-11-08 00:00:00+00:00,115.41999816894531,115.41999816894531,117.47000122070312,114.63999938964844,116.86000061035156,1848600.0,SPG,1d
2022-11-09 00:00:00+00:00,112.91999816894531,112.91999816894531,116.05999755859375,112.55999755859375,114.5999984741211,1740100.0,SPG,1d
2022-11-10 00:00:00+00:00,120.04000091552734,120.04000091552734,121.29000091552734,117.4800033569336,117.7300033569336,2990900.0,SPG,1d
2022-11-11 00:00:00+00:00,120.19999694824219,120.19999694824219,121.9800033569336,119.93000030517578,120.11000061035156,1999000.0,SPG,1d
2022-11-14 00:00:00+00:00,117.52999877929688,117.52999877929688,119.56999969482422,117.51000213623047,118.94999694824219,1551600.0,SPG,1d
2022-11-15 00:00:00+00:00,120.16000366210938,120.16000366210938,120.93000030517578,118.45999908447266,119.51000213623047,1692200.0,SPG,1d
2022-11-16 00:00:00+00:00,115.58999633789062,115.58999633789062,119.05999755859375,115.5199966430664,118.98999786376953,1832500.0,SPG,1d
2022-11-17 00:00:00+00:00,115.79000091552734,115.79000091552734,115.87000274658203,113.45999908447266,113.9800033569336,1817200.0,SPG,1d
2022-11-18 00:00:00+00:00,117.9000015258789,117.9000015258789,118.4800033569336,116.75,118.0,1507700.0,SPG,1d
2022-11-21 00:00:00+00:00,117.18000030517578,117.18000030517578,118.13999938964844,116.05999755859375,117.13999938964844,1315200.0,SPG,1d
2022-11-22 00:00:00+00:00,119.37999725341797,119.37999725341797,119.66000366210938,117.47000122070312,117.93000030517578,1541600.0,SPG,1d
2022-11-23 00:00:00+00:00,119.61000061035156,119.61000061035156,120.18000030517578,118.38999938964844,119.0,1116000.0,SPG,1d
2022-11-25 00:00:00+00:00,120.69999694824219,120.69999694824219,120.69999694824219,119.70999908447266,119.97000122070312,548200.0,SPG,1d
2022-11-28 00:00:00+00:00,115.76000213623047,115.76000213623047,120.11000061035156,115.5,119.80000305175781,1735800.0,SPG,1d
2022-11-29 00:00:00+00:00,117.45999908447266,117.45999908447266,117.66999816894531,115.52999877929688,116.12000274658203,1765200.0,SPG,1d
2022-11-30 00:00:00+00:00,119.44000244140625,119.44000244140625,119.69000244140625,116.43000030517578,117.33999633789062,2503100.0,SPG,1d
2022-12-01 00:00:00+00:00,119.01000213623047,119.01000213623047,120.80000305175781,117.75,120.18000030517578,1848600.0,SPG,1d
2022-12-02 00:00:00+00:00,119.33999633789062,119.33999633789062,120.02999877929688,117.5,117.61000061035156,1738100.0,SPG,1d
2022-12-05 00:00:00+00:00,117.69000244140625,117.69000244140625,119.36000061035156,117.37999725341797,118.4800033569336,1455800.0,SPG,1d
2022-12-06 00:00:00+00:00,118.26000213623047,118.26000213623047,119.05000305175781,116.70999908447266,118.1500015258789,2218400.0,SPG,1d
2022-12-07 00:00:00+00:00,119.05000305175781,119.05000305175781,120.3499984741211,117.26000213623047,117.61000061035156,2318300.0,SPG,1d
2022-12-08 00:00:00+00:00,117.12000274658203,117.12000274658203,118.6500015258789,116.55000305175781,118.47000122070312,1976400.0,SPG,1d
2022-12-09 00:00:00+00:00,116.75,116.75,117.55999755859375,116.0999984741211,116.80000305175781,1162600.0,SPG,1d
2022-12-12 00:00:00+00:00,118.62000274658203,118.62000274658203,118.7300033569336,115.55000305175781,116.75,1698000.0,SPG,1d
2022-12-13 00:00:00+00:00,120.23999786376953,120.23999786376953,121.94999694824219,118.66999816894531,120.45999908447266,2386400.0,SPG,1d
2022-12-14 00:00:00+00:00,119.70999908447266,119.70999908447266,121.80999755859375,118.9800033569336,120.37999725341797,1779900.0,SPG,1d
2022-12-15 00:00:00+00:00,118.20999908447266,118.20999908447266,118.80999755859375,116.83000183105469,118.30999755859375,1928300.0,SPG,1d
2022-12-16 00:00:00+00:00,116.31999969482422,116.31999969482422,116.91999816894531,114.8499984741211,116.08000183105469,3919600.0,SPG,1d
2022-12-19 00:00:00+00:00,115.62000274658203,115.62000274658203,116.83000183105469,114.19000244140625,116.16999816894531,1368100.0,SPG,1d
2022-12-20 00:00:00+00:00,115.66000366210938,115.66000366210938,116.01000213623047,113.80000305175781,115.0,1146300.0,SPG,1d
2022-12-21 00:00:00+00:00,116.55000305175781,116.55000305175781,118.0999984741211,116.2699966430664,117.0,1335300.0,SPG,1d
2022-12-22 00:00:00+00:00,116.36000061035156,116.36000061035156,116.44000244140625,114.05000305175781,115.4800033569336,1081600.0,SPG,1d
2022-12-23 00:00:00+00:00,117.91000366210938,117.91000366210938,117.94999694824219,115.6500015258789,116.18000030517578,680200.0,SPG,1d
2022-12-27 00:00:00+00:00,118.0999984741211,118.0999984741211,118.52999877929688,117.13999938964844,118.05999755859375,1234200.0,SPG,1d
2022-12-28 00:00:00+00:00,115.05999755859375,115.05999755859375,118.88999938964844,114.83000183105469,118.33999633789062,983700.0,SPG,1d
2022-12-29 00:00:00+00:00,117.31999969482422,117.31999969482422,117.66000366210938,115.33000183105469,115.94999694824219,972800.0,SPG,1d
2022-12-30 00:00:00+00:00,117.4800033569336,117.4800033569336,117.86000061035156,115.72000122070312,116.55999755859375,1265300.0,SPG,1d
2023-01-03 00:00:00+00:00,117.54000091552734,117.54000091552734,119.18000030517578,116.22000122070312,118.12999725341797,1313800.0,SPG,1d
2023-01-04 00:00:00+00:00,121.16000366210938,121.16000366210938,122.30999755859375,118.01000213623047,118.81999969482422,1808700.0,SPG,1d
2023-01-05 00:00:00+00:00,117.41999816894531,117.41999816894531,119.76000213623047,117.16999816894531,119.5999984741211,1390600.0,SPG,1d
2023-01-06 00:00:00+00:00,118.87000274658203,118.87000274658203,119.52999877929688,117.77999877929688,117.81999969482422,1501000.0,SPG,1d
2023-01-09 00:00:00+00:00,118.31999969482422,118.31999969482422,119.5999984741211,117.61000061035156,118.83000183105469,1474900.0,SPG,1d
2023-01-10 00:00:00+00:00,116.8499984741211,116.8499984741211,117.77999877929688,115.44000244140625,117.61000061035156,1329100.0,SPG,1d
2023-01-11 00:00:00+00:00,121.36000061035156,121.36000061035156,121.62999725341797,117.1500015258789,117.80000305175781,1660600.0,SPG,1d
2023-01-12 00:00:00+00:00,125.98999786376953,125.98999786376953,126.43000030517578,121.44999694824219,122.0,2304200.0,SPG,1d
2023-01-13 00:00:00+00:00,125.56999969482422,125.56999969482422,126.12000274658203,124.16999816894531,124.30999755859375,1560400.0,SPG,1d
2023-01-17 00:00:00+00:00,125.0199966430664,125.0199966430664,125.62000274658203,124.45999908447266,125.0,2021200.0,SPG,1d
2023-01-18 00:00:00+00:00,122.25,122.25,125.86000061035156,121.94000244140625,125.61000061035156,1483900.0,SPG,1d
2023-01-19 00:00:00+00:00,120.93000030517578,120.93000030517578,121.70999908447266,120.04000091552734,121.08999633789062,1274300.0,SPG,1d
2023-01-20 00:00:00+00:00,123.6500015258789,123.6500015258789,123.8499984741211,120.41000366210938,121.68000030517578,1651900.0,SPG,1d
2023-01-23 00:00:00+00:00,124.97000122070312,124.97000122070312,125.29000091552734,123.27999877929688,123.86000061035156,1097900.0,SPG,1d
2023-01-24 00:00:00+00:00,125.44999694824219,125.44999694824219,125.6500015258789,123.19999694824219,124.93000030517578,1353500.0,SPG,1d
2023-01-25 00:00:00+00:00,125.19000244140625,125.19000244140625,125.54000091552734,124.5,125.0,1016900.0,SPG,1d
2023-01-26 00:00:00+00:00,126.33000183105469,126.33000183105469,126.41000366210938,124.87999725341797,125.94999694824219,1205800.0,SPG,1d
2023-01-27 00:00:00+00:00,128.61000061035156,128.61000061035156,128.8800048828125,126.1500015258789,126.33999633789062,1480600.0,SPG,1d
2023-01-30 00:00:00+00:00,125.94999694824219,125.94999694824219,128.85000610351562,125.88999938964844,127.45999908447266,1429900.0,SPG,1d
2023-01-31 00:00:00+00:00,128.4600067138672,128.4600067138672,128.7100067138672,125.66999816894531,126.12999725341797,3802900.0,SPG,1d
2023-02-01 00:00:00+00:00,128.92999267578125,128.92999267578125,129.9499969482422,126.87999725341797,127.9000015258789,1467100.0,SPG,1d
2023-02-02 00:00:00+00:00,131.7899932861328,131.7899932861328,133.0800018310547,129.50999450683594,130.0,2066900.0,SPG,1d
2023-02-03 00:00:00+00:00,129.80999755859375,129.80999755859375,130.2899932861328,128.1999969482422,130.00999450683594,1391800.0,SPG,1d
2023-02-06 00:00:00+00:00,128.63999938964844,128.63999938964844,129.5500030517578,127.77999877929688,128.44000244140625,1379600.0,SPG,1d
2023-02-07 00:00:00+00:00,125.9000015258789,125.9000015258789,127.8499984741211,123.20999908447266,127.8499984741211,2443100.0,SPG,1d
2023-02-08 00:00:00+00:00,124.23999786376953,124.23999786376953,125.6500015258789,123.33999633789062,125.0999984741211,1614400.0,SPG,1d
2023-02-09 00:00:00+00:00,124.41000366210938,124.41000366210938,125.79000091552734,124.0199966430664,125.37999725341797,1750000.0,SPG,1d
2023-02-10 00:00:00+00:00,124.3499984741211,124.3499984741211,124.6500015258789,122.5,123.5999984741211,1171500.0,SPG,1d
2023-02-13 00:00:00+00:00,125.77999877929688,125.77999877929688,125.8499984741211,124.16999816894531,124.5,1338400.0,SPG,1d
2023-02-14 00:00:00+00:00,125.41000366210938,125.41000366210938,127.02999877929688,124.48999786376953,125.30999755859375,1387900.0,SPG,1d
2023-02-15 00:00:00+00:00,125.5199966430664,125.5199966430664,125.55000305175781,123.55999755859375,124.12999725341797,859700.0,SPG,1d
2023-02-16 00:00:00+00:00,124.3499984741211,124.3499984741211,125.45999908447266,123.37000274658203,124.01000213623047,959500.0,SPG,1d
2023-02-17 00:00:00+00:00,123.66000366210938,123.66000366210938,124.4800033569336,122.38999938964844,124.08999633789062,1292400.0,SPG,1d
2023-02-21 00:00:00+00:00,120.62000274658203,120.62000274658203,122.86000061035156,120.05999755859375,122.22000122070312,1612400.0,SPG,1d
2023-02-22 00:00:00+00:00,121.0999984741211,121.0999984741211,122.08000183105469,120.37999725341797,121.25,1399500.0,SPG,1d
2023-02-23 00:00:00+00:00,122.30000305175781,122.30000305175781,123.08999633789062,120.97000122070312,122.27999877929688,1053000.0,SPG,1d
2023-02-24 00:00:00+00:00,121.83000183105469,121.83000183105469,122.52999877929688,120.29000091552734,120.55000305175781,1047600.0,SPG,1d
2023-02-27 00:00:00+00:00,122.51000213623047,122.51000213623047,124.13999938964844,121.98999786376953,123.41999816894531,1330200.0,SPG,1d
2023-02-28 00:00:00+00:00,122.08999633789062,122.08999633789062,124.08000183105469,122.01000213623047,122.56999969482422,2118700.0,SPG,1d
2023-03-01 00:00:00+00:00,121.25,121.25,122.13999938964844,119.3499984741211,122.13999938964844,1655500.0,SPG,1d
2023-03-02 00:00:00+00:00,122.8499984741211,122.8499984741211,123.01000213623047,120.19000244140625,120.45999908447266,1277700.0,SPG,1d
2023-03-03 00:00:00+00:00,124.08000183105469,124.08000183105469,124.43000030517578,122.7300033569336,123.76000213623047,1060900.0,SPG,1d
2023-03-06 00:00:00+00:00,123.8499984741211,123.8499984741211,125.30999755859375,123.5199966430664,124.44000244140625,779000.0,SPG,1d
2023-03-07 00:00:00+00:00,120.61000061035156,120.61000061035156,124.08000183105469,119.73999786376953,123.77999877929688,1376100.0,SPG,1d
2023-03-08 00:00:00+00:00,122.18000030517578,122.18000030517578,122.58000183105469,120.8499984741211,120.87999725341797,1244200.0,SPG,1d
2023-03-09 00:00:00+00:00,117.30000305175781,117.30000305175781,120.5999984741211,117.19000244140625,120.5,1054200.0,SPG,1d
2023-03-10 00:00:00+00:00,111.5,111.5,117.0,111.12999725341797,117.0,2845600.0,SPG,1d
2023-03-13 00:00:00+00:00,111.41999816894531,111.41999816894531,113.33999633789062,108.55000305175781,109.88999938964844,2279900.0,SPG,1d
2023-03-14 00:00:00+00:00,112.19999694824219,112.19999694824219,115.48999786376953,111.02999877929688,114.02999877929688,2467000.0,SPG,1d
2023-03-15 00:00:00+00:00,109.69000244140625,109.69000244140625,110.20999908447266,107.6500015258789,109.93000030517578,2499900.0,SPG,1d
2023-03-16 00:00:00+00:00,109.19999694824219,109.19999694824219,110.48999786376953,105.79000091552734,108.23999786376953,2496700.0,SPG,1d
2023-03-17 00:00:00+00:00,104.30999755859375,104.30999755859375,108.26000213623047,104.2300033569336,108.26000213623047,3489000.0,SPG,1d
2023-03-20 00:00:00+00:00,107.12000274658203,107.12000274658203,107.56999969482422,104.4800033569336,105.2300033569336,2393000.0,SPG,1d
2023-03-21 00:00:00+00:00,109.12000274658203,109.12000274658203,110.73999786376953,108.68000030517578,108.77999877929688,2114000.0,SPG,1d
2023-03-22 00:00:00+00:00,104.30999755859375,104.30999755859375,108.52999877929688,104.2300033569336,108.08999633789062,1648900.0,SPG,1d
2023-03-23 00:00:00+00:00,102.37999725341797,102.37999725341797,105.73999786376953,101.55000305175781,104.69999694824219,2180300.0,SPG,1d
2023-03-24 00:00:00+00:00,103.4800033569336,103.4800033569336,103.62999725341797,100.31999969482422,101.36000061035156,2022700.0,SPG,1d
2023-03-27 00:00:00+00:00,103.30000305175781,103.30000305175781,105.19999694824219,102.93000030517578,105.0,2225600.0,SPG,1d
2023-03-28 00:00:00+00:00,104.1500015258789,104.1500015258789,104.52999877929688,102.20999908447266,102.93000030517578,1190500.0,SPG,1d
2023-03-29 00:00:00+00:00,106.58999633789062,106.58999633789062,107.08999633789062,105.45999908447266,105.93000030517578,1580100.0,SPG,1d
2023-03-30 00:00:00+00:00,107.55999755859375,107.55999755859375,108.5,106.83999633789062,107.94999694824219,1438800.0,SPG,1d
2023-03-31 00:00:00+00:00,111.97000122070312,111.97000122070312,112.08999633789062,108.20999908447266,108.20999908447266,3298500.0,SPG,1d
2023-04-03 00:00:00+00:00,112.41999816894531,112.41999816894531,113.80999755859375,111.05000305175781,112.5199966430664,2154700.0,SPG,1d
2023-04-04 00:00:00+00:00,111.30999755859375,111.30999755859375,112.73999786376953,110.1500015258789,112.5999984741211,1228000.0,SPG,1d
2023-04-05 00:00:00+00:00,109.94999694824219,109.94999694824219,111.0,108.80999755859375,110.52999877929688,1563400.0,SPG,1d
2023-04-06 00:00:00+00:00,109.7699966430664,109.7699966430664,110.56999969482422,108.7300033569336,110.30999755859375,1145100.0,SPG,1d
2023-04-10 00:00:00+00:00,109.55999755859375,109.55999755859375,110.23999786376953,107.91999816894531,109.4800033569336,1098800.0,SPG,1d
2023-04-11 00:00:00+00:00,110.16000366210938,110.16000366210938,111.05999755859375,109.33999633789062,110.41000366210938,1106500.0,SPG,1d
2023-04-12 00:00:00+00:00,109.51000213623047,109.51000213623047,111.55000305175781,109.33999633789062,111.4000015258789,1317700.0,SPG,1d
2023-04-13 00:00:00+00:00,108.94000244140625,108.94000244140625,109.51000213623047,107.80000305175781,109.33999633789062,1244500.0,SPG,1d
2023-04-14 00:00:00+00:00,107.55999755859375,107.55999755859375,110.52999877929688,106.6500015258789,109.56999969482422,1803800.0,SPG,1d
2023-04-17 00:00:00+00:00,111.3499984741211,111.3499984741211,111.36000061035156,107.91999816894531,108.0199966430664,1464800.0,SPG,1d
2023-04-18 00:00:00+00:00,111.30000305175781,111.30000305175781,112.05999755859375,110.75,111.69000244140625,984800.0,SPG,1d
2023-04-19 00:00:00+00:00,112.05999755859375,112.05999755859375,112.48999786376953,109.9800033569336,110.30999755859375,1070900.0,SPG,1d
2023-04-20 00:00:00+00:00,110.7699966430664,110.7699966430664,111.56999969482422,109.87999725341797,111.16000366210938,998100.0,SPG,1d
2023-04-21 00:00:00+00:00,110.66000366210938,110.66000366210938,111.26000213623047,109.79000091552734,111.18000030517578,770400.0,SPG,1d
2023-04-24 00:00:00+00:00,110.2300033569336,110.2300033569336,110.97000122070312,108.81999969482422,110.77999877929688,854200.0,SPG,1d
2023-04-25 00:00:00+00:00,109.22000122070312,109.22000122070312,109.87000274658203,108.51000213623047,109.27999877929688,809300.0,SPG,1d
2023-04-26 00:00:00+00:00,108.33999633789062,108.33999633789062,110.05000305175781,107.62999725341797,109.23999786376953,966400.0,SPG,1d
2023-04-27 00:00:00+00:00,110.5999984741211,110.5999984741211,111.16999816894531,108.44999694824219,108.66999816894531,970000.0,SPG,1d
2023-04-28 00:00:00+00:00,113.31999969482422,113.31999969482422,113.66000366210938,110.54000091552734,110.54000091552734,1430200.0,SPG,1d
2023-05-01 00:00:00+00:00,113.48999786376953,113.48999786376953,114.94999694824219,113.0,113.0,1332500.0,SPG,1d
2023-05-02 00:00:00+00:00,112.05000305175781,112.05000305175781,112.94999694824219,109.63999938964844,112.51000213623047,1700400.0,SPG,1d
2023-05-03 00:00:00+00:00,107.58999633789062,107.58999633789062,113.0,107.36000061035156,113.0,2092300.0,SPG,1d
2023-05-04 00:00:00+00:00,107.8499984741211,107.8499984741211,108.19999694824219,105.81999969482422,107.4000015258789,1621200.0,SPG,1d
2023-05-05 00:00:00+00:00,109.55000305175781,109.55000305175781,110.4000015258789,108.58000183105469,109.3499984741211,1340700.0,SPG,1d
2023-05-08 00:00:00+00:00,108.0,108.0,109.72000122070312,107.88999938964844,109.25,1149600.0,SPG,1d
2023-05-09 00:00:00+00:00,106.48999786376953,106.48999786376953,107.54000091552734,104.87999725341797,107.30000305175781,1434700.0,SPG,1d
2023-05-10 00:00:00+00:00,106.52999877929688,106.52999877929688,107.69999694824219,105.05000305175781,107.29000091552734,1364700.0,SPG,1d
2023-05-11 00:00:00+00:00,106.25,106.25,106.62000274658203,104.68000030517578,105.44999694824219,1177900.0,SPG,1d
2023-05-12 00:00:00+00:00,106.3499984741211,106.3499984741211,106.7300033569336,105.5999984741211,106.41999816894531,1010000.0,SPG,1d
2023-05-15 00:00:00+00:00,106.93000030517578,106.93000030517578,107.52999877929688,105.88999938964844,106.62000274658203,936200.0,SPG,1d
2023-05-16 00:00:00+00:00,103.7300033569336,103.7300033569336,107.0199966430664,103.69999694824219,106.87999725341797,1472800.0,SPG,1d
2023-05-17 00:00:00+00:00,106.30000305175781,106.30000305175781,106.44000244140625,103.83999633789062,104.83000183105469,1212600.0,SPG,1d
2023-05-18 00:00:00+00:00,105.54000091552734,105.54000091552734,106.69999694824219,104.97000122070312,105.98999786376953,1394400.0,SPG,1d
2023-05-19 00:00:00+00:00,105.36000061035156,105.36000061035156,107.11000061035156,104.41000366210938,106.5199966430664,1615900.0,SPG,1d
2023-05-22 00:00:00+00:00,105.9800033569336,105.9800033569336,106.0,104.37999725341797,105.1500015258789,1338400.0,SPG,1d
2023-05-23 00:00:00+00:00,104.12999725341797,104.12999725341797,106.79000091552734,104.04000091552734,106.05000305175781,1329900.0,SPG,1d
2023-05-24 00:00:00+00:00,102.16000366210938,102.16000366210938,103.81999969482422,101.94000244140625,103.5,1107800.0,SPG,1d
2023-05-25 00:00:00+00:00,101.25,101.25,102.33999633789062,100.16999816894531,102.12999725341797,1391100.0,SPG,1d
2023-05-26 00:00:00+00:00,102.36000061035156,102.36000061035156,102.58000183105469,100.9000015258789,101.4000015258789,1057500.0,SPG,1d
2023-05-30 00:00:00+00:00,103.51000213623047,103.51000213623047,103.86000061035156,102.6500015258789,102.9800033569336,1135100.0,SPG,1d
2023-05-31 00:00:00+00:00,105.1500015258789,105.1500015258789,105.44000244140625,103.22000122070312,103.44999694824219,3061900.0,SPG,1d
2023-06-01 00:00:00+00:00,103.4000015258789,103.4000015258789,105.33999633789062,102.69999694824219,105.2300033569336,1413000.0,SPG,1d
2023-06-02 00:00:00+00:00,106.51000213623047,106.51000213623047,107.20999908447266,104.93000030517578,105.05999755859375,1517300.0,SPG,1d
2023-06-05 00:00:00+00:00,106.55000305175781,106.55000305175781,107.81999969482422,106.37000274658203,106.70999908447266,1145900.0,SPG,1d
2023-06-06 00:00:00+00:00,109.16999816894531,109.16999816894531,109.5999984741211,106.47000122070312,106.69999694824219,1295500.0,SPG,1d
2023-06-07 00:00:00+00:00,112.69999694824219,112.69999694824219,113.19999694824219,109.08000183105469,109.98999786376953,1832400.0,SPG,1d
2023-06-08 00:00:00+00:00,109.70999908447266,109.70999908447266,110.4800033569336,108.23999786376953,110.11000061035156,1295300.0,SPG,1d
2023-06-09 00:00:00+00:00,110.69999694824219,110.69999694824219,111.01000213623047,109.33999633789062,109.69000244140625,1093700.0,SPG,1d
2023-06-12 00:00:00+00:00,109.95999908447266,109.95999908447266,111.69999694824219,109.11000061035156,111.0,1480200.0,SPG,1d
2023-06-13 00:00:00+00:00,110.95999908447266,110.95999908447266,112.08999633789062,109.69999694824219,110.12000274658203,1530900.0,SPG,1d
2023-06-14 00:00:00+00:00,110.9000015258789,110.9000015258789,112.44999694824219,109.77999877929688,111.77999877929688,1529800.0,SPG,1d
2023-06-15 00:00:00+00:00,110.91999816894531,110.91999816894531,110.94999694824219,109.58000183105469,110.4800033569336,1409300.0,SPG,1d
2023-06-16 00:00:00+00:00,112.79000091552734,112.79000091552734,113.29000091552734,110.86000061035156,112.2300033569336,3047300.0,SPG,1d
2023-06-20 00:00:00+00:00,110.7300033569336,110.7300033569336,112.4800033569336,110.08000183105469,112.4800033569336,1793000.0,SPG,1d
2023-06-21 00:00:00+00:00,110.7300033569336,110.7300033569336,111.38999938964844,109.6500015258789,110.23999786376953,1539700.0,SPG,1d
2023-06-22 00:00:00+00:00,109.08000183105469,109.08000183105469,110.91999816894531,107.7300033569336,110.7699966430664,1167200.0,SPG,1d
2023-06-23 00:00:00+00:00,107.73999786376953,107.73999786376953,108.63999938964844,106.66000366210938,108.0,3287400.0,SPG,1d
2023-06-26 00:00:00+00:00,111.06999969482422,111.06999969482422,111.1500015258789,107.04000091552734,107.55999755859375,1567600.0,SPG,1d
2023-06-27 00:00:00+00:00,113.06999969482422,113.06999969482422,113.29000091552734,110.33999633789062,111.05000305175781,1348700.0,SPG,1d
2023-06-28 00:00:00+00:00,112.79000091552734,112.79000091552734,113.27999877929688,111.68000030517578,113.19000244140625,1394400.0,SPG,1d
2023-06-29 00:00:00+00:00,114.76000213623047,114.76000213623047,114.76000213623047,112.0,112.31999969482422,1304700.0,SPG,1d
2023-06-30 00:00:00+00:00,115.4800033569336,115.4800033569336,116.86000061035156,113.95999908447266,116.23999786376953,3148100.0,SPG,1d
2023-07-03 00:00:00+00:00,117.04000091552734,117.04000091552734,117.7300033569336,114.98999786376953,115.08999633789062,1032700.0,SPG,1d
2023-07-05 00:00:00+00:00,118.20999908447266,118.20999908447266,119.0199966430664,115.55999755859375,116.3499984741211,1748000.0,SPG,1d
2023-07-06 00:00:00+00:00,119.0999984741211,119.0999984741211,119.22000122070312,116.68000030517578,117.63999938964844,1855200.0,SPG,1d
2023-07-07 00:00:00+00:00,118.55000305175781,118.55000305175781,119.55999755859375,117.87000274658203,118.08999633789062,1440200.0,SPG,1d
2023-07-10 00:00:00+00:00,120.94999694824219,120.94999694824219,121.0199966430664,118.22000122070312,118.68000030517578,1456600.0,SPG,1d
2023-07-11 00:00:00+00:00,123.01000213623047,123.01000213623047,123.27999877929688,120.87999725341797,121.52999877929688,1649600.0,SPG,1d
2023-07-12 00:00:00+00:00,122.44000244140625,122.44000244140625,124.63999938964844,122.4000015258789,124.38999938964844,1955300.0,SPG,1d
2023-07-13 00:00:00+00:00,121.83999633789062,121.83999633789062,122.5,121.0199966430664,122.41999816894531,1601800.0,SPG,1d
2023-07-14 00:00:00+00:00,121.27999877929688,121.27999877929688,121.66999816894531,120.27999877929688,121.51000213623047,905600.0,SPG,1d
2023-07-17 00:00:00+00:00,121.6500015258789,121.6500015258789,121.9800033569336,119.81999969482422,120.30999755859375,1188200.0,SPG,1d
2023-07-18 00:00:00+00:00,121.5199966430664,121.5199966430664,122.05000305175781,120.69000244140625,121.12999725341797,1325200.0,SPG,1d
2023-07-19 00:00:00+00:00,123.41000366210938,123.41000366210938,124.16000366210938,121.95999908447266,122.0,1377900.0,SPG,1d
2023-07-20 00:00:00+00:00,123.75,123.75,123.97000122070312,121.91999816894531,123.33999633789062,1186100.0,SPG,1d
2023-07-21 00:00:00+00:00,123.6500015258789,123.6500015258789,124.87999725341797,123.44999694824219,124.16999816894531,1131200.0,SPG,1d
2023-07-24 00:00:00+00:00,124.41000366210938,124.41000366210938,124.8499984741211,123.45999908447266,123.68000030517578,1021300.0,SPG,1d
2023-07-25 00:00:00+00:00,123.69000244140625,123.69000244140625,125.31999969482422,123.6500015258789,124.91999816894531,1213600.0,SPG,1d
2023-07-26 00:00:00+00:00,124.16999816894531,124.16999816894531,124.70999908447266,123.05000305175781,123.45999908447266,989200.0,SPG,1d
2023-07-27 00:00:00+00:00,123.0,123.0,125.55999755859375,122.9800033569336,124.97000122070312,1412400.0,SPG,1d
2023-07-28 00:00:00+00:00,124.4800033569336,124.4800033569336,124.80999755859375,123.55000305175781,124.26000213623047,1069200.0,SPG,1d
2023-07-31 00:00:00+00:00,124.5999984741211,124.5999984741211,125.54000091552734,123.9800033569336,124.4800033569336,1301400.0,SPG,1d
2023-08-01 00:00:00+00:00,125.44000244140625,125.44000244140625,125.68000030517578,124.01000213623047,124.44000244140625,1406600.0,SPG,1d
2023-08-02 00:00:00+00:00,124.05999755859375,124.05999755859375,124.5999984741211,123.45999908447266,124.20999908447266,1107100.0,SPG,1d
2023-08-03 00:00:00+00:00,118.37000274658203,118.37000274658203,119.68000030517578,114.1500015258789,118.62999725341797,2965500.0,SPG,1d
2023-08-04 00:00:00+00:00,118.29000091552734,118.29000091552734,120.87999725341797,117.63999938964844,118.79000091552734,1537400.0,SPG,1d
2023-08-07 00:00:00+00:00,119.66000366210938,119.66000366210938,119.94999694824219,118.36000061035156,118.52999877929688,1048700.0,SPG,1d
2023-08-08 00:00:00+00:00,119.0,119.0,119.5999984741211,117.86000061035156,118.56999969482422,889800.0,SPG,1d
2023-08-09 00:00:00+00:00,118.80000305175781,118.80000305175781,119.55000305175781,118.11000061035156,118.83000183105469,1002900.0,SPG,1d
2023-08-10 00:00:00+00:00,118.8499984741211,118.8499984741211,120.43000030517578,118.30999755859375,119.55000305175781,1185300.0,SPG,1d
2023-08-11 00:00:00+00:00,118.87000274658203,118.87000274658203,119.0,117.69000244140625,117.83999633789062,884800.0,SPG,1d
2023-08-14 00:00:00+00:00,119.0199966430664,119.0199966430664,119.54000091552734,118.19000244140625,118.23999786376953,792300.0,SPG,1d
2023-08-15 00:00:00+00:00,117.87000274658203,117.87000274658203,118.51000213623047,117.02999877929688,117.76000213623047,842300.0,SPG,1d
2023-08-16 00:00:00+00:00,115.61000061035156,115.61000061035156,117.91999816894531,115.56999969482422,117.91999816894531,1172900.0,SPG,1d
2023-08-17 00:00:00+00:00,114.1500015258789,114.1500015258789,116.62000274658203,114.08999633789062,115.87999725341797,1193700.0,SPG,1d
2023-08-18 00:00:00+00:00,115.5999984741211,115.5999984741211,115.94000244140625,113.27999877929688,113.5,1170300.0,SPG,1d
2023-08-21 00:00:00+00:00,112.72000122070312,112.72000122070312,116.0,112.5999984741211,115.52999877929688,1417800.0,SPG,1d
2023-08-22 00:00:00+00:00,110.93000030517578,110.93000030517578,113.54000091552734,110.81999969482422,113.54000091552734,1753600.0,SPG,1d
2023-08-23 00:00:00+00:00,111.63999938964844,111.63999938964844,112.37000274658203,110.55999755859375,111.16999816894531,1991700.0,SPG,1d
2023-08-24 00:00:00+00:00,110.66000366210938,110.66000366210938,112.52999877929688,110.3499984741211,111.62000274658203,1751500.0,SPG,1d
2023-08-25 00:00:00+00:00,110.7300033569336,110.7300033569336,111.38999938964844,109.91000366210938,110.91000366210938,1080900.0,SPG,1d
2023-08-28 00:00:00+00:00,111.66999816894531,111.66999816894531,112.75,111.12000274658203,111.12000274658203,900400.0,SPG,1d
2023-08-29 00:00:00+00:00,113.52999877929688,113.52999877929688,113.58999633789062,111.0,111.68000030517578,1085900.0,SPG,1d
2023-08-30 00:00:00+00:00,113.51000213623047,113.51000213623047,114.31999969482422,112.63999938964844,113.55000305175781,774600.0,SPG,1d
2023-08-31 00:00:00+00:00,113.48999786376953,113.48999786376953,113.86000061035156,112.79000091552734,113.41999816894531,1573400.0,SPG,1d
2023-09-01 00:00:00+00:00,114.91000366210938,114.91000366210938,115.20999908447266,114.33000183105469,114.36000061035156,1306000.0,SPG,1d
2023-09-05 00:00:00+00:00,114.94000244140625,114.94000244140625,115.56999969482422,114.38999938964844,114.80000305175781,2187400.0,SPG,1d
2023-09-06 00:00:00+00:00,115.75,115.75,115.95999908447266,114.25,114.37000274658203,1921600.0,SPG,1d
2023-09-07 00:00:00+00:00,114.44999694824219,114.44999694824219,114.86000061035156,113.1500015258789,113.66999816894531,1581900.0,SPG,1d
2023-09-08 00:00:00+00:00,114.62000274658203,114.62000274658203,114.75,113.91000366210938,114.44999694824219,1022500.0,SPG,1d
2023-09-11 00:00:00+00:00,114.73999786376953,114.73999786376953,115.3499984741211,114.11000061035156,114.73999786376953,1349900.0,SPG,1d
2023-09-12 00:00:00+00:00,115.4800033569336,115.4800033569336,116.08000183105469,114.16999816894531,114.25,1314000.0,SPG,1d
2023-09-13 00:00:00+00:00,114.7699966430664,114.7699966430664,115.5199966430664,114.2699966430664,115.5199966430664,1451900.0,SPG,1d
2023-09-14 00:00:00+00:00,117.37999725341797,117.37999725341797,117.6500015258789,115.51000213623047,115.70999908447266,1627000.0,SPG,1d
2023-09-15 00:00:00+00:00,116.41000366210938,116.41000366210938,117.3499984741211,116.2300033569336,117.26000213623047,2879600.0,SPG,1d
2023-09-18 00:00:00+00:00,114.25,114.25,116.3499984741211,114.23999786376953,116.33000183105469,1334700.0,SPG,1d
2023-09-19 00:00:00+00:00,114.26000213623047,114.26000213623047,114.8499984741211,113.54000091552734,114.01000213623047,1130500.0,SPG,1d
2023-09-20 00:00:00+00:00,113.76000213623047,113.76000213623047,115.98999786376953,113.7300033569336,115.31999969482422,1560600.0,SPG,1d
2023-09-21 00:00:00+00:00,111.63999938964844,111.63999938964844,113.6500015258789,111.58999633789062,113.05999755859375,2385700.0,SPG,1d
2023-09-22 00:00:00+00:00,111.68000030517578,111.68000030517578,112.87999725341797,111.36000061035156,111.87000274658203,1585600.0,SPG,1d
2023-09-25 00:00:00+00:00,112.12999725341797,112.12999725341797,112.66000366210938,110.91999816894531,111.22000122070312,1576500.0,SPG,1d
2023-09-26 00:00:00+00:00,109.1500015258789,109.1500015258789,111.47000122070312,109.02999877929688,111.02999877929688,2228000.0,SPG,1d
2023-09-27 00:00:00+00:00,108.19000244140625,108.19000244140625,110.37999725341797,108.08000183105469,109.58000183105469,2376000.0,SPG,1d
2023-09-28 00:00:00+00:00,108.83000183105469,108.83000183105469,109.06999969482422,107.72000122070312,108.66000366210938,1984000.0,SPG,1d
2023-09-29 00:00:00+00:00,108.02999877929688,108.02999877929688,110.68000030517578,107.0999984741211,110.1500015258789,2228400.0,SPG,1d
2023-10-02 00:00:00+00:00,104.62999725341797,104.62999725341797,108.19999694824219,104.27999877929688,107.5,2077700.0,SPG,1d
2023-10-03 00:00:00+00:00,103.37000274658203,103.37000274658203,104.44999694824219,102.11000061035156,104.0,2202500.0,SPG,1d
2023-10-04 00:00:00+00:00,104.44000244140625,104.44000244140625,104.61000061035156,102.77999877929688,103.87000274658203,1295900.0,SPG,1d
2023-10-05 00:00:00+00:00,104.54000091552734,104.54000091552734,104.87999725341797,103.5999984741211,104.16000366210938,1083500.0,SPG,1d
2023-10-06 00:00:00+00:00,104.41000366210938,104.41000366210938,105.3499984741211,102.81999969482422,103.7699966430664,1123800.0,SPG,1d
2023-10-09 00:00:00+00:00,105.44000244140625,105.44000244140625,105.83999633789062,103.36000061035156,103.69000244140625,882100.0,SPG,1d
2023-10-10 00:00:00+00:00,106.1500015258789,106.1500015258789,107.0199966430664,105.0199966430664,105.44000244140625,1019100.0,SPG,1d
2023-10-11 00:00:00+00:00,108.33000183105469,108.33000183105469,108.61000061035156,107.0999984741211,107.11000061035156,1479000.0,SPG,1d
2023-10-12 00:00:00+00:00,107.3499984741211,107.3499984741211,108.08999633789062,106.80000305175781,108.05000305175781,1604400.0,SPG,1d
2023-10-13 00:00:00+00:00,107.02999877929688,107.02999877929688,108.0199966430664,106.38999938964844,107.88999938964844,1499600.0,SPG,1d
2023-10-16 00:00:00+00:00,108.33000183105469,108.33000183105469,108.93000030517578,107.12000274658203,108.0,1235800.0,SPG,1d
2023-10-17 00:00:00+00:00,110.1500015258789,110.1500015258789,110.87999725341797,107.69000244140625,107.69000244140625,1470500.0,SPG,1d
2023-10-18 00:00:00+00:00,108.55000305175781,108.55000305175781,109.68000030517578,108.36000061035156,109.51000213623047,1294700.0,SPG,1d
2023-10-19 00:00:00+00:00,106.5,106.5,109.0,106.43000030517578,107.98999786376953,1571600.0,SPG,1d
2023-10-20 00:00:00+00:00,106.1500015258789,106.1500015258789,107.4000015258789,106.08000183105469,106.91999816894531,1506700.0,SPG,1d
2023-10-23 00:00:00+00:00,105.20999908447266,105.20999908447266,106.68000030517578,104.83000183105469,105.25,1560600.0,SPG,1d
2023-10-24 00:00:00+00:00,105.97000122070312,105.97000122070312,107.30000305175781,105.76000213623047,106.1500015258789,1521500.0,SPG,1d
2023-10-25 00:00:00+00:00,104.9800033569336,104.9800033569336,105.9800033569336,104.76000213623047,105.7300033569336,1465200.0,SPG,1d
2023-10-26 00:00:00+00:00,106.31999969482422,106.31999969482422,107.19000244140625,105.08000183105469,105.08000183105469,1388500.0,SPG,1d
2023-10-27 00:00:00+00:00,104.54000091552734,104.54000091552734,106.66999816894531,104.05000305175781,106.66999816894531,1744800.0,SPG,1d
2023-10-30 00:00:00+00:00,105.33000183105469,105.33000183105469,106.69000244140625,104.23999786376953,105.56999969482422,1458400.0,SPG,1d
2023-10-31 00:00:00+00:00,109.88999938964844,109.88999938964844,110.0999984741211,104.93000030517578,106.41000366210938,2384200.0,SPG,1d
2023-11-01 00:00:00+00:00,112.48999786376953,112.48999786376953,112.83999633789062,109.95999908447266,110.98999786376953,2080800.0,SPG,1d
2023-11-02 00:00:00+00:00,115.83999633789062,115.83999633789062,116.33999633789062,114.06999969482422,114.25,2049500.0,SPG,1d
2023-11-03 00:00:00+00:00,117.88999938964844,117.88999938964844,119.81999969482422,117.69000244140625,118.02999877929688,1956400.0,SPG,1d
2023-11-06 00:00:00+00:00,117.08000183105469,117.08000183105469,117.9000015258789,116.19000244140625,117.83999633789062,1225500.0,SPG,1d
2023-11-07 00:00:00+00:00,115.23999786376953,115.23999786376953,116.87999725341797,114.44999694824219,116.87999725341797,1661200.0,SPG,1d
2023-11-08 00:00:00+00:00,115.44000244140625,115.44000244140625,115.95999908447266,114.88999938964844,115.6500015258789,911300.0,SPG,1d
2023-11-09 00:00:00+00:00,113.79000091552734,113.79000091552734,115.9000015258789,113.41999816894531,115.9000015258789,1204700.0,SPG,1d
2023-11-10 00:00:00+00:00,115.33000183105469,115.33000183105469,115.54000091552734,113.4000015258789,114.80000305175781,906900.0,SPG,1d
2023-11-13 00:00:00+00:00,115.54000091552734,115.54000091552734,115.70999908447266,113.45999908447266,114.56999969482422,1321700.0,SPG,1d
2023-11-14 00:00:00+00:00,120.79000091552734,120.79000091552734,122.52999877929688,118.5999984741211,118.62000274658203,2105700.0,SPG,1d
2023-11-15 00:00:00+00:00,120.54000091552734,120.54000091552734,121.37000274658203,119.70999908447266,120.5,1623400.0,SPG,1d
2023-11-16 00:00:00+00:00,120.41999816894531,120.41999816894531,120.80000305175781,119.72000122070312,120.5999984741211,1271600.0,SPG,1d
2023-11-17 00:00:00+00:00,121.68000030517578,121.68000030517578,121.77999877929688,120.63999938964844,121.33999633789062,1121300.0,SPG,1d
2023-11-20 00:00:00+00:00,122.75,122.75,122.88999938964844,120.43000030517578,121.61000061035156,1283500.0,SPG,1d
2023-11-21 00:00:00+00:00,121.75,121.75,122.16000366210938,121.08999633789062,122.16000366210938,1213700.0,SPG,1d
2023-11-22 00:00:00+00:00,121.0999984741211,121.0999984741211,122.70999908447266,120.5,122.70999908447266,1190200.0,SPG,1d
2023-11-24 00:00:00+00:00,120.83999633789062,120.83999633789062,121.5,119.95999908447266,121.19999694824219,767600.0,SPG,1d
2023-11-27 00:00:00+00:00,121.70999908447266,121.70999908447266,122.19000244140625,119.91999816894531,120.83999633789062,1027500.0,SPG,1d
2023-11-28 00:00:00+00:00,122.0999984741211,122.0999984741211,122.38999938964844,120.5,121.5,1149700.0,SPG,1d
2023-11-29 00:00:00+00:00,122.76000213623047,122.76000213623047,124.51000213623047,122.58000183105469,123.16999816894531,1151700.0,SPG,1d
2023-11-30 00:00:00+00:00,124.88999938964844,124.88999938964844,125.08999633789062,122.5,122.5199966430664,2300500.0,SPG,1d
2023-12-01 00:00:00+00:00,128.82000732421875,128.82000732421875,128.91000366210938,124.63999938964844,125.04000091552734,1833600.0,SPG,1d
2023-12-04 00:00:00+00:00,130.85000610351562,130.85000610351562,130.92999267578125,127.5999984741211,128.1199951171875,1920900.0,SPG,1d
2023-12-05 00:00:00+00:00,130.77999877929688,130.77999877929688,131.02000427246094,129.41000366210938,129.89999389648438,1668700.0,SPG,1d
2023-12-06 00:00:00+00:00,131.72999572753906,131.72999572753906,132.97999572753906,131.2100067138672,131.39999389648438,1769800.0,SPG,1d
2023-12-07 00:00:00+00:00,131.35000610351562,131.35000610351562,131.44000244140625,129.0800018310547,130.0,1983700.0,SPG,1d
2023-12-08 00:00:00+00:00,132.8800048828125,132.8800048828125,132.91000366210938,130.35000610351562,130.80999755859375,1394100.0,SPG,1d
2023-12-11 00:00:00+00:00,134.77999877929688,134.77999877929688,134.80999755859375,132.24000549316406,132.5,1452900.0,SPG,1d
2023-12-12 00:00:00+00:00,134.49000549316406,134.49000549316406,135.1199951171875,134.17999267578125,134.41000366210938,1330500.0,SPG,1d
2023-12-13 00:00:00+00:00,139.25999450683594,139.25999450683594,139.61000061035156,133.11000061035156,134.49000549316406,2192300.0,SPG,1d
2023-12-14 00:00:00+00:00,146.5800018310547,146.5800018310547,146.58999633789062,140.52000427246094,140.7100067138672,2874700.0,SPG,1d
2023-12-15 00:00:00+00:00,144.35000610351562,144.35000610351562,146.41000366210938,143.42999267578125,145.55999755859375,3723300.0,SPG,1d
2023-12-18 00:00:00+00:00,143.6199951171875,143.6199951171875,145.25999450683594,143.25999450683594,145.25999450683594,1425900.0,SPG,1d
2023-12-19 00:00:00+00:00,145.16000366210938,145.16000366210938,145.85000610351562,143.5,143.91000366210938,1318900.0,SPG,1d
2023-12-20 00:00:00+00:00,144.11000061035156,144.11000061035156,146.91000366210938,144.02999877929688,145.16000366210938,1215800.0,SPG,1d
2023-12-21 00:00:00+00:00,142.22000122070312,142.22000122070312,145.19000244140625,141.0500030517578,145.07000732421875,2114000.0,SPG,1d
2023-12-22 00:00:00+00:00,142.3000030517578,142.3000030517578,143.35000610351562,141.97999572753906,142.39999389648438,1191500.0,SPG,1d
2023-12-26 00:00:00+00:00,143.66000366210938,143.66000366210938,143.88999938964844,142.0,142.3000030517578,786300.0,SPG,1d
2023-12-27 00:00:00+00:00,143.6699981689453,143.6699981689453,144.38999938964844,143.0800018310547,143.86000061035156,1185300.0,SPG,1d
2023-12-28 00:00:00+00:00,144.27999877929688,144.27999877929688,144.35000610351562,142.8300018310547,143.0,997500.0,SPG,1d
2023-12-29 00:00:00+00:00,142.63999938964844,142.63999938964844,144.11000061035156,142.3800048828125,143.69000244140625,1227800.0,SPG,1d
2024-01-02 00:00:00+00:00,143.02999877929688,143.02999877929688,144.02999877929688,141.0,141.97999572753906,1162900.0,SPG,1d
2024-01-03 00:00:00+00:00,140.08999633789062,140.08999633789062,142.0,139.36000061035156,141.5800018310547,1248500.0,SPG,1d
2024-01-04 00:00:00+00:00,140.25999450683594,140.25999450683594,141.41000366210938,139.47000122070312,140.0399932861328,1162300.0,SPG,1d
2024-01-05 00:00:00+00:00,140.64999389648438,140.64999389648438,141.9499969482422,138.75999450683594,139.5500030517578,1187200.0,SPG,1d
2024-01-08 00:00:00+00:00,142.3000030517578,142.3000030517578,142.5,140.25999450683594,140.9199981689453,1232800.0,SPG,1d
2024-01-09 00:00:00+00:00,142.14999389648438,142.14999389648438,142.3800048828125,140.25,141.00999450683594,897800.0,SPG,1d
2024-01-10 00:00:00+00:00,144.67999267578125,144.67999267578125,145.3000030517578,142.3800048828125,142.52999877929688,1675700.0,SPG,1d
2024-01-11 00:00:00+00:00,144.3800048828125,144.3800048828125,145.25,142.72999572753906,143.77999877929688,1554900.0,SPG,1d
2024-01-12 00:00:00+00:00,146.6199951171875,146.6199951171875,146.6300048828125,144.44000244140625,145.5,1641900.0,SPG,1d
2024-01-16 00:00:00+00:00,145.52999877929688,145.52999877929688,146.52000427246094,144.6300048828125,145.6300048828125,1934700.0,SPG,1d
2024-01-17 00:00:00+00:00,142.1199951171875,142.1199951171875,145.83999633789062,140.88999938964844,143.6300048828125,1591800.0,SPG,1d
2024-01-18 00:00:00+00:00,141.8300018310547,141.8300018310547,142.97000122070312,139.91000366210938,142.4600067138672,1214600.0,SPG,1d
2024-01-19 00:00:00+00:00,141.6199951171875,141.6199951171875,142.5399932861328,140.19000244140625,142.44000244140625,1550500.0,SPG,1d
2024-01-22 00:00:00+00:00,142.02000427246094,142.02000427246094,143.9499969482422,141.86000061035156,142.8300018310547,1611800.0,SPG,1d
2024-01-23 00:00:00+00:00,142.60000610351562,142.60000610351562,143.5,141.08999633789062,142.7100067138672,1138600.0,SPG,1d
2024-01-24 00:00:00+00:00,141.49000549316406,141.49000549316406,144.1199951171875,140.85000610351562,144.08999633789062,1364600.0,SPG,1d
2024-01-25 00:00:00+00:00,142.8300018310547,142.8300018310547,143.91000366210938,141.77000427246094,143.50999450683594,1139000.0,SPG,1d
2024-01-26 00:00:00+00:00,141.9600067138672,141.9600067138672,143.27999877929688,141.72999572753906,143.1999969482422,1010300.0,SPG,1d
2024-01-29 00:00:00+00:00,141.72999572753906,141.72999572753906,141.86000061035156,140.2100067138672,141.86000061035156,1305400.0,SPG,1d
2024-01-30 00:00:00+00:00,139.24000549316406,139.24000549316406,141.52000427246094,139.22000122070312,141.2899932861328,2234500.0,SPG,1d
2024-01-31 00:00:00+00:00,138.61000061035156,138.61000061035156,140.58999633789062,137.58999633789062,139.6999969482422,2292600.0,SPG,1d
2024-02-01 00:00:00+00:00,139.39999389648438,139.39999389648438,139.4199981689453,136.74000549316406,138.32000732421875,2139500.0,SPG,1d
2024-02-02 00:00:00+00:00,137.94000244140625,137.94000244140625,138.99000549316406,135.47999572753906,137.3800048828125,2028100.0,SPG,1d
2024-02-05 00:00:00+00:00,136.7899932861328,136.7899932861328,138.02000427246094,135.14999389648438,136.36000061035156,2333000.0,SPG,1d
2024-02-06 00:00:00+00:00,143.38999938964844,143.38999938964844,144.75999450683594,137.25,137.49000549316406,3199700.0,SPG,1d
2024-02-07 00:00:00+00:00,143.44000244140625,143.44000244140625,144.69000244140625,142.4499969482422,144.0,1803100.0,SPG,1d
2024-02-08 00:00:00+00:00,144.10000610351562,144.10000610351562,144.6699981689453,141.7899932861328,143.05999755859375,1226900.0,SPG,1d
2024-02-09 00:00:00+00:00,146.92999267578125,146.92999267578125,147.3699951171875,144.05999755859375,145.27000427246094,2222400.0,SPG,1d
2024-02-12 00:00:00+00:00,145.6999969482422,145.6999969482422,147.49000549316406,145.11000061035156,146.99000549316406,1554500.0,SPG,1d
2024-02-13 00:00:00+00:00,143.52000427246094,143.52000427246094,143.5500030517578,140.3000030517578,142.49000549316406,1567200.0,SPG,1d
2024-02-14 00:00:00+00:00,142.86000061035156,142.86000061035156,144.4199981689453,141.83999633789062,144.0500030517578,1454000.0,SPG,1d
2024-02-15 00:00:00+00:00,148.0,148.0,148.55999755859375,144.16000366210938,144.16000366210938,1474900.0,SPG,1d
2024-02-16 00:00:00+00:00,149.9600067138672,149.9600067138672,150.66000366210938,145.8699951171875,146.22999572753906,1791600.0,SPG,1d
2024-02-20 00:00:00+00:00,148.89999389648438,148.89999389648438,150.25,147.94000244140625,149.10000610351562,1221900.0,SPG,1d
2024-02-21 00:00:00+00:00,150.27999877929688,150.27999877929688,150.9199981689453,148.17999267578125,149.14999389648438,1038300.0,SPG,1d
2024-02-22 00:00:00+00:00,151.50999450683594,151.50999450683594,153.11000061035156,150.00999450683594,150.97000122070312,1658300.0,SPG,1d
2024-02-23 00:00:00+00:00,150.35000610351562,150.35000610351562,151.75,150.33999633789062,151.42999267578125,854900.0,SPG,1d
2024-02-26 00:00:00+00:00,149.52999877929688,149.52999877929688,151.6199951171875,149.5,150.38999938964844,1108900.0,SPG,1d
2024-02-27 00:00:00+00:00,149.6999969482422,149.6999969482422,151.8699951171875,149.19000244140625,150.27999877929688,1250900.0,SPG,1d
2024-02-28 00:00:00+00:00,149.86000061035156,149.86000061035156,151.1199951171875,148.32000732421875,148.99000549316406,1613300.0,SPG,1d
2024-02-29 00:00:00+00:00,148.13999938964844,148.13999938964844,151.3699951171875,147.1699981689453,151.1699981689453,3365300.0,SPG,1d
2024-03-01 00:00:00+00:00,150.44000244140625,150.44000244140625,150.6999969482422,146.3300018310547,147.94000244140625,1240500.0,SPG,1d
2024-03-04 00:00:00+00:00,152.41000366210938,152.41000366210938,152.72999572753906,149.89999389648438,150.44000244140625,1440800.0,SPG,1d
2024-03-05 00:00:00+00:00,149.86000061035156,149.86000061035156,153.5,149.49000549316406,151.77999877929688,1696200.0,SPG,1d
2024-03-06 00:00:00+00:00,152.32000732421875,152.32000732421875,152.74000549316406,150.02000427246094,150.58999633789062,1863300.0,SPG,1d
2024-03-07 00:00:00+00:00,149.6999969482422,149.6999969482422,151.3300018310547,147.91000366210938,150.99000549316406,1878700.0,SPG,1d
2024-03-08 00:00:00+00:00,150.9600067138672,150.9600067138672,151.89999389648438,150.10000610351562,150.50999450683594,1044600.0,SPG,1d
2024-03-11 00:00:00+00:00,149.8000030517578,149.8000030517578,151.6699981689453,148.07000732421875,150.61000061035156,1237500.0,SPG,1d
2024-03-12 00:00:00+00:00,150.60000610351562,150.60000610351562,151.4199981689453,149.5399932861328,149.8000030517578,2038100.0,SPG,1d
2024-03-13 00:00:00+00:00,151.49000549316406,151.49000549316406,153.2100067138672,149.91000366210938,150.55999755859375,1161800.0,SPG,1d
2024-03-14 00:00:00+00:00,149.36000061035156,149.36000061035156,150.89999389648438,147.85000610351562,150.6199951171875,1549900.0,SPG,1d
2024-03-15 00:00:00+00:00,150.77000427246094,150.77000427246094,151.27000427246094,148.2899932861328,148.2899932861328,2984200.0,SPG,1d
2024-03-18 00:00:00+00:00,151.9499969482422,151.9499969482422,152.25,150.6300048828125,151.0,1152900.0,SPG,1d
2024-03-19 00:00:00+00:00,154.10000610351562,154.10000610351562,154.2100067138672,152.25,152.5,1536300.0,SPG,1d
2024-03-20 00:00:00+00:00,155.39999389648438,155.39999389648438,155.80999755859375,153.0,153.1999969482422,1995300.0,SPG,1d
2024-03-21 00:00:00+00:00,155.80999755859375,155.80999755859375,157.82000732421875,154.8300018310547,156.1999969482422,1451700.0,SPG,1d
2024-03-22 00:00:00+00:00,151.86000061035156,151.86000061035156,156.07000732421875,151.72999572753906,155.80999755859375,1366500.0,SPG,1d
2024-03-25 00:00:00+00:00,151.05999755859375,151.05999755859375,153.4499969482422,150.9600067138672,152.63999938964844,1084400.0,SPG,1d
2024-03-26 00:00:00+00:00,150.6699981689453,150.6699981689453,152.47999572753906,150.66000366210938,151.33999633789062,1475700.0,SPG,1d
2024-03-27 00:00:00+00:00,154.3300018310547,154.3300018310547,154.36000061035156,151.72000122070312,152.1999969482422,1330000.0,SPG,1d
2024-03-28 00:00:00+00:00,156.49000549316406,156.49000549316406,156.86000061035156,154.6999969482422,154.7899932861328,1904800.0,SPG,1d
2024-04-01 00:00:00+00:00,153.47999572753906,153.47999572753906,156.25,153.00999450683594,156.0800018310547,928800.0,SPG,1d
2024-04-02 00:00:00+00:00,150.0399932861328,150.0399932861328,152.38999938964844,149.39999389648438,152.25999450683594,1595700.0,SPG,1d
2024-04-03 00:00:00+00:00,149.75,149.75,150.88999938964844,149.39999389648438,150.0800018310547,1253000.0,SPG,1d
2024-04-04 00:00:00+00:00,147.9499969482422,147.9499969482422,151.75,147.4199981689453,151.0,1172800.0,SPG,1d
2024-04-05 00:00:00+00:00,150.14999389648438,150.14999389648438,150.57000732421875,147.6699981689453,148.02000427246094,917700.0,SPG,1d
2024-04-08 00:00:00+00:00,150.36000061035156,150.36000061035156,150.66000366210938,149.25999450683594,150.3000030517578,1000000.0,SPG,1d
2024-04-09 00:00:00+00:00,150.19000244140625,150.19000244140625,151.0800018310547,147.86000061035156,150.50999450683594,1008000.0,SPG,1d
2024-04-10 00:00:00+00:00,145.5500030517578,145.5500030517578,147.0,144.55999755859375,146.27999877929688,1474600.0,SPG,1d
2024-04-11 00:00:00+00:00,146.86000061035156,146.86000061035156,148.1999969482422,144.64999389648438,146.47999572753906,1333600.0,SPG,1d
2024-04-12 00:00:00+00:00,144.80999755859375,144.80999755859375,146.75,143.82000732421875,146.13999938964844,1128000.0,SPG,1d
2024-04-15 00:00:00+00:00,142.38999938964844,142.38999938964844,146.24000549316406,141.36000061035156,146.24000549316406,1237700.0,SPG,1d
2024-04-16 00:00:00+00:00,140.35000610351562,140.35000610351562,142.07000732421875,139.5399932861328,141.94000244140625,1301600.0,SPG,1d
2024-04-17 00:00:00+00:00,140.94000244140625,140.94000244140625,142.19000244140625,140.1300048828125,140.9600067138672,1019700.0,SPG,1d
2024-04-18 00:00:00+00:00,140.3699951171875,140.3699951171875,142.05999755859375,140.0,141.66000366210938,1046100.0,SPG,1d
2024-04-19 00:00:00+00:00,140.44000244140625,140.44000244140625,141.5,139.8300018310547,141.33999633789062,1116100.0,SPG,1d
2024-04-22 00:00:00+00:00,142.41000366210938,142.41000366210938,143.47999572753906,140.13999938964844,141.0,984400.0,SPG,1d
2024-04-23 00:00:00+00:00,143.77999877929688,143.77999877929688,144.47000122070312,142.50999450683594,142.50999450683594,877400.0,SPG,1d
2024-04-24 00:00:00+00:00,142.80999755859375,142.80999755859375,143.72999572753906,141.6199951171875,143.10000610351562,1110000.0,SPG,1d
2024-04-25 00:00:00+00:00,142.72999572753906,142.72999572753906,143.72000122070312,140.58999633789062,141.24000549316406,1741000.0,SPG,1d
2024-04-26 00:00:00+00:00,142.36000061035156,142.36000061035156,144.4600067138672,142.30999755859375,143.0500030517578,1026200.0,SPG,1d
2024-04-29 00:00:00+00:00,144.8300018310547,144.8300018310547,144.83999633789062,142.6999969482422,143.83999633789062,1111000.0,SPG,1d
2024-04-30 00:00:00+00:00,140.52999877929688,140.52999877929688,144.50999450683594,140.22999572753906,143.3300018310547,1835400.0,SPG,1d
2024-05-01 00:00:00+00:00,140.17999267578125,140.17999267578125,142.82000732421875,139.25,140.33999633789062,1355900.0,SPG,1d
2024-05-02 00:00:00+00:00,141.36000061035156,141.36000061035156,141.99000549316406,139.30999755859375,141.5500030517578,1829400.0,SPG,1d
2024-05-03 00:00:00+00:00,142.92999267578125,142.92999267578125,144.47000122070312,141.88999938964844,143.0,1257400.0,SPG,1d
2024-05-06 00:00:00+00:00,144.44000244140625,144.44000244140625,145.4499969482422,143.5,144.27999877929688,1598800.0,SPG,1d
2024-05-07 00:00:00+00:00,147.9499969482422,147.9499969482422,151.47999572753906,144.74000549316406,146.75999450683594,2682400.0,SPG,1d
2024-05-08 00:00:00+00:00,147.8800048828125,147.8800048828125,149.0399932861328,146.72999572753906,146.91000366210938,1490800.0,SPG,1d
2024-05-09 00:00:00+00:00,149.1300048828125,149.1300048828125,150.27999877929688,147.91000366210938,148.5399932861328,1364800.0,SPG,1d
2024-05-10 00:00:00+00:00,147.72000122070312,147.72000122070312,150.0,147.60000610351562,149.7100067138672,1305300.0,SPG,1d
2024-05-13 00:00:00+00:00,146.97000122070312,146.97000122070312,148.72000122070312,146.0,148.14999389648438,1381700.0,SPG,1d
2024-05-14 00:00:00+00:00,149.5399932861328,149.5399932861328,149.72000122070312,147.3300018310547,147.5500030517578,1087800.0,SPG,1d
2024-05-15 00:00:00+00:00,150.25,150.25,152.24000549316406,149.9499969482422,151.99000549316406,1005600.0,SPG,1d
2024-05-16 00:00:00+00:00,148.66000366210938,148.66000366210938,151.47999572753906,148.3699951171875,150.25,1802200.0,SPG,1d
2024-05-17 00:00:00+00:00,148.7899932861328,148.7899932861328,149.64999389648438,148.10000610351562,149.64999389648438,1258400.0,SPG,1d
2024-05-20 00:00:00+00:00,146.3699951171875,146.3699951171875,148.97000122070312,146.11000061035156,148.75999450683594,851700.0,SPG,1d
2024-05-21 00:00:00+00:00,147.97000122070312,147.97000122070312,148.13999938964844,145.97000122070312,146.1999969482422,1101900.0,SPG,1d
2024-05-22 00:00:00+00:00,146.19000244140625,146.19000244140625,148.2100067138672,145.6300048828125,147.49000549316406,734400.0,SPG,1d
2024-05-23 00:00:00+00:00,144.66000366210938,144.66000366210938,146.47999572753906,144.55999755859375,146.27999877929688,1091000.0,SPG,1d
2024-05-24 00:00:00+00:00,147.8800048828125,147.8800048828125,148.25999450683594,146.00999450683594,146.67999267578125,1410900.0,SPG,1d
2024-05-28 00:00:00+00:00,147.17999267578125,147.17999267578125,149.4199981689453,146.83999633789062,148.89999389648438,1187200.0,SPG,1d
2024-05-29 00:00:00+00:00,147.10000610351562,147.10000610351562,147.3699951171875,145.5800018310547,146.05999755859375,1131000.0,SPG,1d
2024-05-30 00:00:00+00:00,148.44000244140625,148.44000244140625,148.8699951171875,147.50999450683594,148.10000610351562,1088100.0,SPG,1d
2024-05-31 00:00:00+00:00,151.30999755859375,151.30999755859375,151.49000549316406,148.7899932861328,149.42999267578125,2376200.0,SPG,1d
2024-06-03 00:00:00+00:00,151.60000610351562,151.60000610351562,152.24000549316406,149.9600067138672,151.35000610351562,1770900.0,SPG,1d
2024-06-04 00:00:00+00:00,152.47000122070312,152.47000122070312,153.00999450683594,151.1199951171875,151.1199951171875,1208100.0,SPG,1d
2024-06-05 00:00:00+00:00,153.4499969482422,153.4499969482422,153.50999450683594,151.85000610351562,152.8800048828125,1480600.0,SPG,1d
2024-06-06 00:00:00+00:00,153.77999877929688,153.77999877929688,154.60000610351562,152.8000030517578,152.80999755859375,1686200.0,SPG,1d
2024-06-07 00:00:00+00:00,151.7899932861328,151.7899932861328,152.58999633789062,149.44000244140625,150.05999755859375,1776400.0,SPG,1d
2024-06-10 00:00:00+00:00,152.0399932861328,152.0399932861328,152.75,150.52000427246094,151.1999969482422,1962400.0,SPG,1d
2024-06-11 00:00:00+00:00,150.77999877929688,150.77999877929688,151.38999938964844,150.63999938964844,151.24000549316406,2294100.0,SPG,1d
2024-06-12 00:00:00+00:00,153.16000366210938,153.16000366210938,154.8800048828125,152.8300018310547,154.14999389648438,1818000.0,SPG,1d
2024-06-13 00:00:00+00:00,151.8699951171875,151.8699951171875,154.5,151.66000366210938,153.2100067138672,1073400.0,SPG,1d
2024-06-14 00:00:00+00:00,148.8300018310547,148.8300018310547,151.83999633789062,148.2899932861328,150.75,1299200.0,SPG,1d
2024-06-17 00:00:00+00:00,147.6699981689453,147.6699981689453,148.22999572753906,147.05999755859375,148.11000061035156,1211000.0,SPG,1d
2024-06-18 00:00:00+00:00,146.9199981689453,146.9199981689453,148.55999755859375,146.63999938964844,147.8000030517578,1143100.0,SPG,1d
2024-06-20 00:00:00+00:00,146.24000549316406,146.24000549316406,147.52000427246094,145.5,146.4600067138672,1555000.0,SPG,1d
2024-06-21 00:00:00+00:00,146.16000366210938,146.16000366210938,146.57000732421875,144.89999389648438,146.4499969482422,2540600.0,SPG,1d
2024-06-24 00:00:00+00:00,150.4499969482422,150.4499969482422,150.6699981689453,146.08999633789062,146.25,2240800.0,SPG,1d
2024-06-25 00:00:00+00:00,147.8699951171875,147.8699951171875,150.55999755859375,147.00999450683594,150.32000732421875,1885600.0,SPG,1d
2024-06-26 00:00:00+00:00,147.58999633789062,147.58999633789062,148.72999572753906,146.27999877929688,147.00999450683594,1674600.0,SPG,1d
2024-06-27 00:00:00+00:00,149.80999755859375,149.80999755859375,149.97999572753906,147.25999450683594,147.8800048828125,1641300.0,SPG,1d
2024-06-28 00:00:00+00:00,151.8000030517578,151.8000030517578,152.38999938964844,149.6999969482422,150.77000427246094,3709800.0,SPG,1d
2024-07-01 00:00:00+00:00,146.52000427246094,146.52000427246094,151.39999389648438,145.8800048828125,150.5800018310547,1452500.0,SPG,1d
2024-07-02 00:00:00+00:00,147.77999877929688,147.77999877929688,148.41000366210938,146.08999633789062,146.4600067138672,1142300.0,SPG,1d
2024-07-03 00:00:00+00:00,148.25999450683594,148.25999450683594,149.25,147.39999389648438,148.52999877929688,619500.0,SPG,1d
2024-07-05 00:00:00+00:00,146.08999633789062,146.08999633789062,148.10000610351562,145.44000244140625,148.0,962800.0,SPG,1d
2024-07-08 00:00:00+00:00,146.8699951171875,146.8699951171875,147.92999267578125,146.3300018310547,146.77000427246094,784300.0,SPG,1d
2024-07-09 00:00:00+00:00,147.57000732421875,147.57000732421875,149.17999267578125,146.24000549316406,146.63999938964844,1334100.0,SPG,1d
2024-07-10 00:00:00+00:00,148.44000244140625,148.44000244140625,148.52999877929688,146.5,148.08999633789062,719800.0,SPG,1d
2024-07-11 00:00:00+00:00,148.8000030517578,148.8000030517578,151.3000030517578,148.33999633789062,150.6199951171875,1384500.0,SPG,1d
2024-07-12 00:00:00+00:00,149.47999572753906,149.47999572753906,150.77000427246094,148.2899932861328,149.89999389648438,1140700.0,SPG,1d
2024-07-15 00:00:00+00:00,150.05999755859375,150.05999755859375,150.1999969482422,148.2100067138672,149.89999389648438,1187400.0,SPG,1d
2024-07-16 00:00:00+00:00,151.50999450683594,151.50999450683594,151.5500030517578,149.72999572753906,150.8300018310547,1584600.0,SPG,1d
2024-07-17 00:00:00+00:00,154.89999389648438,154.89999389648438,155.5800018310547,150.97000122070312,150.97000122070312,1794100.0,SPG,1d
2024-07-18 00:00:00+00:00,153.11000061035156,153.11000061035156,158.19000244140625,152.75999450683594,154.4600067138672,1226600.0,SPG,1d
2024-07-19 00:00:00+00:00,153.4499969482422,153.4499969482422,154.25,152.6699981689453,153.94000244140625,993100.0,SPG,1d
2024-07-22 00:00:00+00:00,157.74000549316406,157.74000549316406,157.9499969482422,153.47999572753906,153.7100067138672,1708700.0,SPG,1d
2024-07-23 00:00:00+00:00,156.82000732421875,156.82000732421875,158.5,155.89999389648438,157.0,1764900.0,SPG,1d
2024-07-24 00:00:00+00:00,149.88999938964844,149.88999938964844,157.0,149.6699981689453,156.9600067138672,1905900.0,SPG,1d
2024-07-25 00:00:00+00:00,149.30999755859375,149.30999755859375,152.3800048828125,148.4600067138672,150.57000732421875,1118100.0,SPG,1d
2024-07-26 00:00:00+00:00,152.4499969482422,152.4499969482422,153.25,149.7899932861328,150.2899932861328,1032400.0,SPG,1d
2024-07-29 00:00:00+00:00,152.8300018310547,152.8300018310547,153.77999877929688,150.9499969482422,152.6999969482422,784900.0,SPG,1d
2024-07-30 00:00:00+00:00,154.80999755859375,154.80999755859375,155.72999572753906,152.80999755859375,153.33999633789062,964800.0,SPG,1d
2024-07-31 00:00:00+00:00,153.44000244140625,153.44000244140625,155.88999938964844,153.02000427246094,154.3699951171875,1770100.0,SPG,1d
2024-08-01 00:00:00+00:00,153.44000244140625,153.44000244140625,156.61000061035156,151.52000427246094,155.00999450683594,1266500.0,SPG,1d
2024-08-02 00:00:00+00:00,151.07000732421875,151.07000732421875,153.0399932861328,149.5800018310547,152.0,1432900.0,SPG,1d
2024-08-05 00:00:00+00:00,148.0500030517578,148.0500030517578,151.8000030517578,145.74000549316406,148.6199951171875,2049300.0,SPG,1d
2024-08-06 00:00:00+00:00,155.5399932861328,155.5399932861328,156.4199981689453,147.13999938964844,150.11000061035156,1586200.0,SPG,1d
2024-08-07 00:00:00+00:00,152.9199981689453,152.9199981689453,156.88999938964844,152.6300048828125,156.88999938964844,1569200.0,SPG,1d
2024-08-08 00:00:00+00:00,155.16000366210938,155.16000366210938,155.5,153.05999755859375,153.3699951171875,988800.0,SPG,1d
2024-08-09 00:00:00+00:00,158.6699981689453,158.6699981689453,159.72999572753906,154.6999969482422,155.35000610351562,1477700.0,SPG,1d
2024-08-12 00:00:00+00:00,153.10000610351562,153.10000610351562,159.67999267578125,151.77000427246094,157.58999633789062,2035700.0,SPG,1d
2024-08-13 00:00:00+00:00,155.9199981689453,155.9199981689453,156.1199951171875,152.80999755859375,154.3300018310547,1287300.0,SPG,1d
2024-08-14 00:00:00+00:00,156.82000732421875,156.82000732421875,157.77999877929688,155.39999389648438,155.80999755859375,960200.0,SPG,1d
2024-08-15 00:00:00+00:00,157.86000061035156,157.86000061035156,161.3000030517578,157.5,158.0,1853500.0,SPG,1d
2024-08-16 00:00:00+00:00,156.6999969482422,156.6999969482422,159.17999267578125,155.86000061035156,158.0399932861328,1422600.0,SPG,1d
2024-08-19 00:00:00+00:00,159.88999938964844,159.88999938964844,159.92999267578125,156.9499969482422,157.33999633789062,968400.0,SPG,1d
2024-08-20 00:00:00+00:00,159.39999389648438,159.39999389648438,160.35000610351562,158.33999633789062,160.0,910200.0,SPG,1d
2024-08-21 00:00:00+00:00,161.13999938964844,161.13999938964844,161.16000366210938,158.99000549316406,159.61000061035156,882600.0,SPG,1d
2024-08-22 00:00:00+00:00,162.2100067138672,162.2100067138672,162.4600067138672,160.7899932861328,161.38999938964844,881000.0,SPG,1d
2024-08-23 00:00:00+00:00,166.5,166.5,166.9600067138672,162.42999267578125,162.64999389648438,1325800.0,SPG,1d
2024-08-26 00:00:00+00:00,167.36000061035156,167.36000061035156,168.08999633789062,166.4499969482422,167.5,1173600.0,SPG,1d
2024-08-27 00:00:00+00:00,168.0500030517578,168.0500030517578,169.19000244140625,166.0,166.30999755859375,1404200.0,SPG,1d
2024-08-28 00:00:00+00:00,167.7100067138672,167.7100067138672,168.7899932861328,165.92999267578125,168.0399932861328,909900.0,SPG,1d
2024-08-29 00:00:00+00:00,165.5,165.5,168.3300018310547,164.91000366210938,168.0,1296200.0,SPG,1d
2024-08-30 00:00:00+00:00,167.35000610351562,167.35000610351562,167.5,164.97999572753906,166.5399932861328,1747100.0,SPG,1d
2024-09-03 00:00:00+00:00,163.9199981689453,163.9199981689453,165.7899932861328,162.9499969482422,164.0500030517578,1867200.0,SPG,1d
2024-09-04 00:00:00+00:00,165.0800018310547,165.0800018310547,166.44000244140625,163.72999572753906,164.0,1258400.0,SPG,1d
2024-09-05 00:00:00+00:00,164.17999267578125,164.17999267578125,166.89999389648438,163.8699951171875,166.63999938964844,1013500.0,SPG,1d
2024-09-06 00:00:00+00:00,164.5,164.5,165.32000732421875,162.35000610351562,164.57000732421875,1443600.0,SPG,1d
2024-09-09 00:00:00+00:00,161.92999267578125,161.92999267578125,162.41000366210938,159.47000122070312,162.08999633789062,1406600.0,SPG,1d
2024-09-10 00:00:00+00:00,163.9600067138672,163.9600067138672,164.11000061035156,161.1300048828125,162.8000030517578,1155000.0,SPG,1d
2024-09-11 00:00:00+00:00,163.3800048828125,163.3800048828125,164.16000366210938,160.07000732421875,162.39999389648438,1566600.0,SPG,1d
2024-09-12 00:00:00+00:00,163.74000549316406,163.74000549316406,164.5800018310547,161.4199981689453,162.0,1356000.0,SPG,1d
2024-09-13 00:00:00+00:00,164.02000427246094,164.02000427246094,165.85000610351562,162.61000061035156,164.75,2512400.0,SPG,1d
2024-09-16 00:00:00+00:00,164.89999389648438,164.89999389648438,166.8000030517578,164.3000030517578,165.89999389648438,1794000.0,SPG,1d
2024-09-17 00:00:00+00:00,164.35000610351562,164.35000610351562,166.30999755859375,163.9199981689453,164.9199981689453,1288100.0,SPG,1d
2024-09-18 00:00:00+00:00,164.35000610351562,164.35000610351562,166.57000732421875,163.5,164.9199981689453,1786300.0,SPG,1d
